tree
version=v4
num_class=1
num_tree_per_iteration=1
label_index=0
max_feature_idx=38
objective=quantile
feature_names=price_lag_1d return_1d return_3d return_7d return_14d return_30d return_60d price_std_7d price_std_14d price_std_30d price_std_60d price_zscore_30d vol_regime_60_30 trend_divergence_30_60 price_accel_7d price_log price_tier log_return_1d log_return_7d autocorr_1d autocorr_7d bb_pct_b bb_width rsi_14 macd_line macd_signal macd_histogram volume_missing volume_lag_1d volume_lag_7d volume_std_30d volume_mean_60d volume_log_change_1d volume_log_change_7d volume_zscore_30d volume_price_conf_7d volume_price_conf_1d rsi_missing macd_missing
feature_infos=[0.029999999329447746:449.08499145507812] [-99.944244384765625:500] [-99.944244384765625:500] [-99.634101867675781:500] [-99.634101867675781:500] [-99.529632568359375:500] [-99.696243286132812:500] [0:82.714279174804688] [0:60.404327392578125] [0:66.041351318359375] [0:83.876434326171875] [-4.9878606796264648:5.2946515083312988] [0.70178574323654175:3191.88232421875] [-299759592013824:2771.76318359375] [-599.63409423828125:597.15875244140625] [-3.5065579414367676:6.1072120666503906] [0:4] [-7.4919800758361816:7.4919800758361816] [-5.610569953918457:7.4919800758361816] [-49972.125:104660.375] [-49817.05078125:133939.390625] [-0.54071199893951416:1.5621322393417358] [0.0016972259618341923:17.690479278564453] [0:99.998138427734375] [-23.050159454345703:37.798225402832031] [-20.377595901489258:34.973644256591797] [-9.5351839065551758:14.867011070251465] none [1:378600] [1:372357] [0:87607.3984375] [1:297578] [-6.308098316192627:10.422162055969238] [-6.7117404937744141:9.4828834533691406] [-4.9106183052062988:5.2923283576965332] [-99.39617919921875:500] [-99.944244384765625:500] [0:1] [0:1]
tree_sizes=5204 5368 5149 5271 5371 5187 5174 4870 5210 5374 5280

Tree=0
num_leaves=49
num_cat=0
split_feature=1 15 22 2 38 2 11 38 22 1 1 3 31 0 3 22 4 34 34 3 1 15 2 19 34 34 11 12 14 12 12 5 29 31 31 15 12 24 3 9 7 5 2 33 22 32 13 33
split_gain=3356.61 854.737 611.723 447.07 300.313 276.122 133.025 120.243 131.414 113.81 81.6157 73.6551 65.4353 54.2662 52.3847 48.047 38.4873 33.1921 31.3511 29.9376 25.7955 23.0012 21.6208 18.9508 14.2103 12.8516 12.4137 16.0841 11.862 10.6979 10.4411 11.7108 9.0668 9.02993 8.88833 7.92001 7.50375 8.82663 6.43564 6.25478 5.92356 3.35745 2.86575 2.64656 2.22229 1.99153 1.44147 0.446711
threshold=9.4791135787963885 -3.498293280601501 0.33486993610858923 21.965879440307621 1.0000000180025095e-35 11.542535781860353 0.089563962072134032 1.0000000180025095e-35 0.21600311249494555 23.2382345199585 5.0233771800994882 8.5054507255554217 45.175001144409187 0.03024999983608723 45.185478210449226 0.17713466286659243 8.4217143058776873 1.5094250440597536 2.3840564489364628 45.185478210449226 14.759599208831789 -1.1671591401100156 8.8615331649780291 47.141702651977546 -0.43530520796775812 1.0767267346382143 1.4010179042816164 0.7895849645137788 20.201884269714359 0.73783251643180858 0.71558824181556713 9.5963106155395526 125.50000000000001 40.658334732055671 2093.783325195313 -1.4642564654350279 0.71558824181556713 -0.00024411268532276151 -11.110148906707762 0.071172855794429793 0.047653511166572578 1.9804208874702456 -24.041337966918942 0.13200300931930545 0.86368936300277721 1.9832742214202883 1.0003823637962344 0.035521710291504867
decision_type=2 2 2 2 2 2 2 2 2 2 2 2 2 2 2 2 2 2 2 2 2 2 2 2 2 2 2 2 2 2 2 2 2 2 2 2 2 2 2 2 2 2 2 2 2 2 2 2
left_child=1 -1 7 11 5 6 -4 10 34 25 15 22 -10 41 -7 -3 26 20 29 21 -15 -6 24 -12 35 36 27 -11 -20 -18 31 -24 -28 -26 -9 -2 47 -38 -32 -19 -21 45 -43 46 -45 -13 -27 -5
right_child=3 2 4 9 19 14 -8 8 12 16 23 13 -14 17 -16 -17 18 39 28 40 -22 -23 30 -25 33 43 32 -29 -30 -31 38 -33 -34 -35 -36 -37 37 -39 -40 -41 -42 42 -44 44 -46 -47 -48 -49
leaf_value=-7.5541495397652767 -8.3302752826002155 -7.7214103645668333 -7.8407463274979703 -9.780272562219622 -8.3419724533952717 -8.1343049537069501 -8.0187631670338817 -7.7903556725843863 -10.124094538031564 -10.638438504491305 -7.8578431548725929 -8.1052971672414049 -8.638958481975326 -8.0930247004202993 -9.1132384315617134 -7.7822106318904387 -10.809592992579239 -8.1052971672414049 -8.0355951327898243 -9.4344192658322825 -8.4732111963078172 -8.6355563071432417 -8.5680521529017462 -8.0562421482551443 -8.2783711315781705 -10.03073804622047 -10.83036148813331 -8.7361808829176208 -10.585117590915203 -10.283926020402488 -8.470793025639928 -8.2730377632284533 -10.6261676437537 -8.0573712961895012 -8.0562421482551443 -8.0926561599566398 -8.3358526441342597 -8.6952580407895468 -8.099946234711016 -7.8234964692786901 -10.097596055470229 -8.1052971672414049 -8.1052971672414049 -8.1705496112913565 -8.929026010611377 -7.7775877764963059 -8.1404602038811156 -8.686398562677855
leaf_weight=99309.751894295216 843.66679304838181 52413.755076944828 39334.089374542236 61.642309188842773 2797.1561561226845 5187.5926223993301 14456.433507740498 3766.4951953887939 580.52429038286209 79.918159067630768 7524.2555376291275 98.670269727706909 1889.7339447140694 2069.2823765873909 1108.5006073117256 46382.096605718136 1438.9958282113075 371.84213882684708 39.867249011993408 59.747421324253082 1601.2470757365227 2760.1298014521599 60.825687646865845 342.86456137895584 1157.1375948786736 15.04174453020096 150.24350208044052 337.53045922517776 407.1877646446228 1814.2896973490715 259.56586444377899 79.312120914459229 57.087766826152802 1715.8176561594009 107.13753652572632 469.41064238548279 389.78043097257614 1023.069514811039 1072.1776689291 195.14707827568054 119.19259774684906 9.5383439064025861 546.13356214761734 210.07962656021118 86.336850941181183 5.7927900552749625 5.4067091345787039 24.431252956390381
leaf_count=106627 589 64772 24399 9 1085 4062 14348 1691 121 17 8794 83 532 1818 697 54936 296 380 29 33 1228 1187 7 399 790 16 52 155 238 1106 162 9 22 1129 20 333 306 753 981 100 36 5 415 227 49 4 6 11
internal_value=-7.81252 -7.81165 -7.81302 -7.82692 -7.81555 -7.81486 -7.8141 -7.81154 -7.81597 -7.83402 -7.81128 -7.82279 -7.82192 -7.82576 -7.82142 -7.81102 -7.83694 -7.82437 -7.83823 -7.82278 -7.82553 -7.82235 -7.82021 -7.81452 -7.81898 -7.82703 -7.82922 -7.82578 -7.82984 -7.83938 -7.82367 -7.83239 -7.83596 -7.81766 -7.81217 -7.82185 -7.82832 -7.8277 -7.82273 -7.81687 -7.83614 -7.83461 -7.83574 -7.82083 -7.81989 -7.82831 -7.83261 -7.83816
internal_weight=294836 278139 178830 16696.5 65822.8 60086.6 53790.5 113007 6343.89 6140.91 106663 10555.6 2470.26 4897.65 6296.09 98795.9 4325.12 4237.52 3700.34 5736.23 3670.53 5557.29 5657.91 7867.12 4186.03 1815.79 624.78 417.449 447.055 3253.29 1471.88 140.138 207.331 2872.96 3873.63 1313.08 1498.92 1412.85 1331.74 566.989 178.94 660.135 555.672 316.865 296.416 104.463 20.4485 86.0736
internal_count=295064 283739 177112 11325 45847 43506 38747 131265 2364 3292 128901 8033 653 4033 4759 119708 1915 3526 1669 2341 3046 2272 4000 9193 2841 1377 246 172 267 1402 1159 16 74 1919 1711 922 1079 1059 1143 480 69 507 420 298 276 87 22 20
is_linear=0
shrinkage=1


Tree=1
num_leaves=49
num_cat=0
split_feature=17 15 22 2 38 3 37 2 21 2 3 22 17 22 15 17 4 4 3 15 33 15 15 33 17 32 5 32 28 29 21 4 19 7 12 23 7 11 22 29 10 19 22 23 28 9 22 10
split_gain=3157.91 831.247 563.855 431.45 263.672 254.806 160.499 101.124 92.2061 86.1793 79.7997 70.4857 66.8301 49.9052 40.5261 41.324 40.0413 33.4036 28.3029 26.5157 25.6497 23.1976 20.2123 19.6998 13.8741 12.3695 11.4086 9.69621 9.4171 9.25001 9.13829 10.8204 8.37322 8.17287 7.8037 7.15027 6.33717 5.59541 5.42563 5.33734 5.3237 4.87916 4.47401 4.18428 2.69605 2.09606 0.936031 0.72335
threshold=0.090563602745533003 -3.498293280601501 0.34831854701042181 34.055976867675788 1.0000000180025095e-35 16.162512779235843 1.0000000180025095e-35 8.8615331649780291 0.47986330091953283 8.8615331649780291 45.185478210449226 0.21600311249494555 0.20894917100667956 0.19293150305747989 -3.1641684770584102 0.13766930997371676 11.981972694396974 40.015949249267585 45.185478210449226 -1.3384574651718137 0.68388766050338756 -3.0737084150314327 -1.1671591401100156 0.13200300931930545 0.20894917100667956 -0.68262049555778492 2.5650140047073369 0.10678315162658693 91.500000000000014 119.50000000000001 0.84614554047584545 -19.995171546936032 3.5149121284484868 0.39725400507450109 0.76651698350906383 60.003858566284187 0.047653511166572578 0.69572269916534435 0.22553574293851855 125.50000000000001 4.695411443710328 -81.629520416259751 1.397558391094208 46.692735671997077 48.500000000000007 0.027776333503425125 1.397558391094208 1.6625517606735232
decision_type=2 2 2 2 2 2 2 2 2 2 2 2 2 2 2 2 2 2 2 2 2 2 2 2 2 2 2 2 2 2 2 2 2 2 2 2 2 2 2 2 2 2 2 2 2 2 2 2
left_child=1 -1 6 7 5 8 9 16 -4 13 -7 32 33 -3 26 29 25 30 22 -13 42 -11 -6 -17 27 38 43 -18 -27 -16 31 -14 -8 34 45 -22 -20 -36 -2 -32 -28 -26 -19 -9 47 -5 -46 -35
right_child=3 2 4 12 18 10 11 14 -10 21 -12 19 17 -15 15 23 24 20 36 -21 35 -23 -24 -25 41 28 40 -29 -30 -31 39 -33 -34 44 37 -37 -38 -39 -40 -41 -42 -43 -44 -45 46 -47 -48 -49
leaf_value=0.24980710531587619 0.0036738537574938766 0.077626132447648793 -0.028270755331790319 -0.71250688323055356 -0.50999969273605861 -0.2828278915848299 0.014098358226299745 -0.20951823993423421 -0.16314176836407179 -0.21506344024398577 -0.89474323458891036 -1.0582942330885186 -2.7324879427978193 0.020625077083933553 -0.32559483946484519 -0.60497074480846214 -0.43416162933153041 -1.4455500025588723 -1.5682842464669908 -2.0192697438874703 -2.9325107389723875 -0.080088507204494452 -0.79758321658052833 -0.52598719781857506 -0.89660247485927647 -0.32956769865882968 -0.40566661746577987 -0.3289637748415043 -0.19231065937495781 -0.24112456900994056 -2.7942853376329388 -1.1159661891593606 -0.11517756787084886 -1.4429964729953746 -0.82678688659895516 -2.5079012974635408 -2.2095305364159841 -1.365900684164929 -0.55168311747402299 -2.6040002198027992 0.09639096927285655 -1.4625626120210411 -2.8869230387592637 -0.39170968152751462 -1.9872000694461933 -2.1613727402355054 0.14010197106512229 -0.58203229035858828
leaf_weight=99309.751894295216 41.569934904575348 63953.419602930546 37096.489992916584 30.888935089111328 2789.8329499363899 6176.5537659525871 914.27041041851044 71.412713706493378 12267.706231296062 460.53458845615387 2091.0871447324753 871.90125167369843 92.510353922843933 42831.085698843002 1692.7992984056473 1427.3524566292763 684.55915856361389 677.19853264093399 59.747421324253082 977.53226757049561 159.4445139169693 5263.4216397404671 2713.7478621602058 1126.0268785357475 295.89873343706131 2672.7202460169792 860.718885242939 690.29023253917694 1266.5801442265511 761.85472214221954 306.91324442625046 302.32997959852219 243.18141162395477 9.3493127822875959 176.07702934741974 502.89934921264648 119.19259774684906 432.25018429756165 420.13959735631943 84.214417040348053 9.6431846618652326 95.503652274608612 1467.5308958292007 186.73795485496521 37.767591536045074 70.042537212371826 37.825820028781891 5.4260388016700736
leaf_count=106627 44 76771 22555 27 1077 5320 315 49 11455 522 1294 133 29 50120 1464 1107 588 485 33 125 49 6125 1173 895 163 1924 697 536 771 742 183 109 58 8 86 273 36 325 250 49 1 50 215 150 22 18 10 6
internal_value=4.21702e-05 0.000880759 -0.000466352 -0.0139258 -0.00297453 -0.00230395 0.000908258 -0.0107454 -0.0014036 0.00110992 -0.00767694 -0.00662968 -0.0228256 0.00132193 -0.0137548 -0.0124647 -0.0077466 -0.0247581 -0.00977095 -0.0106335 -0.0264668 -0.0028419 -0.0093416 -0.0154221 -0.0119625 -0.00604855 -0.0194491 -0.0103545 -0.00543756 -0.00937668 -0.0186085 -0.014853 -0.000214246 -0.0141015 -0.0153045 -0.0206108 -0.0227591 -0.013783 -0.0112028 -0.0223098 -0.0213016 -0.0175277 -0.0282571 -0.0130817 -0.00441406 -0.0240877 -0.00155434 -0.0169708
internal_weight=294836 278139 178830 16696.5 63314.4 57631.8 115515 12303.8 49364.2 112508 8267.64 3006.89 4392.67 106785 6136.55 5008.03 6167.26 3593.04 5682.52 1849.43 2807.07 5723.96 5503.58 2553.38 1766.25 4401.01 1128.51 1374.85 3939.3 2454.65 785.968 394.84 1157.45 799.627 709.259 662.344 178.94 608.327 461.71 391.128 870.362 391.402 2144.73 258.151 90.3688 100.931 75.5934 14.7754
internal_count=295064 283739 177112 11325 42943 40624 134169 9431 34010 133538 6614 631 1894 126891 5105 4208 4326 1392 2319 258 1022 6647 2250 2002 1337 2989 897 1124 2695 2206 370 138 373 502 456 322 69 411 294 232 698 213 700 199 46 45 32 14
is_linear=0
shrinkage=0.0330689


Tree=2
num_leaves=47
num_cat=0
split_feature=1 15 3 3 38 5 1 9 1 3 15 23 31 1 33 30 34 34 28 24 21 7 15 7 3 1 3 5 19 1 9 19 21 13 23 12 21 7 34 23 35 12 7 19 21 23
split_gain=2941.01 811.954 427.235 392.71 370.366 159.749 111.064 89.2427 84.7952 73.0327 66.4572 64.1478 53.0673 46.2336 35.2242 35.2023 34.8149 25.8636 25.8258 23.9073 19.5698 19.01 18.7565 15.5872 15.4785 13.466 11.3118 10.8055 10.3828 10.2465 10.1418 10.1252 8.508 9.87782 6.87153 6.62161 6.2909 4.68461 4.13723 5.45236 3.37678 2.92211 2.80573 1.68492 3.19898 0.974499
threshold=9.4791135787963885 -3.498293280601501 45.185478210449226 22.67962741851807 1.0000000180025095e-35 32.078548431396491 3.7750099897384648 0.006199972005560995 14.759599208831789 45.185478210449226 -3.3740954399108882 49.55690002441407 24.305171966552738 23.2382345199585 0.75999823212623607 333.72451782226568 0.78077793121337902 -0.11601413786411284 39.500000000000007 -0.0013159877853468058 0.43734486401081091 0.11064486205577852 -2.4163178205490108 0.033886980265378959 16.162512779235843 -8.5905084609985334 14.132607936859133 56.768253326416023 2.502293705940247 23.2382345199585 0.035601176321506507 25.409186363220218 0.69445210695266735 1.0003823637962344 50.602659225463874 0.76651698350906383 0.60837551951408397 0.02096482273191214 1.0767267346382143 49.55690002441407 -6.057257652282714 1.0000014305114748 0.0090917940251529234 -180.36164093017575 0.95039513707160961 44.512735366821296
decision_type=2 2 2 2 2 2 2 2 2 2 2 2 2 2 2 2 2 2 2 2 2 2 2 2 2 2 2 2 2 2 2 2 2 2 2 2 2 2 2 2 2 2 2 2 2 2
left_child=1 -1 8 4 5 6 -3 15 10 18 20 21 -9 38 27 -6 24 31 35 41 40 26 -7 -21 -13 -20 -10 34 -19 -18 -22 -12 -16 -34 -15 -5 -23 -29 39 45 -2 -11 -41 -40 -45 -4
right_child=2 3 13 9 7 22 -8 12 11 19 17 16 -14 14 32 -17 29 28 25 23 30 36 -24 -25 -26 -27 -28 37 -30 -31 -32 -33 33 -35 -36 -37 -38 -39 43 42 -42 -43 -44 44 -46 -47
leaf_value=0.24154626939545881 0.092655526796993959 0.041475985822141223 -0.97220688328612481 -0.56687284646387948 0.031612928243085973 -0.41361703221987373 -0.06012232917637346 -2.0576892436037122 -0.72499323442509778 0.0038511664004750559 -0.31479056975583114 -0.77163120019563236 -0.57684328296340037 -2.3278699391326203 -0.63207658265849631 -1.3042515897345892 -0.28037461865094121 -0.13009878237535683 -0.49982825415547805 -0.7713427212600098 -0.10759753093626793 -0.19512222820846542 -0.12744463683866683 -1.2700437027157836 -0.62349885826239837 -0.16681273275686395 -0.76385001791885254 -1.2752849563870405 -0.25330470215119061 -0.58808214372208756 -0.11165589165253936 -0.46217032953759823 -2.7968093872429156 -1.4370837683865543 -1.8022237134219132 -0.42723578516003158 -1.8611940763523946 -2.7964795914467784 0.070018558458596114 -1.0545076786694274 -0.10665523340923939 -0.94392761785785173 -1.3952026271259301 -1.6927095269714303 -0.86683438519167966 0.0024119581092221266
leaf_weight=99309.751894295216 36.216749131679535 131368.09624755383 10.898138165473936 202.55404090881348 2331.2574857473373 1904.7486736774445 19280.409390866756 702.74396455287933 1082.1403298377991 96.160135865211487 2186.8688910007477 1914.6677779555321 8563.598011136055 61.685734391212463 43.512240409851074 155.45534443855286 563.3936864733696 2057.0975740551949 243.79161983728409 817.98425024747849 342.60939067602158 452.04219150543213 8109.6195548772812 1296.989427447319 1750.6420863866806 2399.7308216094971 278.19374078512192 170.82579988241196 944.990747153759 393.06568789482117 135.00458526611328 840.57549953460693 448.60712212324142 168.6922093629837 449.86358845233917 1296.7320883274078 55.779734969139099 1666.7443614006042 11.682074904441832 82.498947739601135 59.620557427406311 59.833780229091644 357.63801002502441 16.866802155971527 88.437577664852142 25.614692449569702
leaf_count=106627 17 139920 7 84 992 1458 19253 217 667 30 1857 1163 3293 31 8 52 497 1667 185 561 349 168 6832 733 1415 2352 161 100 864 298 14 611 208 101 222 1110 22 406 4 66 44 40 252 12 82 12
internal_value=9.97999e-05 0.000909079 -0.0133799 -0.000422306 -0.000123301 0.000291154 0.000560108 -0.00578979 -0.010601 -0.00845635 -0.00795416 -0.0132897 -0.00728246 -0.0234662 -0.025141 -0.000220257 -0.0153845 -0.00692438 -0.00583423 -0.0132278 -0.018722 -0.00809295 -0.00375279 -0.0141492 -0.0168583 -0.00385484 -0.0101343 -0.0270606 -0.0047353 -0.00970783 -0.0214651 -0.0090874 -0.0182614 -0.0192634 -0.0225133 -0.00930834 -0.00258287 -0.0283045 -0.0149191 -0.0163402 -0.00480015 -0.000618885 -0.017368 -0.0088993 -0.0102407 -0.00337706
internal_weight=294836 278139 16696.5 178830 172416 160663 150649 11753.1 13092.9 6413.78 6602.98 6489.93 9266.34 3603.57 3009.93 2486.71 4621.77 6029.53 4142.81 2270.97 573.451 1868.16 10014.4 2114.97 3665.31 2643.52 1360.33 2349.12 3002.09 956.459 477.614 3027.44 660.812 617.299 511.549 1499.29 507.822 1837.57 593.636 476.65 95.8373 155.994 440.137 116.986 105.304 36.5128
internal_count=295064 283739 11325 177112 172017 167463 159173 4554 9814 5095 5423 4391 3510 1511 1076 1044 3373 4999 3731 1364 424 1018 8290 1294 2578 2537 828 759 2531 795 363 2468 317 309 253 1194 190 506 435 337 61 70 318 98 94 19
is_linear=0
shrinkage=0.0330689


Tree=3
num_leaves=48
num_cat=0
split_feature=2 15 1 22 38 1 6 1 12 2 1 31 34 23 4 4 1 33 34 33 15 21 29 1 11 0 0 22 30 1 15 22 15 26 7 30 30 7 10 2 19 24 26 30 12 10 12
split_gain=2833.98 758.904 609.038 452.613 317.484 265.963 125.4 68.5439 58.3644 58.1403 55.6448 38.786 38.6802 37.3913 34.2899 31.6395 30.9391 28.9942 26.2354 24.5148 20.7927 20.4124 16.4368 13.0055 14.2769 11.7387 11.7169 11.2197 11.1567 9.32271 15.1038 9.09032 7.7009 7.64223 7.40133 7.30531 6.0996 5.88062 4.34664 4.12118 3.39552 3.33625 3.15319 2.46655 1.83714 1.3056 0.931497
threshold=11.542535781860353 -3.498293280601501 23.2382345199585 0.21600311249494555 1.0000000180025095e-35 8.0890612602233904 47.541807174682624 9.4791135787963885 0.76651698350906383 34.055976867675788 5.0233771800994882 14.672316551208498 1.5094250440597536 39.599939346313484 8.4217143058776873 14.290558338165285 -8.5905084609985334 0.3716017901897431 0.31960773468017584 1.2042430043220522 -3.263633012771606 0.69445210695266735 196.50000000000003 -18.503632545471188 0.91318401694297802 0.039250001311302192 0.062249999493360526 2.5542645454406743 184.0856857299805 6.9770436286926278 -3.3740954399108882 0.15304718911647799 -2.4739711284637447 -0.09379506483674048 0.20926556736230853 64.233142852783217 904.69653320312511 0.02096482273191214 0.23103972524404529 6.0246665477752694 3.5149121284484868 0.0077492569107562312 -0.00053437374299392093 11.342347621917726 0.71558824181556713 0.0068346490152180204 0.98903188109397899
decision_type=2 2 2 2 2 2 2 2 2 2 2 2 2 2 2 2 2 2 2 2 2 2 2 2 2 2 2 2 2 2 2 2 2 2 2 2 2 2 2 2 2 2 2 2 2 2 2
left_child=1 -1 7 10 5 6 -5 9 19 18 31 13 20 -6 -7 21 -13 37 22 33 28 38 -2 34 -25 45 -19 -22 -9 40 -31 39 -20 -4 -11 -27 -33 -17 -10 -3 -12 -23 46 -44 -35 -21 -14
right_child=2 3 8 4 11 14 -8 12 15 23 29 16 42 -15 -16 17 -18 26 32 25 27 41 -24 24 -26 35 -28 -29 -30 30 -32 36 -34 44 -36 -37 -38 -39 -40 -41 -42 -43 43 -45 -46 -47 -48
leaf_value=0.23355860989257279 -0.3120981893705167 0.088755933891883576 -0.99069733681827366 -0.011177769459951713 -0.67247761695546937 -0.21657953318756978 -0.21198437918112936 -0.24908137111669473 -0.72698280703522944 -1.3032448327025539 0.0042822779600618973 -0.74671218988245869 0.00086080250939473627 -2.5659312622758228 -0.4092684735142757 -0.989111297662712 -0.62966016542337344 -1.8912160378188752 -0.20792901661751229 -1.2800984222190828 -0.50516584057953307 -2.5437195845415976 -0.20954848519997113 -0.61493095693371824 -1.1161733431600154 -2.591023112460098 -0.94717642255184242 -0.91009921051711939 -0.18169273634711314 -0.10390519800873489 -0.067334932650565948 0.059466065432739412 -0.088830207970514205 -2.7266884009602173 -2.7453287858066822 -1.0068841225404386 -0.097950959990179304 -2.5642669625715229 -0.071179014376474573 0.027961422056436543 -0.051082261321501128 -0.19079999897416625 -0.50209027472189227 -0.2296872180324519 -2.67958586377571 -2.4053182260312198 -0.27885272093119035
leaf_weight=99309.751894295216 4630.1370823979378 41623.728793859482 38.572738647460938 74692.550122320652 107.58545714616776 4007.5865536928177 9205.8886578679085 396.72135663032532 288.77357804775238 166.41863596439362 2329.0341421961784 2364.3568136692047 78.675985753536224 274.00637340545654 2918.4661949872971 598.4688515663147 5781.4182774424553 355.02770608663559 763.34591054916382 22.453615128993988 3273.9642274975777 411.0939713716507 1211.4916893839836 475.52809339761734 747.19161492586136 29.98778235912323 395.62323087453842 342.79631865024567 69.382538139820099 104.40487176179886 2175.9918152093887 28081.515286266804 1594.8855608701706 1171.0398361086845 85.946787357330322 102.18471199274063 207.56337231397629 670.43503946065903 57.413888454437256 1846.4692415595055 714.25301158428192 16.933204233646393 69.370620608329773 437.2697679400444 503.03650450706482 61.058272361755371 26.133259952068329
leaf_count=106627 3841 49390 4 67165 32 3033 7492 317 162 53 2619 715 22 51 2342 427 2143 222 580 22 2831 206 1225 201 540 8 297 60 51 119 2489 33550 1599 183 15 42 212 380 23 2195 792 13 61 476 202 9 26
internal_value=0.000141171 0.000994328 -0.0121799 -0.000307145 -0.00178252 -0.00120947 -0.000695051 -0.00879102 -0.0224846 -0.00719446 0.00159424 -0.00788328 -0.0120758 -0.0182097 -0.00743744 -0.0193926 -0.00739533 -0.0215906 -0.00610207 -0.0269433 -0.0132393 -0.0136174 -0.00729272 -0.0132475 -0.0117853 -0.0161294 -0.0163292 -0.0123729 -0.0198859 -0.0016659 -0.00326526 0.00183636 -0.00314384 -0.0282852 -0.0201922 -0.00967685 0.00137325 -0.0246747 -0.00753323 0.00213732 -0.000461359 -0.0184708 -0.00427019 -0.00535307 -0.028632 -0.0259108 0.000809221
internal_weight=294836 275745 19091.4 176435 99351.9 90824.5 83898.4 14369.3 4722.1 9674.95 77083 8527.37 4694.31 381.592 6926.05 2793.77 8145.78 2019.55 8199.86 1928.33 4082.86 774.215 5841.63 1475.09 1222.72 215.684 750.651 3616.76 466.104 5323.68 2280.4 71759.3 2358.23 1712.65 252.365 132.172 28289.1 1268.9 346.187 43470.2 3043.29 428.027 611.45 506.64 1674.08 83.5119 104.809
internal_count=295064 280966 14098 174339 82973 80032 74657 11898 2200 8054 91366 2941 3844 83 5375 1730 2858 1326 7245 470 3259 404 5066 809 741 81 519 2891 368 6019 2608 85347 2179 389 68 50 33762 807 185 51585 3411 219 585 537 385 31 48
is_linear=0
shrinkage=0.0330689


Tree=4
num_leaves=49
num_cat=0
split_feature=2 15 1 22 38 1 5 1 5 1 2 31 34 36 30 3 22 23 15 34 30 1 22 25 0 34 21 20 11 15 22 1 15 34 25 30 28 0 31 12 11 9 2 19 12 23 6 31
split_gain=2632.86 742.764 584.221 422.036 287.852 229.054 115.869 70.5834 64.3239 52.6582 52.1132 36.4098 36.1786 34.8651 33.1575 32.5851 27.2657 20.2668 20.229 19.5315 18.3993 18.1568 17.6386 17.8655 16.3878 15.9693 13.1987 12.6484 12.3417 9.89012 9.29502 8.73395 14.7822 8.70568 6.57461 6.01591 5.81553 11.4229 4.84688 4.21792 4.4619 4.06415 4.03584 3.35203 2.58075 1.25743 1.21474 1.16625
threshold=11.542535781860353 -3.498293280601501 23.2382345199585 0.21600311249494555 1.0000000180025095e-35 8.0890612602233904 32.078548431396491 11.384126186370851 88.926731109619155 5.0233771800994882 21.965879440307621 19.158332824707035 1.5094250440597536 -7.1417410373687735 10.303804874420168 6.0607674121856698 2.5542645454406743 46.692735671997077 -3.0737084150314327 2.3840564489364628 89.183788299560561 -18.503632545471188 2.5542645454406743 0.03394043259322644 0.03024999983608723 0.31960773468017584 1.0960869789123537 15.821879863739015 0.80255013704299938 -3.0737084150314327 0.15304718911647799 6.9770436286926278 -3.3740954399108882 0.080556370317935957 0.0029276142595335846 904.69653320312511 735.50000000000011 0.28824999928474432 282.34092712402349 0.7895849645137788 1.0000000180025095e-35 0.0053931095171719798 6.0246665477752694 19.927513122558597 0.73783251643180858 39.599939346313484 26.438285827636722 14.672316551208498
decision_type=2 2 2 2 2 2 2 2 2 2 2 2 2 2 2 2 2 2 2 2 2 2 2 2 2 2 2 2 2 2 2 2 2 2 2 2 2 2 2 2 2 2 2 2 2 2 2 2
left_child=1 -1 7 9 5 6 -5 10 17 30 18 14 22 -13 -6 -7 20 39 38 26 34 27 24 -24 -9 -20 -19 -12 -23 -21 42 43 -33 -22 -10 -32 47 -38 -2 45 -41 46 -3 -11 -43 -4 -14 -18
right_child=2 3 8 4 11 15 -8 12 16 31 21 13 41 -15 -16 -17 36 19 25 29 33 28 23 -25 -26 -27 -28 -29 -30 -31 35 32 -34 -35 -36 -37 37 -39 -40 40 -42 44 -44 -45 -46 -47 -48 -49
leaf_value=0.22583509317480915 -0.29350972802565101 0.085820876436583621 -0.64509666817820843 -0.010385530313814046 -0.67331071126874398 -0.22944160328739124 -0.20704368061510384 -0.23620328170157587 -1.7899518354559523 -0.0030072912103700513 -2.600940002789383 -0.72876260684538341 -0.25283260397846652 -0.60881691652274117 -2.3850830214926448 -0.34914872023171639 -1.8082707233690363 -0.90127180673876806 -0.23852401113141733 -0.39261568654609813 -2.0775679481471068 -0.43540386593082253 -0.71628920222027725 -0.95567939274274216 -0.48671684215494898 -0.079212133682004984 -1.2091495172705242 -0.42329590833428182 -0.71246202578103901 -0.54863417500317346 0.057499590505008663 -0.10046917167576376 -0.065108243263027027 -1.1616685947420424 -1.7562391573430158 -0.094711833514160654 -2.646303836692022 0.23648360940898241 -0.20569668373387856 -0.36222114571593617 -1.5069163545493378 -0.024040784167181389 0.02703676973552804 -0.093640843226299245 -0.30481938423471633 -1.4371496253823328 -0.073488588352848036 -2.632939523178607
leaf_weight=99309.751894295216 670.76835411787033 41623.728793859482 17.867527246475223 74085.709838688374 199.51461291313171 3708.014432489872 9812.7289415001869 317.0607842206955 282.15269559621811 2821.9718455076218 265.80087608098984 1404.1070289611816 68.090287029743195 6613.8608939051628 309.88438588380814 3218.0383161902428 24.127062916755676 1237.6080251932144 4524.7502026557922 50.339352369308472 71.76190060377121 1343.2008625864983 229.43817615509033 36.683387041091919 2592.2240656018257 1883.2475204467773 840.27312725782394 80.310461819171906 1764.9462936520576 176.39708089828491 28081.515286266804 104.40487176179886 2175.9918152093887 180.67673397064209 284.3479118347168 207.56337231397629 53.063029050827026 19.209254860877991 154.60302138328552 111.90876400470734 120.28317898511887 75.317730069160461 1846.4692415595055 221.31530827283859 351.00064194202423 12.654998719692228 11.81678521633148 1239.4322876930237
leaf_count=106627 541 49390 4 66817 85 2907 7840 272 110 3173 70 416 83 2389 51 2468 5 605 4034 30 30 727 38 8 2210 1829 698 31 1519 152 33550 119 2489 115 175 212 9 6 151 61 52 13 2195 238 357 7 15 141
internal_value=0.000196721 0.00101905 -0.0116791 -0.000268506 -0.00169318 -0.00114751 -0.000670107 -0.00836001 -0.0217716 0.00156753 -0.00699491 -0.00750229 -0.0123154 -0.00695231 -0.0160961 -0.00692723 -0.0260109 -0.0181984 -0.00539309 -0.0191988 -0.0211229 -0.0103419 -0.0136264 -0.0218824 -0.0128582 -0.00475925 -0.0202139 -0.0175881 -0.00952425 -0.0097761 0.00180306 -0.00160386 -0.0031519 -0.0134613 -0.0244781 0.00133483 -0.0289772 -0.0186858 -0.0102823 -0.00931988 -0.00762351 -0.0040487 0.00210735 -0.000437788 -0.0027 -0.0210488 -0.0109176 -0.0295375
internal_weight=294836 275745 19091.4 176435 99351.9 90824.5 83898.4 14369.3 4722.1 77083 10687.6 8527.37 3681.63 8017.97 509.399 6926.05 2154.77 2567.33 7233.37 2304.62 818.939 3454.26 3175.41 266.122 2909.28 6408 2077.88 346.111 3108.15 226.736 71759.3 5323.68 2280.4 252.439 566.501 28289.1 1335.83 72.2723 825.371 262.714 232.192 506.225 43470.2 3043.29 426.318 30.5225 79.9071 1263.56
internal_count=295064 280966 14098 174339 82973 80032 74657 11898 2200 91366 8902 2941 2996 2805 136 5375 591 1609 6555 1485 430 2347 2528 46 2482 5863 1303 101 2246 182 85347 6019 2608 145 285 33762 161 15 692 124 113 468 51585 3411 370 11 98 146
is_linear=0
shrinkage=0.0330689


Tree=5
num_leaves=47
num_cat=0
split_feature=2 15 1 22 38 1 4 22 1 2 1 1 36 21 34 31 31 34 14 4 28 1 1 0 13 15 9 38 3 7 22 0 0 34 30 22 28 26 38 34 38 6 34 32 30 7
split_gain=2586.49 720.979 566.475 366.862 301.426 203.978 103.519 89.1336 67.6183 51.8765 46.1348 38.8203 33.7684 33.3859 40.4733 32.2583 31.7106 31.1487 28.0969 18.1541 17.6992 17.0664 14.2919 14.2414 14.1436 13.5383 12.7778 11.7943 10.4506 10.2869 10.1896 9.81442 9.59887 9.5265 9.48091 9.41408 7.58926 7.36711 6.45033 6.41351 5.89302 5.74788 5.74078 4.16783 4.10568 3.00516
threshold=11.542535781860353 -3.498293280601501 23.2382345199585 0.21600311249494555 1.0000000180025095e-35 8.0890612602233904 31.172650337219242 2.5542645454406743 11.384126186370851 21.965879440307621 4.1540527343750009 14.759599208831789 -18.594360351562496 0.86915129423141491 1.5094250440597536 19.158332824707035 590.80960083007824 0.43232773244380956 22.973298072814945 5.8651151657104501 30.500000000000004 -18.503632545471188 8.0890612602233904 0.034250000491738326 1.0653050541877749 -3.0737084150314327 0.071172855794429793 1.0000000180025095e-35 -29.697243690490719 0.017615435644984249 0.15304718911647799 0.03024999983608723 0.34524999558925634 -0.57757505774497975 67.918594360351577 2.5542645454406743 850.50000000000011 -0.0001425504306098446 1.0000000180025095e-35 -0.49165292084217066 1.0000000180025095e-35 17.60667705535889 -0.70221617817878712 -0.13463969528675077 23.664962768554691 1.7094160914421084
decision_type=2 2 2 2 2 2 2 2 2 2 2 2 2 2 2 2 2 2 2 2 2 2 2 2 2 2 2 2 2 2 2 2 2 2 2 2 2 2 2 2 2 2 2 2 2 2
left_child=1 -1 8 10 5 6 -5 13 9 20 30 -7 16 37 34 -14 -6 19 24 28 32 35 42 43 26 -21 -9 -22 -10 -20 45 -24 -2 -23 -15 -11 -31 39 -25 -4 -32 -39 -12 -19 -16 -3
right_child=2 3 7 4 12 11 -8 18 17 21 22 -13 15 14 44 -17 -18 23 29 25 27 33 31 38 -26 -27 -28 -29 -30 36 40 -33 -34 -35 -36 -37 -38 41 -40 -41 -42 -43 -44 -45 -46 -47
leaf_value=0.21836698434167462 -0.41346906435610659 0.084595644606426545 -0.53636975140452203 -0.011824847780571694 -0.95550121825874923 -0.18630242281717643 -0.29507800242528526 -1.584466615824996 -0.78875609237410116 -0.72394498577778554 -0.051007992939053101 -0.5147455051495633 -2.0337186815862447 -1.4162871191692863 -1.7032904793392121 -0.64421479722787633 -2.237789974600275 -0.08808302345128842 -0.25305606472307146 -0.39021903448405787 -0.14451188578323329 -0.87321237653425321 -0.01137807628304797 -0.27322537738240305 -1.4478328901116597 -0.49420274044807944 -2.6552045409955247 -0.56427277569815515 -0.47768040536577278 -2.5595941093480215 0.056382262904824287 -0.082887184562545638 -0.18503422557112667 -0.55719060591120562 -1.808598626138735 -2.5628763297337365 -2.4556562539257962 -0.85232884279414911 -1.6383208044472777 -0.45467328191629919 -0.090778235052509024 -0.94101072155511989 0.0075476301261877257 -0.31679331715980341 -0.83789016939283789 -0.053068000205253686
leaf_weight=100110.51531046629 1267.5071523785591 41880.093577861786 96.272022843360901 79206.10917788744 772.23880940675735 4675.6507249474525 4686.1639382839203 44.064908504486084 82.226907670497894 184.50344204902649 1362.2641754150391 2171.9613083004951 449.06530863046646 1386.9874433875084 129.20178431272507 7050.5671268701553 125.85014629364014 17.985364496707916 73.441552042961121 363.49993169307709 4983.6108878850937 899.58146899938583 91.658541202545166 980.30041545629501 40.183368325233459 1393.2655257582664 153.53061008453369 408.7830166220665 807.33293557167053 1427.9879484176636 26390.852722108364 1333.7949493527412 642.56064683198929 2192.0784056782722 361.9864404797554 198.81009984016418 56.428658008575439 396.71629643440247 38.248760938644409 225.6109830737114 733.5402135848999 204.57500636577606 4651.8860128521919 116.00129240751266 362.18172764778137 259.38837051391602
leaf_count=107005 991 49836 49 70899 166 3807 3777 7 29 81 1440 1528 121 963 97 2550 21 11 9 310 4803 647 115 872 6 1132 22 170 536 165 32025 1545 618 1640 245 27 14 180 20 132 425 97 5418 100 289 294
internal_value=0.000243243 0.00106651 -0.0113845 -0.000208801 -0.00153749 -0.000982522 -0.000534329 -0.0210401 -0.00809711 -0.00675519 0.00150829 -0.00647017 -0.0075313 -0.0176733 -0.0198698 -0.00679951 -0.0136095 -0.011897 -0.0269494 -0.0138811 -0.00516665 -0.0100862 -0.000964769 -0.00731901 -0.0160875 -0.0158502 -0.0197143 -0.00418978 -0.0099605 -0.0285853 0.00177416 -0.00394148 -0.0079122 -0.00925239 -0.022238 -0.016727 -0.0292029 -0.0123091 -0.00594936 -0.00811051 0.00127259 -0.0145121 -0.000255952 -0.0174872 -0.0113791 0.00209658
internal_weight=295487 275952 19535.5 175841 99137.6 90739.9 83892.3 4959.17 14576.3 10777.4 76703.5 6847.61 8397.72 3163.53 2240.36 7499.63 898.089 3798.86 1795.64 2646.33 7302.46 3474.97 7439.6 1152.54 237.779 1756.77 197.596 5392.39 889.56 1557.86 69263.9 1425.45 1910.07 3091.66 1748.97 383.314 1484.42 923.174 1018.55 321.883 27124.4 601.291 6014.15 133.987 491.384 42139.5
internal_count=295234 280972 14262 173967 82869 80011 74676 2275 11987 8977 91098 5335 2858 2052 1594 2671 187 3010 223 2007 6582 2395 8518 1003 35 1442 29 4973 565 188 82580 1660 1609 2287 1208 108 179 458 892 181 32450 277 6858 111 386 50130
is_linear=0
shrinkage=0.0330689


Tree=6
num_leaves=47
num_cat=0
split_feature=2 15 1 22 3 37 12 22 1 24 1 31 2 1 34 22 21 34 14 22 22 0 1 0 0 0 0 29 22 21 1 26 8 7 26 12 1 20 23 28 30 34 3 2 22 20
split_gain=2448.4 707.968 549.352 341.859 129.075 125.16 107.316 100.643 75.2204 68.2737 66.4754 52.6931 39.6091 37.4721 36.1808 35.4033 35.242 43.0069 33.2666 30.3157 26.6722 24.249 20.1356 19.9077 16.5999 16.1339 15.8688 14.2327 13.0962 12.0952 11.9919 11.888 10.2898 10.2869 10.2361 11.5991 10.0987 9.43681 7.67272 7.58926 7.31227 6.45968 5.84658 5.27024 4.0752 3.29352
threshold=11.542535781860353 -3.498293280601501 23.2382345199585 0.34831854701042181 18.816685676574711 1.0000000180025095e-35 0.86359399557113659 2.5542645454406743 5.0233771800994882 -0.00039526012551505113 9.4791135787963885 24.305171966552738 21.965879440307621 8.0890612602233904 0.43232773244380956 0.18237386643886569 0.86915129423141491 1.5094250440597536 22.973298072814945 0.86368936300277721 0.19293150305747989 0.096250001341104521 -18.503632545471188 0.03024999983608723 0.05725000053644181 0.044250000268220908 0.034250000491738326 36.500000000000007 1.397558391094208 1.0960869789123537 9.4791135787963885 -0.0010448449756950138 0.063344363123178496 0.017615435644984249 -0.0001425504306098446 0.91260847449302684 6.9770436286926278 78.490070343017592 26.089925765991214 850.50000000000011 280.28167724609381 1.5094250440597536 12.622056484222414 21.965879440307621 1.0516322255134585 66.476745605468764
decision_type=2 2 2 2 2 2 2 2 2 2 2 2 2 2 2 2 2 2 2 2 2 2 2 2 2 2 2 2 2 2 2 2 2 2 2 2 2 2 2 2 2 2 2 2 2 2
left_child=1 -1 10 5 6 8 13 16 15 -8 12 20 25 -5 23 -3 34 29 37 24 -7 -13 32 40 -6 42 45 -27 -25 -18 -21 -24 -14 -20 43 -36 -10 38 -9 -35 -12 -28 -2 -4 -19 -16
right_child=2 3 7 4 19 11 9 18 36 -11 14 21 22 -15 26 -17 17 44 33 30 -22 -23 31 28 -26 27 41 -29 -30 -31 -32 -33 -34 39 35 -37 -38 -39 -40 -41 -42 -43 -44 -45 -46 -47
leaf_value=0.21114583734586787 -0.16679731142454357 0.075814678838854635 -0.41318858502757883 0.01410986849972168 -0.51418730906956411 0.014130723530944567 -0.069160680731594787 -0.72041321228430288 -0.020275230593102642 -0.2548385902001018 -0.22138139745021559 -1.0598471436737995 -0.75603545310676101 -0.19204487119986757 -0.28701966112744609 0.027126519035533057 -0.98414493572297279 -0.52457028521856841 -0.24468778942241307 -0.51349257840156903 -2.3194143388923982 -0.0017404509238340077 -0.093139563117235577 -0.44213012979108379 -0.16703860200463058 -0.30091080616925708 -0.33953458515643659 -0.13400001324338545 -0.84265358080439645 -1.5342881723585864 -1.0341624480974121 -0.6374069645817777 -2.4647967680646827 -2.4749512528790105 -0.9221091391700269 -0.82000399173914862 -0.08396018727701178 -0.18717821822009112 -2.5636314704307246 -2.3744505037331551 -0.13050002208563932 -0.16838397699380958 -0.26078323722888613 -0.6129310887620254 -1.5727956850950366 0.41377451040936486
leaf_weight=100110.51531046629 386.03243833780289 56836.343489050865 122.09996181726456 21826.303196370602 597.29115808010101 66.867724418640137 14959.768476605415 24.903326988220215 4583.9479633569717 18036.558953642845 249.0095112323761 2020.7775008678436 165.881327688694 1500.7731037735939 132.07837074995041 45207.222672760487 506.0869203209877 292.27863949537277 73.441552042961121 1829.7089768052101 252.19724214076996 749.18072986602783 333.46980768442154 2479.7330902814865 2286.3965976238251 1818.7892829179764 716.34125834703445 4163.6558110713959 588.46084010601044 1242.8869635462761 473.76326912641525 2459.6401275396347 217.43221420049667 1427.9879484176636 167.49848532676697 433.79281747341156 4613.9840490221977 53.1142737865448 159.76128613948822 56.428658008575439 23.510414302349091 549.86269754171371 284.08048409223557 199.78304409980774 199.10487246513367 8.3185781836509687
leaf_count=107005 304 68574 72 8779 498 54 13976 6 5378 13743 197 436 65 581 111 53114 307 290 9 953 34 103 169 2201 2374 1589 633 3854 157 901 174 1877 43 165 69 208 5196 7 22 14 15 515 249 109 96 8
internal_value=0.000285828 0.00108681 -0.0110272 -0.000176933 -0.00216487 0.000892453 -0.00170469 -0.0205357 0.00107492 -0.00291835 -0.00778993 -0.00567154 -0.00623288 1.13753e-05 -0.0110082 0.00133319 -0.0169617 -0.0192161 -0.0268104 -0.00715706 -0.0183925 -0.00419416 -0.00927658 -0.0128871 -0.00488358 -0.00477593 -0.00652805 -0.00422462 -0.0121062 -0.0216552 -0.00999267 -0.00828364 -0.0164284 -0.0285853 -0.0114578 -0.0140316 -0.00178836 -0.0150414 -0.0185728 -0.0292029 -0.0215424 -0.00533054 -0.00965947 -0.00656998 -0.0104747 -0.0170971
internal_weight=295487 275952 19535.5 175841 61510.6 114331 56323.4 4959.17 111241 32996.3 14576.3 3089.02 9828.98 23327.1 4747.31 102044 3163.53 2240.36 1795.64 5187.16 319.065 2769.96 3176.42 3340.71 2883.69 6652.56 1406.6 5982.45 3068.19 1748.97 2303.47 2793.11 383.314 1557.86 923.174 601.291 9197.93 237.779 184.665 1484.42 272.52 1266.2 670.113 321.883 491.384 140.397
internal_count=295234 280972 14262 173967 41078 132889 37079 2275 132262 27719 11987 627 8150 9360 3837 121688 2052 1594 223 3999 88 539 2154 2570 2872 5996 1267 5443 2358 1208 1127 2046 108 188 458 277 10574 35 28 179 212 1148 553 181 386 119
is_linear=0
shrinkage=0.0330689


Tree=7
num_leaves=44
num_cat=0
split_feature=2 15 1 22 38 1 22 5 0 22 1 24 21 33 14 1 15 3 1 29 0 21 13 12 10 4 26 9 26 12 7 1 9 22 28 28 33 30 3 12 38 20 16
split_gain=2299.21 697.718 555.176 324.097 257.293 173.648 110.698 98.0662 65.7566 42.7211 38.1485 36.4223 35.0445 36.749 33.0445 27.8688 35.0824 22.9938 22.2025 15.273 14.6321 13.5911 12.535 11.9782 11.9298 11.9792 11.3771 10.8034 10.6316 11.5532 10.2096 10.1204 9.85267 9.82299 7.59588 7.52769 6.15723 5.72782 5.44688 5.25005 4.79325 3.77032 3.34788
threshold=11.542535781860353 -3.498293280601501 23.2382345199585 0.21600311249494555 1.0000000180025095e-35 11.384126186370851 2.5542645454406743 32.078548431396491 0.034250000491738326 0.56537055969238292 4.1540527343750009 -0.0010356456041336057 0.86915129423141491 0.60624003410339367 22.973298072814945 0.43974256515502935 -1.0577105879783628 16.162512779235843 14.759599208831789 96.500000000000014 0.034250000491738326 1.0960869789123537 1.0653050541877749 0.95875307917594921 0.049018535763025291 4.6878185272216806 -0.0010448449756950138 0.071172855794429793 -0.0001425504306098446 0.91260847449302684 0.017615435644984249 6.9770436286926278 0.071172855794429793 0.13998270779848102 316.50000000000006 850.50000000000011 0.14994756877422336 904.69653320312511 -15.382377147674559 0.71558824181556713 1.0000000180025095e-35 -80.402381896972642 3.5000000000000004
decision_type=2 2 2 2 2 2 2 2 2 2 2 2 2 2 2 2 2 2 2 2 2 2 2 2 2 2 2 2 2 2 2 2 2 2 2 2 2 2 2 2 2 2 2
left_child=1 -1 8 10 5 7 12 -5 24 18 33 23 28 21 22 16 -6 -7 19 -10 -15 -14 27 -11 25 41 -13 -8 38 -30 -16 39 -17 42 -27 -32 -20 -33 -4 -12 -35 -2 -3
right_child=2 3 6 4 15 17 14 -9 9 11 31 26 13 20 30 32 -18 -19 36 -21 -22 -23 -24 -25 -26 34 -28 -29 29 -31 35 37 -34 40 -36 -37 -38 -39 -40 -41 -42 -43 -44
leaf_value=0.20416348544123417 -0.26101968318368501 0.082851261311281219 -1.3543202688822327 -0.0090485922634921962 -0.50776549250556846 -0.29128991932863918 -1.4472937454655797 -0.18366792291991077 -0.21373574942829768 -0.13429189416823584 -0.091328733469460591 -0.23010378514938507 -1.0331051625782006 -1.9335685075971469 -0.23659624343699259 -0.59098062765978843 -1.0913550691473262 -0.6189563411246447 -0.31469428387211834 -0.083867923976238476 -0.91408849498634204 -1.4876218756715403 -1.1516196737566038 -0.45618633027822086 -0.22849095516112933 -0.2244128822827301 -0.83370755436256894 -2.4826235892590103 -0.89161604214715073 -0.79288739543065334 -2.3931074390883165 -0.048449139826880469 -0.32832241277876101 0.055110830952416534 -0.37354166598473826 -2.2959301350363193 -0.28761929556507859 -1.2162304994946729 -0.56287726932053805 0.0052193212769701906 -0.050096924312953914 -0.065051366757571255 -0.45196121592908939
leaf_weight=100110.51531046629 86.811419188976288 35349.37792801857 41.185337066650391 76805.749071896076 2979.1449482440948 2723.1395027041435 44.064908504486084 10257.255796015263 3735.2420875430107 1059.8148698210716 219.18116116523743 649.0771427154541 415.78340101242065 160.85104554891586 73.441552042961121 936.37659794092178 3009.7610939145088 953.74077880382538 483.40177273750305 2475.1043758392334 570.45906746387482 1093.2638818025589 40.183368325233459 814.00458633899689 96.468454599380493 375.22465682029724 4214.359611749649 153.53061008453369 167.49848532676697 433.79281747341156 1427.9879484176636 2192.8609885573387 1472.4387511014938 32845.818848252296 83.880649328231812 56.428658008575439 432.3854992389679 34.148927927017212 280.69766885042191 4993.412601172924 965.80188035964966 70.521128356456757 102.87622743844986
leaf_count=107005 69 41974 18 68958 974 2093 7 8279 3885 372 63 248 256 115 9 380 962 681 494 2866 421 802 6 597 20 370 2501 22 69 208 165 2509 542 39952 66 14 449 12 163 5934 551 50 103
internal_value=0.000326743 0.00110294 -0.0106363 -0.00015162 -0.00140048 -0.000887726 -0.0201948 -0.000590187 -0.00738192 -0.00687526 0.00146228 -0.00876692 -0.016449 -0.0186964 -0.0267722 -0.00693815 -0.00814901 -0.00792644 -0.00508353 -0.00436863 -0.0125289 -0.021664 -0.0150414 -0.00482927 -0.0171879 -0.0153883 -0.0102793 -0.0184565 -0.0109627 -0.0135818 -0.0285413 -0.000786351 -0.00391865 0.00170405 -0.0181122 -0.0291568 -0.00990351 -0.00265182 -0.00599211 7.8288e-06 0.00129943 -0.00727134 0.00208943
internal_weight=295487 275952 19535.5 175841 99137.6 90739.9 4959.17 87063 14576.3 13863.4 76703.5 6737.26 3163.53 2240.36 1795.64 8397.72 5988.91 3676.88 7126.13 6210.35 731.31 1509.05 237.779 1873.82 712.906 616.438 4863.44 197.596 923.174 601.291 1557.86 7439.6 2408.82 69263.9 459.105 1484.42 915.787 2227.01 321.883 5212.59 33811.6 157.333 35452.3
internal_count=295234 280972 14262 173967 82869 80011 2275 77237 11987 11412 91098 3718 2052 1594 223 2858 1936 2774 7694 6751 536 1058 35 969 575 555 2749 29 458 277 188 8518 922 82580 436 179 943 2521 181 5997 40503 119 42077
is_linear=0
shrinkage=0.0330689


Tree=8
num_leaves=47
num_cat=0
split_feature=2 15 17 22 38 17 22 5 15 2 14 17 2 34 3 17 15 17 34 21 17 23 24 21 25 10 29 3 22 17 10 8 9 28 28 29 29 14 34 38 21 8 30 37 13 30
split_gain=2166.23 687.484 536.008 300.443 232.244 153.58 115.527 87.1577 55.4381 43.7834 42.1808 36.2929 34.0643 33.8625 29.9617 27.9588 34.0073 26.9642 22.0284 19.1338 18.2285 16.2211 15.3043 14.671 14.0063 12.8608 12.85 10.1343 9.98832 9.68775 9.68125 9.38043 8.58847 7.47494 7.26207 6.86807 5.88864 5.86288 4.82744 4.61134 4.23624 4.23326 4.15776 3.91609 2.88229 2.82933
threshold=11.542535781860353 -3.498293280601501 0.20894917100667956 0.21600311249494555 1.0000000180025095e-35 0.07778534293174745 2.5542645454406743 32.078548431396491 -3.263633012771606 21.965879440307621 39.808166503906257 0.040700893849134452 34.055976867675788 1.3463041782379153 16.162512779235843 0.0043877852149307736 -1.0577105879783628 0.090563602745533003 0.31960773468017584 0.92021200060844432 0.060523133724927909 52.001169204711921 -0.00024411268532276151 0.71199950575828563 0.0095341037958860415 0.038214594125747688 36.500000000000007 6.5951936244964608 0.13998270779848102 0.07778534293174745 0.097446564584970488 0.013473926577717068 0.071172855794429793 850.50000000000011 316.50000000000006 12.500000000000002 21.500000000000004 15.055649757385256 -0.77383020520210255 1.0000000180025095e-35 0.47986330091953283 0.14806649088859561 904.69653320312511 1.0000000180025095e-35 0.48563739657402044 1.0000000180025095e-35
decision_type=2 2 2 2 2 2 2 2 2 2 2 2 2 2 2 2 2 2 2 2 2 2 2 2 2 2 2 2 2 2 2 2 2 2 2 2 2 2 2 2 2 2 2 2 2 2
left_child=1 -1 8 11 5 7 12 -5 20 17 21 28 23 19 -7 16 -6 26 -19 -14 37 27 41 36 -24 34 -10 -8 45 38 -23 -12 -17 -33 -22 -25 -4 40 -13 -30 -2 -11 -31 -15 -39 -3
right_child=2 3 6 4 15 14 10 -9 9 22 31 29 13 43 -16 32 -18 18 -20 -21 25 30 24 35 -26 -27 -28 -29 39 42 -32 33 -34 -35 -36 -37 -38 44 -40 -41 -42 -43 -44 -45 -46 -47
leaf_value=0.19741203194659504 0.17717719701043844 -0.3343500319970733 -0.18811863961526992 -0.0035620939658924013 -0.49097426707451253 -0.19343524379965568 -2.3877618854149261 -0.17800529720885283 -0.28359049510492013 -0.37845845737732925 -0.77568434016881005 -0.042425751102778034 -0.82480065783215506 -0.76376622255495497 -0.4765576043583562 -0.57143757266513728 -1.0552652023449316 -0.30524031049475248 -0.14944143499789336 -1.4494303065711689 -0.21701335741371661 -1.7582201029940809 -0.85718239100992988 -0.96377673603528669 -0.58772629608498539 -0.22093502000268461 -0.11696014754758233 -0.22737699623523872 0.053288378659235761 -0.064293707208018219 -2.3294372226243256 -2.3152425851502425 -0.31746516523357471 -2.2200063453334833 -0.14311657748460613 -0.29222182984533712 -0.5980385273813833 -0.23809622365041477 0.0060411307156646695 -0.048440276191021682 -0.17510669293960757 -0.032935249362475084 -0.48556157730427507 -1.646294626308104 -0.24134715351057281 0.079630449473150955
leaf_weight=100110.51531046629 62.521920323371887 15.640516281127928 170.10028845071793 74141.565251946449 2979.1449482440948 5376.8791679143906 73.945899844169617 9750.7078642249107 1885.6866263747215 963.21826636791229 34.461217880249023 1180.6590654850006 452.8448172211647 410.94853192567825 1470.7328653335571 936.37659794092178 3009.7610939145088 1569.8741976618767 857.69152867794037 1192.2792471647263 406.56950062513351 46.175651550292969 2601.3270660638809 239.18032205104828 1139.5553816556931 114.97279810905457 4328.6489635705948 90.114222168922424 32845.818848252296 1409.2387791275978 95.914036512374878 1398.597359418869 1472.4387511014938 56.428658008575439 68.497803509235382 526.19415402412415 142.51121920347214 60.891724109649658 4833.4911227822304 965.80188035964966 181.22810018062592 220.3690972328186 16.214711427688599 29.473124504089355 115.24327981472015 35436.613639175892
leaf_count=107005 37 2 92 66769 974 4241 11 7907 1645 715 4 1264 181 300 1094 380 962 1295 767 740 390 8 1742 168 856 21 4011 13 39952 1652 11 162 542 14 60 476 78 48 5594 551 139 153 8 17 108 42075
internal_value=0.000365746 0.00111916 -0.0102755 -0.000126162 -0.00132858 -0.000841424 -0.0196676 -0.000452493 -0.00707782 -0.00651824 -0.0263849 0.00142773 -0.0158424 -0.0183245 -0.00560316 -0.00658981 -0.00780234 -0.00509464 -0.00805657 -0.0205164 -0.0145643 -0.0150143 -0.00901162 -0.0110125 -0.0100552 -0.0183435 -0.00393382 -0.00770601 0.00166355 -0.000765498 -0.0232242 -0.0286993 -0.00356633 -0.0291122 -0.0157998 -0.0134895 -0.00487154 -0.00918344 -0.000181428 0.00125558 -0.00570758 -0.00569372 -0.00321631 -0.0100719 -0.0138409 0.00205212
internal_weight=295487 275952 19535.5 175841 99137.6 90739.9 4959.17 83892.3 14576.3 13566.4 1795.64 76703.5 3163.53 2085.55 6847.61 8397.72 5988.91 8641.9 2427.57 1645.12 1009.93 306.15 4924.47 1077.99 3740.88 590.04 6214.34 164.06 69263.9 7439.6 142.09 1489.49 2408.82 1455.03 475.067 765.374 312.612 419.885 6014.15 33811.6 243.75 1183.59 1425.45 440.422 176.135 35452.3
internal_count=295234 280972 14262 173967 82869 80011 2275 74676 11987 11184 223 91098 2052 1238 5335 2858 1936 7718 2062 921 803 43 3466 814 2598 471 5656 24 82580 8518 19 180 922 176 450 644 170 332 6858 40503 176 868 1660 317 156 42077
is_linear=0
shrinkage=0.0330689


Tree=9
num_leaves=49
num_cat=0
split_feature=2 15 1 22 38 1 4 3 0 22 22 34 1 26 31 12 1 32 4 2 19 22 0 32 20 14 28 26 21 12 22 34 11 1 0 20 11 32 12 28 28 12 38 29 11 2 4 11
split_gain=2056.71 675.395 515.947 279.178 201.516 139.924 127.986 86.2857 71.4147 51.8833 41.7756 35.0244 33.5002 33.1023 27.4715 39.3552 22.6986 22.2311 21.6007 20.4235 16.8709 15.7426 14.2097 14.0859 13.5568 13.056 12.6162 11.2146 10.352 10.2295 9.98793 9.49724 9.33827 8.81357 8.34352 8.2639 7.97299 6.72788 6.34138 6.32201 5.51869 5.31011 5.20392 3.39177 3.26048 3.16829 1.35224 0.753708
threshold=11.542535781860353 -3.498293280601501 23.2382345199585 0.21600311249494555 1.0000000180025095e-35 11.384126186370851 59.953170776367195 18.816685676574711 0.034250000491738326 2.5542645454406743 0.67172405123710643 2.3840564489364628 4.1540527343750009 -0.0010448449756950138 14.672316551208498 1.1984818577766421 11.384126186370851 1.9832742214202883 31.172650337219242 34.055976867675788 73.982013702392592 1.397558391094208 0.052749998867511756 0.1236260049045086 3.3922472000122075 39.808166503906257 186.50000000000003 -0.0035769080277532335 1.2083246707916262 0.81001481413841259 0.15304718911647799 1.1997777223587038 1.5526655912399294 6.9770436286926278 0.03024999983608723 -114.1236000061035 0.48332425951957708 0.046640858054161079 0.71558824181556713 850.50000000000011 2233.5000000000005 0.71558824181556713 1.0000000180025095e-35 6.5000000000000009 1.4010179042816164 6.0246665477752694 -2.7388330698013301 0.58956122398376476
decision_type=2 2 2 2 2 2 2 2 2 2 2 2 2 2 2 2 2 2 2 2 2 2 2 2 2 2 2 2 2 2 2 2 2 2 2 2 2 2 2 2 2 2 2 2 2 2 2 2
left_child=1 -1 8 12 5 7 19 -5 26 11 16 28 30 24 15 -6 22 -16 -7 23 38 -15 -10 27 -12 37 29 -4 -8 47 45 -18 -22 41 -31 46 -25 -11 -21 -27 -35 -14 -32 -13 -37 -3 -28 -2
right_child=2 3 6 4 14 18 9 -9 10 25 13 43 33 21 17 -17 31 -19 -20 20 32 -23 -24 36 -26 39 35 -29 -30 34 42 -33 -34 40 -36 44 -38 -39 -40 -41 -42 -43 -44 -45 -46 -47 -48 -49
leaf_value=0.19088384131500791 -0.25595829626572708 0.076984438055989091 -0.0026146242823833991 -0.012767121796574406 -0.55205297434771194 -0.27351781133729819 -0.98171657808166712 -0.24070785918522636 -0.27552992441009683 -1.9127642711966808 -0.11828015378873662 -1.4766432666676585 -0.088508369767219375 -0.57952028117947951 -0.53921323117868136 -2.0976342536436756 -0.29267216062793888 -1.5831148444515133 -0.84077982255039407 -0.64840667961476883 -0.80509888897126813 -1.3001293401107574 -0.14153809748277091 -0.23598450820531455 -0.47431378238860938 -2.2404189143347932 0.062411994571557432 -0.43878467248233144 -1.5217925186339174 -0.18227685380683276 0.048913835821808083 -0.15442098358593684 -1.4448591148743748 -0.044747087276732177 -0.25991047393380434 0.013474619789037931 -0.28266126491757054 -1.341291060276673 -1.1658136701144726 -2.1465932687202471 -1.1762109180040841 0.0049015999021100962 -0.085414832655304654 -0.77762027350785312 -0.20034439386226757 0.015465023488640853 -0.35388300033050923 -0.22721700956004673
leaf_weight=100110.51531046629 119.70066386461258 40564.72535598278 45.635378658771515 82155.89383071661 182.91323834657669 3103.4731950759888 258.5607505440712 4907.1110371947289 929.03660559654236 32.924458980560303 960.6476172208786 16.310547709465027 219.18116116523743 2446.8613054156303 7799.3022221922874 172.04567909240723 1555.3450648188591 243.46025156974792 573.40708643198013 83.421900391578674 272.49699002504349 1663.9050471186638 5406.8137245178223 225.98193615674973 502.78116005659103 1358.4370146989822 2.0283192396163932 496.17097139358521 705.47809016704559 172.97306221723557 26390.852722108364 397.99942123889923 256.96179032325745 2205.1131936907768 163.94642835855484 72.98730331659317 306.18787312507629 40.135096788406372 613.58432841300964 54.838068246841431 21.896722793579102 4993.412601172924 733.5402135848999 192.04355430603027 46.562584757804871 1574.7565923929214 30.09498929977417 104.612957239151
leaf_count=107005 26 48243 14 73015 61 2402 128 4222 928 5 314 7 63 1706 2740 22 1529 35 372 31 85 535 5791 96 188 156 2 376 391 146 32025 421 200 2511 155 42 273 6 366 13 10 5934 425 128 59 1887 17 128
internal_value=0.000404356 0.00113848 -0.00996438 -9.58438e-05 -0.00125494 -0.000801134 -0.019179 -0.000534025 -0.00682712 -0.0241302 -0.0062994 -0.0188531 0.00140204 -0.00851718 -0.00615579 -0.0151791 -0.00480517 -0.00575366 -0.00711953 -0.0134415 -0.0163836 -0.0100407 -0.00383819 -0.0100542 -0.00422254 -0.0282661 -0.017043 -0.0138317 -0.0215167 -0.0193549 0.00162861 -0.00792963 -0.011815 -0.000705021 -0.015491 -0.00830935 -0.00615853 -0.0139036 -0.0198085 -0.0289865 -0.00244598 3.5933e-05 0.00113212 -0.00640637 -0.00405308 0.00194776 -0.0230497 -0.0249906
internal_weight=295487 275952 19535.5 175841 99137.6 90739.9 4959.17 87063 14576.3 2658.73 13863.4 1172.39 76703.5 5574.2 8397.72 354.959 8289.19 8042.76 3676.88 2300.44 1226.47 4110.77 6335.85 1073.98 1463.43 1486.33 712.906 541.806 964.039 561.233 69263.9 1953.34 529.459 7439.6 336.919 151.673 532.17 73.0596 697.006 1413.28 2227.01 5212.59 27124.4 208.354 119.55 42139.5 32.1233 224.314
internal_count=295234 280972 14262 173967 82869 80011 2275 77237 11987 834 11412 654 91098 2743 2858 83 8669 2775 2774 1441 682 2241 6719 759 502 180 575 390 519 455 82580 1950 285 8518 301 120 369 11 397 169 2521 5997 32450 135 101 50130 19 154
is_linear=0
shrinkage=0.0330689


Tree=10
num_leaves=48
num_cat=0
split_feature=1 15 2 22 38 11 22 37 1 4 22 31 3 0 19 22 2 22 32 11 22 15 32 0 19 30 3 28 2 29 25 5 22 11 0 23 23 33 13 10 2 30 32 10 8 10 10
split_gain=1894.4 738.105 392.606 327.391 148.181 135.667 88.8136 78.4122 61.7665 51.2191 50.2478 46.6345 35.2148 34.2361 32.9169 29.4264 27.6626 26.1107 19.2654 18.1356 15.796 15.7084 14.5682 14.371 14.3531 14.2074 13.7105 13.4614 11.0504 10.8527 10.8463 10.6839 8.42721 7.81449 7.37424 6.96129 5.53656 5.53117 5.14385 5.33595 4.60162 8.2745 4.40787 4.04863 3.79493 3.17166 2.58329
threshold=11.384126186370851 -3.498293280601501 34.055976867675788 0.33486993610858923 1.0000000180025095e-35 1.0000000180025095e-35 2.5542645454406743 1.0000000180025095e-35 3.7750099897384648 11.981972694396974 0.61395353078842174 14.672316551208498 45.185478210449226 0.03024999983608723 13.223929882049562 0.18237386643886569 7.1612205505371103 0.15304718911647799 0.57067659497261058 0.28282696008682257 0.21600311249494555 -3.3740954399108882 0.81140482425689708 0.28824999928474432 33.628753662109382 33.474445343017585 45.185478210449226 252.50000000000003 8.8615331649780291 96.500000000000014 0.025053388439118866 32.078548431396491 1.0516322255134585 -0.18254468590021131 0.039250001311302192 26.089925765991214 48.627841949462898 -0.16105689853429792 0.34494483470916754 0.96339824795722973 11.542535781860353 38.016588211059577 -1.0932742357254026 0.035673528909683234 0.071887370198965087 0.010207328479737045 0.01672005653381348
decision_type=2 2 2 2 2 2 2 2 2 2 2 2 2 2 2 2 2 2 2 2 2 2 2 2 2 2 2 2 2 2 2 2 2 2 2 2 2 2 2 2 2 2 2 2 2 2 2
left_child=1 -1 9 7 5 16 14 8 15 28 -7 20 21 40 22 -3 -5 -13 25 30 -9 -6 26 44 -10 -16 -4 -25 31 32 35 42 -15 -31 -24 -8 -14 -33 43 -40 46 -42 -2 -30 -21 -20 -11
right_child=2 3 6 4 12 10 19 11 24 13 -12 17 36 29 18 -17 -18 -19 45 23 -22 -23 34 27 -26 -27 -28 -29 38 33 -32 37 -34 -35 -36 -37 -38 -39 39 -41 41 -43 -44 -45 -46 -47 -48
leaf_value=0.18457153049835454 -0.99577726346658413 0.069769416542792298 -0.71873726492091516 -0.0096252880863198411 0.048169596443644727 -0.10465827456017583 -0.49697975153840163 0.01699508212682049 -0.02108261799785149 -0.4184130169416076 -0.32237720671731529 0.031770636203323994 -0.25172182151114042 -0.35538998010872086 -1.2258289890160439 0.026792690268538512 -0.12144336932918727 -0.90753422495155944 -0.71933738609821762 -1.9038267161656774 -2.1309970238316187 -0.51178250319686402 -1.1837728791256619 -2.1494485697539432 -0.15651469253958539 -0.87264869215412499 -1.4720670091625909 -1.7558425956877681 -0.29547794491278412 -0.38531152508766464 -1.3535100303431649 -1.1088690102004912 -0.91268417683709002 -0.22420102685095272 -0.64835581730982039 -1.3338253920948293 -1.8726963293840599 -0.27466573831716895 -0.35819272097000421 -0.084573576995516292 -0.26520568881861678 -0.16612235964189073 -0.20283458533281976 -0.082698924461968207 -2.1792218396214036 -0.42893336850430941 -0.087464150444450744
leaf_weight=99812.905171513557 146.63514167070389 54428.105338394642 329.07644081115723 36317.206151843071 169.53151822090149 11847.13526558876 25.437135219573975 32.197867095470428 13545.280545592308 108.13761311769485 8781.8015382885933 970.05918449163437 28.684081494808197 2104.1375072002411 661.93803924322128 42143.463492929935 4595.7214662432671 1852.1539104580879 57.116816401481628 152.22237694263458 189.677729845047 5416.1309486031532 98.289818227291107 45.431053161621094 964.86639505624771 620.04546397924423 544.83751666545868 57.826579213142395 432.41871470212936 27.713610112667084 63.319830417633057 96.703563153743744 606.39409738779068 930.39692533016205 133.39938771724701 140.55820178985596 164.34798002243042 136.1599577665329 1084.2969917654991 91.605422258377075 260.26518046855927 182.06559425592422 2625.0891641974449 272.11271303892136 1076.0914013385773 213.16425222158432 19.633255243301392
leaf_count=106740 96 65602 209 22576 65 13349 6 21 15839 89 6163 332 13 1902 409 49383 2529 277 46 27 26 2229 59 7 1092 405 276 15 375 10 7 54 158 886 87 19 53 75 845 47 233 155 1652 209 122 136 10
internal_value=0.000445003 0.00102264 -0.0117295 -0.000233723 -0.00206271 -0.00158688 -0.0200734 0.000845021 0.000988649 -0.00786775 -0.0037735 -0.00438927 -0.00712613 -0.0105323 -0.016368 0.00129099 -0.000483886 -0.00323092 -0.0132159 -0.0263577 -0.0189685 -0.00663925 -0.0207627 -0.0278685 -0.00102236 -0.0149141 -0.0227523 -0.0154274 -0.00555068 -0.00934656 -0.0174301 -0.00429105 -0.0104266 -0.00626609 -0.0131217 -0.0218883 -0.0210228 -0.0111182 -0.0075512 -0.0089128 -0.0181037 -0.0197821 -0.00370772 -0.00524578 -0.0288876 -0.00507489 -0.0120561
internal_weight=294602 281259 13342.5 181446 67320.6 61541.9 4218.75 114126 111082 9123.77 20628.9 3044.09 5778.69 4238.74 2657.87 96571.6 40912.9 2822.21 1552.26 1560.89 221.876 5585.66 1105.6 1331.57 14510.1 1281.98 873.914 103.258 4885.02 3668.64 229.315 3004.59 2710.53 958.111 231.689 165.995 193.032 232.864 1880.43 1175.9 570.102 442.331 2771.72 704.531 1228.31 270.281 127.771
internal_count=294915 286289 8626 179549 46977 44617 1830 132572 131916 6796 19512 656 2360 3443 1627 114985 25105 609 996 203 47 2294 631 171 16931 814 485 22 3353 2956 32 1877 2060 896 146 25 66 129 1476 892 487 388 1748 584 149 182 99
is_linear=0
shrinkage=0.0330689


end of trees

feature_importances:
return_1d=50
bb_width=47
price_log=30
return_3d=29
volume_zscore_30d=26
return_7d=23
price_lag_1d=21
vol_regime_60_30=21
bb_pct_b=17
macd_missing=17
volume_std_30d=16
volume_lag_1d=15
return_14d=13
price_std_7d=13
price_zscore_30d=13
rsi_14=13
volume_mean_60d=13
price_std_60d=11
log_return_1d=11
autocorr_1d=11
volume_lag_7d=11
return_30d=10
volume_log_change_1d=10
volume_log_change_7d=10
price_std_30d=9
macd_histogram=9
price_accel_7d=7
trend_divergence_30_60=6
autocorr_7d=6
macd_line=6
price_std_14d=4
macd_signal=4
rsi_missing=4
return_60d=3
volume_price_conf_1d=2
price_tier=1
volume_price_conf_7d=1

parameters:
[boosting: gbdt]
[objective: quantile]
[metric: quantile]
[tree_learner: serial]
[device_type: cpu]
[data_sample_strategy: bagging]
[data: ]
[valid: ]
[num_iterations: 1000]
[learning_rate: 0.0330689]
[num_leaves: 63]
[num_threads: -1]
[seed: 128]
[deterministic: 0]
[force_col_wise: 0]
[force_row_wise: 0]
[histogram_pool_size: -1]
[max_depth: 6]
[min_data_in_leaf: 5]
[min_sum_hessian_in_leaf: 0.001]
[bagging_fraction: 0.7]
[pos_bagging_fraction: 1]
[neg_bagging_fraction: 1]
[bagging_freq: 5]
[bagging_seed: 7259]
[bagging_by_query: 0]
[feature_fraction: 0.85]
[feature_fraction_bynode: 1]
[feature_fraction_seed: 2349]
[extra_trees: 0]
[extra_seed: 22898]
[early_stopping_round: 0]
[early_stopping_min_delta: 0]
[first_metric_only: 0]
[max_delta_step: 0]
[lambda_l1: 0.5]
[lambda_l2: 1]
[linear_lambda: 0]
[min_gain_to_split: 0.1]
[drop_rate: 0.1]
[max_drop: 50]
[skip_drop: 0.5]
[xgboost_dart_mode: 0]
[uniform_drop: 0]
[drop_seed: 14092]
[top_rate: 0.2]
[other_rate: 0.1]
[min_data_per_group: 100]
[max_cat_threshold: 32]
[cat_l2: 10]
[cat_smooth: 10]
[max_cat_to_onehot: 4]
[top_k: 20]
[monotone_constraints: ]
[monotone_constraints_method: basic]
[monotone_penalty: 0]
[feature_contri: ]
[forcedsplits_filename: ]
[refit_decay_rate: 0.9]
[cegb_tradeoff: 1]
[cegb_penalty_split: 0]
[cegb_penalty_feature_lazy: ]
[cegb_penalty_feature_coupled: ]
[path_smooth: 0]
[interaction_constraints: ]
[verbosity: -1]
[saved_feature_importance_type: 0]
[use_quantized_grad: 0]
[num_grad_quant_bins: 4]
[quant_train_renew_leaf: 0]
[stochastic_rounding: 1]
[linear_tree: 0]
[max_bin: 63]
[max_bin_by_feature: ]
[min_data_in_bin: 3]
[bin_construct_sample_cnt: 200000]
[data_random_seed: 456]
[is_enable_sparse: 1]
[enable_bundle: 1]
[use_missing: 1]
[zero_as_missing: 0]
[feature_pre_filter: 0]
[pre_partition: 0]
[two_round: 0]
[header: 0]
[label_column: ]
[weight_column: ]
[group_column: ]
[ignore_column: ]
[categorical_feature: ]
[forcedbins_filename: ]
[precise_float_parser: 0]
[parser_config_file: ]
[objective_seed: 18400]
[num_class: 1]
[is_unbalance: 0]
[scale_pos_weight: 1]
[sigmoid: 1]
[boost_from_average: 1]
[reg_sqrt: 0]
[alpha: 0.1]
[fair_c: 1]
[poisson_max_delta_step: 0.7]
[tweedie_variance_power: 1.5]
[lambdarank_truncation_level: 30]
[lambdarank_norm: 1]
[label_gain: ]
[lambdarank_position_bias_regularization: 0]
[eval_at: ]
[multi_error_top_k: 1]
[auc_mu_weights: ]
[num_machines: 1]
[local_listen_port: 12400]
[time_out: 120]
[machine_list_filename: ]
[machines: ]
[gpu_platform_id: -1]
[gpu_device_id: -1]
[gpu_use_dp: 0]
[num_gpu: 1]

end of parameters

pandas_categorical:[]
