tree
version=v4
num_class=1
num_tree_per_iteration=1
label_index=0
max_feature_idx=38
objective=quantile
feature_names=price_lag_1d return_1d return_3d return_7d return_14d return_30d return_60d price_std_7d price_std_14d price_std_30d price_std_60d price_zscore_30d vol_regime_60_30 trend_divergence_30_60 price_accel_7d price_log price_tier log_return_1d log_return_7d autocorr_1d autocorr_7d bb_pct_b bb_width rsi_14 macd_line macd_signal macd_histogram volume_missing volume_lag_1d volume_lag_7d volume_std_30d volume_mean_60d volume_log_change_1d volume_log_change_7d volume_zscore_30d volume_price_conf_7d volume_price_conf_1d rsi_missing macd_missing
feature_infos=[0.029999999329447746:449.08499145507812] [-99.944244384765625:500] [-99.944244384765625:500] [-99.634101867675781:500] [-99.634101867675781:500] [-99.529632568359375:500] [-99.696243286132812:500] [0:82.714279174804688] [0:60.404327392578125] [0:66.041351318359375] [0:83.876434326171875] [-4.9878606796264648:5.2946515083312988] [0.70178574323654175:3191.88232421875] [-299759592013824:2771.76318359375] [-599.63409423828125:597.15875244140625] [-3.5065579414367676:6.1072120666503906] [0:4] [-7.4919800758361816:7.4919800758361816] [-5.610569953918457:7.4919800758361816] [-49972.125:104660.375] [-49817.05078125:133939.390625] [-0.54071199893951416:1.5621322393417358] [0.0016972259618341923:17.690479278564453] [0:99.998138427734375] [-23.050159454345703:37.798225402832031] [-20.377595901489258:34.973644256591797] [-9.5351839065551758:14.867011070251465] none [1:378600] [1:372357] [0:87607.3984375] [1:297578] [-6.308098316192627:10.422162055969238] [-6.7117404937744141:9.4828834533691406] [-4.9106183052062988:5.2923283576965332] [-99.39617919921875:500] [-99.944244384765625:500] [0:1] [0:1]
tree_sizes=6605 6646 6778 6772 6796

Tree=0
num_leaves=63
num_cat=0
split_feature=0 1 2 7 15 1 18 30 21 34 34 1 21 31 11 22 18 11 18 1 2 1 11 8 34 7 1 7 11 18 28 33 18 22 22 0 8 31 31 22 1 26 7 29 10 26 12 11 13 1 6 4 4 31 34 11 10 30 9 29 8 8
split_gain=12175.9 650.861 220.237 202.604 187.389 164.092 131.211 120.53 87.2239 81.5126 64.5458 61.4153 52.242 49.8244 46.9265 39.1463 36.488 33.422 32.2393 30.1368 34.5611 28.2055 25.4731 24.6715 23.1491 25.0093 21.6021 20.6135 20.189 18.3249 18.2801 17.3276 17.0352 16.6612 16.4656 16.1282 15.1306 14.8436 14.5125 13.078 13.0509 10.2026 10.108 10.968 9.04351 8.44081 8.52469 7.12377 7.07486 7.0533 6.867 6.58391 6.40966 6.20097 6.19865 6.06231 5.86444 6.40226 5.5106 5.47886 5.09227 4.81365
threshold=0.03024999983608723 3.7750099897384648 -1.0000000180025095e-35 1.0000000180025095e-35 -3.498293280601501 -3.9987699985504146 0.37284190952777868 77.678073883056655 0.41878077387809759 0.96622970700263988 0.040891010314226157 -1.0000000180025095e-35 0.44409851729869848 201.87500000000003 -0.40094737708568567 0.49034111201763159 0.14981999993324283 -0.40094737708568567 0.37284190952777868 6.2392175197601327 1.9608070850372317 23.2382345199585 0.18660134077072146 0.0050653014332056054 -0.54821616411209095 0.0075376043096184739 -10.198993682861326 0.0034546371316537265 -0.18257769942283628 -0.041671019047498696 54.500000000000007 0.60624003410339367 -0.011426681652665137 0.33486993610858923 0.33486993610858923 0.13925000280141833 0.0065593235194683084 42.908334732055671 38.587963104248054 2.5542645454406743 -1.4998611211776731 -1.0000000180025095e-35 0.047653511166572578 24.500000000000004 0.0057125592138618239 -0.0001425504306098446 0.71558824181556713 -0.22951653599739072 -4.3583259582519522 -7.4450006484985343 -2.0822494029998775 59.953170776367195 22.390940666198734 52.324998855590827 0.26788304746150976 -0.27897474169731135 0.0041328484658151874 72.193008422851577 0.042623540386557586 101.50000000000001 0.009571162052452566 0.0050653014332056054
decision_type=2 2 2 2 2 2 2 2 2 2 2 2 2 2 2 2 2 2 2 2 2 2 2 2 2 2 2 2 2 2 2 2 2 2 2 2 2 2 2 2 2 2 2 2 2 2 2 2 2 2 2 2 2 2 2 2 2 2 2 2 2 2
left_child=3 2 5 28 17 7 8 12 24 19 11 16 26 22 38 49 -6 56 27 36 -21 54 37 -11 45 53 -2 -12 -1 51 -25 52 -17 -24 -14 -13 -10 -7 44 -27 -31 -20 48 -44 -5 46 -3 -19 58 -9 61 -15 59 -26 55 -8 -4 -58 -16 -23 -40 -50
right_child=1 6 4 14 10 13 21 15 9 23 18 35 34 29 42 32 -18 47 41 20 -22 31 33 30 25 39 -28 -29 -30 40 -32 -33 -34 -35 -36 -37 -38 -39 60 -41 -42 -43 43 -45 -46 -47 -48 -49 50 -51 -52 -53 -54 -55 -56 -57 57 -59 -60 -61 -62 -63
leaf_value=0 0.24182618143382303 0.058107319491577436 0 0 0 0.040795378939988219 0.18268251688528686 0.11237804623277366 -0.083974809484365184 -0.087835714506297222 0 -0.051633158469972011 0.064216028370790296 -0.024650667941425754 -0.12325334426194126 0 -0.17433552073007283 0 2.0244820963393031 -0.09716145621853442 -0.21981525051311057 -1.792987246337286 0 -0.072091577000451504 0.024810737716576652 0.041462435274442454 0.084438753574434908 0.010562138728998659 0 0.021226965705465575 0.03508008398943184 -0.88618054685982939 -0.11940167639972825 -0.07038414632798784 -0.013100069997162594 -0.02557728988369443 -0.060648471492124864 0.011977597950269222 0 0.69387531445011208 0 -0.44618275959705611 0 0 0 -0.15061888484903432 -0.053438513056044898 0 0 0.029166821455192445 0 0.13273142496753654 -2.5264897936249993 -0.063329065180826177 -0.24169610784438395 -0.43639192003407784 0.12736178512316848 0 0.55464006284317313 -0.083822106333039284 0 0
leaf_weight=7831.2945512533188 5556.3704780340195 54.030150890350342 223.03360772132874 606.77045321464539 17151.50327026844 6886.6401860117912 20.260720252990723 1093.6844415068626 3009.0580435395241 1285.9477264285088 6827.0599950551987 9386.4660526514053 1515.4003319144249 8120.8203925490379 22.092288792133331 2128.6155366897583 2025.5259692668915 535.62121266126633 19.286369323730469 3762.1141084432602 10568.061593234539 103.1405565738678 5904.5546082854271 1541.3663809895515 544.494289457798 2590.2081945538521 11097.962779819965 20641.534842967987 80201.140346884727 3573.5853325128555 2255.0204412341118 683.49810838699341 1333.4587715268135 2298.2449171543121 2463.1000840067863 14650.95923268795 6475.6423176527023 22181.509139895439 1149.1077979803085 205.13699871301651 7212.885960817337 513.4140567779541 201.42915630340576 2067.1432192325592 461.37612926959991 563.44629627466202 1180.2896618247032 1402.9209259152412 617.41589218378067 2168.8481819629669 5406.1114200353622 71.234817564487457 1673.7585352063179 1238.1399086713791 367.82355791330338 668.27710610628128 252.95871335268021 108.70685678720474 19.286369323730469 33.854548990726471 399.76825255155563 183.16651201248169
leaf_count=5443 3960 7 227 610 16506 6676 15 1249 2985 1331 6579 7229 1798 9587 19 1437 1598 411 2 2501 9032 36 7484 1267 464 2398 10008 21262 94198 3974 2142 340 664 2376 2004 16646 6052 21731 1131 49 8530 336 21 222 257 398 1243 420 489 2579 3968 25 559 1295 303 471 169 65 2 13 195 80
internal_value=-0.00711845 -0.00160228 -0.000508782 -0.01803 -0.00203105 0.000833365 -0.006033 0.00326067 -0.00532628 -0.00621908 -0.00166783 -0.00259384 0.00470886 -0.000346514 -0.0131608 -0.00117711 -0.000978501 -0.0122652 -0.000237318 -0.00715708 -0.00826827 -0.0130413 0.000464122 -0.00181602 -0.00127361 0.000161195 0.0056489 -5.52884e-05 -0.0186453 -0.00194047 -0.000255907 -0.0152738 -0.00401026 -0.00141427 0.00076399 -0.00388093 -0.00547384 0.000995519 -0.00864683 0.00242421 -0.000900839 -0.0095431 -0.0145427 -0.0168099 -0.0051493 -0.00494758 -0.00312842 -0.0146878 -0.0137122 0.00181776 -0.0138178 -0.00330454 -0.017261 -0.0033657 -0.00772903 -0.00990006 -0.00416207 -0.0010333 0.00119422 -0.00870583 -0.0110317 -0.0103247
internal_weight=295336 196169 157346 99166.1 73739 83606.9 38823.6 27357.4 35273 28897.2 71215.7 43214.5 20632.8 56249.5 11133.7 6724.61 19177 2523.24 28001.3 23814.9 14330.2 3550.61 37270.9 5082.33 6375.75 4577.98 16654.3 27468.6 88032.4 18978.5 3796.39 2494.25 3462.07 8202.8 3978.5 24037.4 9484.7 29068.1 2617.02 2795.35 10786.5 532.7 8516.64 2268.57 1068.15 1797.77 1234.32 1938.54 6248.07 3262.53 6206.69 8192.06 1810.75 1782.63 1056.36 688.538 584.699 361.666 41.3787 136.995 1548.88 800.582
internal_count=295068 188433 155532 106635 71450 84082 32901 23699 31164 25310 70158 41979 17770 60383 6994 5929 18104 1292 28179 20570 11533 1737 38267 4740 5854 4206 13968 27841 99641 22116 3409 948 2101 9860 3802 23875 9037 28407 2193 2447 12504 338 4801 243 867 1648 1250 831 4558 3828 4537 9612 608 1759 789 486 461 234 21 49 1326 569
is_linear=0
shrinkage=0.0382085


Tree=1
num_leaves=63
num_cat=0
split_feature=0 1 21 15 8 11 1 30 14 2 1 11 34 15 29 23 34 21 2 21 10 34 23 1 23 29 12 23 34 24 30 1 34 2 29 1 2 29 31 11 12 8 3 4 15 30 5 10 10 22 11 4 6 31 2 26 2 26 26 31 30 34
split_gain=13096.7 514.073 233.1 198.821 171.694 130.752 122.518 106.433 82.4748 59.4207 61.9493 54.935 45.0973 44.3485 37.6022 31.2903 30.9712 30.6282 30.1462 29.4445 27.4042 25.4417 25.4101 22.4415 21.5207 17.9173 17.5867 15.2688 15.2482 16.9404 14.0195 13.9325 12.5079 12.2514 12.0295 11.9893 16.2678 11.1964 11.1832 10.9484 17.2793 12.2367 10.5859 10.3001 10.2495 9.9705 8.46798 8.65216 8.14791 8.02429 10.548 15.3333 8.65019 7.74392 10.8785 10.6544 7.27504 6.59169 6.39383 6.22067 5.99656 5.31535
threshold=0.03024999983608723 6.2392175197601327 0.43734486401081091 -3.498293280601501 1.0000000180025095e-35 -0.18254468590021131 -3.9987699985504146 77.678073883056655 56.945711135864265 7.9550316333770761 -0.42187580466270441 -0.40094737708568567 -0.21519058942794797 -3.498293280601501 196.50000000000003 34.011878967285163 -0.54821616411209095 0.47986330091953283 1.9608070850372317 0.34865286946296697 0.030646855942904953 0.78077793121337902 23.109794616699222 23.2382345199585 35.352708816528327 88.500000000000014 1.8194329738616946 28.575837135314945 -0.32665535807609553 0.019361605867743496 15.094053745269777 -6.5213146209716788 0.78077793121337902 -5.2733623981475821 185.50000000000003 1.530751705169678 34.055976867675788 78.500000000000014 340.55833435058599 -0.22951653599739072 0.70710679888725292 0.071887370198965087 -29.697243690490719 -1.5181994438171384 -2.260966300964355 18.717346191406254 -44.392822265624993 0.087671812623739256 1.0000000180025095e-35 2.5542645454406743 -0.20251636952161786 6.4517722129821786 9.3955268859863299 129.1055603027344 -11.645920753479002 0.0021500027505680923 -1.2723995447158811 0.017825515009462837 -0.00021948014182271433 518.40835571289074 60.693204879760749 -0.95154687762260426
decision_type=2 2 2 2 2 2 2 2 2 2 2 2 2 2 2 2 2 2 2 2 2 2 2 2 2 2 2 2 2 2 2 2 2 2 2 2 2 2 2 2 2 2 2 2 2 2 2 2 2 2 2 2 2 2 2 2 2 2 2 2 2 2
left_child=4 2 6 58 48 28 7 13 12 10 17 25 18 19 -12 -14 24 -5 27 -2 -15 37 38 -10 43 33 45 -7 49 39 -17 -23 -25 -6 -20 53 46 -11 -9 41 -41 -30 -24 -8 -26 -18 -37 -48 -1 50 61 -52 56 54 55 -13 -51 -50 -4 -28 -34 -3
right_child=1 5 3 9 11 8 16 22 23 21 14 35 15 20 -16 30 26 -19 34 -21 -22 31 42 32 44 -27 59 -29 29 -31 -32 -33 60 -35 -36 36 -38 -39 -40 40 -42 -43 -44 -45 -46 -47 47 -49 57 52 51 -53 -54 -55 -56 -57 -58 -59 -60 -61 -62 -63
leaf_value=0 0.2498572628373871 -0.20738240366387042 0 0.045264010942125656 0 0.47252939664380872 -0.029921195757164031 0 -0.31957604675216517 -0.13893423248858866 -0.028811398694206666 0 0.63505556363269422 0.1546602265793999 0 -0.1952433126467906 0.033298803335283435 0 -0.31000563924207136 0 0.075554201913963046 -0.3040462109780725 0 -2.4294466463687585 0.036281329814810657 0 0 -0.16241167130284201 -0.015183765851174749 0.18096559183162372 -0.089835480434700424 0.016560412822325673 -2.6646052440094268 0 -0.12817367148025399 0.29882086226451954 -3.0740214962072563 -0.062815542601199079 -0.19849683970837539 -0.0001506164272462912 -0.14953284079872947 0.17974443290322692 0.029765856728746792 -0.19848590173261321 -0.0068967308091070489 0.0052281475722075052 -0.2388033527994565 -0.2388033527994565 0 -0.019376882756265847 0.16211760278765386 -0.57198402371783796 -0.36308111478430466 0 0 0.25472357024633696 -0.20688740908440878 0.6368089165062174 0 -0.01760762060884875 -0.57779300020504443 -0.065662897431399275
leaf_weight=68386.59338760376 594.90525329113007 457.21729290485382 115.68590641021729 8471.9498835206032 625.98482590913773 41.704142212867737 5513.1974506378174 703.86776876449585 749.54348367452621 5267.7329068183899 31617.44895786047 355.30399173498154 117.80781775712967 7861.1031196117401 14835.031540036201 2265.0245409011841 8565.0461831092834 22780.411043643951 4707.9732759594917 638.84917461872101 10048.623439967632 255.52554696798325 499.92818188667297 1592.334632396698 3103.3478384613991 1394.7046114802361 7088.7203202843666 1804.4722829461098 1810.8347629308701 84.796238958835602 5886.7718648314476 2097.1468995809555 330.92848080396652 1518.3126383423805 835.14401745796204 20.038767516613007 795.78457725048065 4728.583872616291 1054.0955967903137 86.788661956787109 396.10574328899384 836.68416482210159 4293.5057411789894 461.35142612457275 8349.7871016860008 20369.668864905834 1721.3849903941154 227.83941793441772 13360.960462987423 82.909093260765076 113.81418478488922 36.61081862449646 97.206932544708252 5599.5019361972809 5121.631230711937 26.072288870811462 163.43528771400452 11.989262104034422 1304.8071451187134 1492.3920015096664 259.180284678936 1299.4751402139664
leaf_count=84613 415 431 13 4451 484 7 6610 288 495 4432 29785 228 33 7870 17175 1935 8668 25334 3875 483 7599 143 319 498 2941 1255 8740 1255 1641 14 5393 2060 127 1409 876 8 235 4517 667 9 152 503 4021 127 9562 21331 1494 31 11063 14 32 10 11 1754 4051 6 28 4 416 1881 149 1097
internal_value=-0.00671341 -0.000992495 -0.000261 -0.0015814 -0.01803 -0.00622423 0.00123636 0.00341426 -0.00775189 -0.00135717 -0.000965229 -0.0145734 -0.00664552 0.00485308 -0.00185025 -0.00469687 0.00021712 0.000349018 -0.00882068 -0.00213088 0.00533637 -0.00382015 -0.000784257 -0.0136455 -0.00111289 -0.0102899 0.000835991 -0.0045527 -0.00102105 0.000657461 -0.00498324 -0.000228132 -0.0156229 -0.00805041 -0.0102347 -0.0156634 -0.0133258 -0.00466167 -0.0047155 0.000187319 -0.00508586 0.00116433 0.000649875 -0.0029721 -0.000139606 0.00128696 -0.0114036 -0.0116687 -0.0187654 -0.00343549 -0.00243808 0.00717774 -0.00884966 -0.0162415 -0.0151594 -0.00868547 -0.00481142 -0.0178457 -0.0157646 -0.000680158 -0.0106846 -0.00328503
internal_weight=295336 196169 172113 91474.3 99166.1 24056.8 80638.4 25694.9 18590.9 90053.8 77704.8 17406.6 15658.9 19143.5 46452.5 8269.6 54943.5 31252.4 7389.29 1233.75 17909.7 12349 6551.4 2931.99 17427.7 3539 37515.8 1846.18 5465.88 3215.21 8151.8 2352.67 2182.44 2144.3 5543.12 13867.6 2765.05 9996.32 1757.96 3130.41 482.894 2647.52 4793.43 5974.55 11453.1 28934.7 1969.26 1949.22 81759.5 2250.67 1907.12 150.425 343.551 11102.5 5503.01 381.376 246.344 13372.9 1420.49 8581.11 590.109 1756.69
internal_count=295068 188433 169848 88326 106635 18585 81522 21662 14643 87897 76745 10955 13374 16367 46960 7361 59860 29785 6013 898 15469 11152 5295 1269 19240 3148 40620 1262 3942 2319 7328 2203 774 1893 4751 7807 1768 8949 955 2305 161 2144 4340 6737 12503 29999 1533 1525 95680 1623 1570 42 53 6039 4285 234 42 11067 429 10621 276 1528
is_linear=0
shrinkage=0.0382085


Tree=2
num_leaves=63
num_cat=0
split_feature=0 1 7 2 15 2 1 30 1 11 34 11 11 3 11 34 11 29 34 31 34 1 1 11 7 29 11 4 34 33 23 9 34 23 11 31 12 34 2 6 5 1 2 5 25 29 12 22 4 32 29 2 31 30 0 34 22 2 5 26 7 28
split_gain=13312.3 529.974 233.03 173.314 210.383 139.155 111.74 86.8162 76.5582 53.5595 53.0833 45.8636 43.5898 43.0684 38.9579 37.631 35.485 35.0037 32.5103 28.4704 23.7165 23.4677 22.5785 21.6524 21.5362 20.3674 20.189 20.0819 19.684 19.1423 17.5882 17.1073 16.8625 20.9545 15.4716 14.5125 14.3581 14.3515 15.0074 15.9805 14.2758 13.8659 27.8929 14.2222 12.3682 12.108 11.6166 11.5931 11.3394 11.01 10.1313 12.7383 10.4269 9.91296 9.88091 9.04523 8.17738 7.8567 7.33385 6.88277 6.31732 6.25622
threshold=0.03024999983608723 4.5539472103118905 1.0000000180025095e-35 -1.2723995447158811 -3.498293280601501 11.542535781860353 -3.9987699985504146 77.678073883056655 23.2382345199585 -0.18254468590021131 -0.18436331301927564 -0.20251636952161786 -0.67706590890884388 45.185478210449226 -0.40094737708568567 1.7208421230316164 0.18660134077072146 132.50000000000003 -0.81331527233123768 308.75833129882818 -0.4077379703521728 -2.00993800163269 -10.198993682861326 0.089563962072134032 0.0090917940251529234 314.50000000000006 -0.18257769942283628 5.2633860111236581 1.0767267346382143 0.68388766050338756 32.539007186889656 0.006199972005560995 0.96622970700263988 40.427709579467781 -0.22951653599739072 38.587963104248054 0.70710679888725292 -0.95154687762260426 -24.041337966918942 28.663970947265629 14.708806037902834 1.530751705169678 34.055976867675788 1.9804208874702456 0.03394043259322644 113.50000000000001 0.73783251643180858 0.49034111201763159 -12.187370777130125 -0.35994225740432734 132.50000000000003 -1.0000000180025095e-35 129.1055603027344 67.918594360351577 0.13925000280141833 3.0869361162185673 0.46211275458335882 1.4982750415802004 -18.945050239562985 -0.00030950712971389288 0.0062330721411854037 39.500000000000007
decision_type=2 2 2 2 2 2 2 2 2 2 2 2 2 2 2 2 2 2 2 2 2 2 2 2 2 2 2 2 2 2 2 2 2 2 2 2 2 2 2 2 2 2 2 2 2 2 2 2 2 2 2 2 2 2 2 2 2 2 2 2 2 2
left_child=2 3 26 6 12 9 7 16 15 37 11 21 -5 28 35 25 22 -13 50 23 58 -6 -2 30 49 46 -1 54 -12 -29 -8 45 33 -20 -14 59 -33 60 39 -39 -25 61 43 55 -40 -21 -7 -26 -15 -9 51 -11 -52 -34 -22 -43 -18 -45 -10 -4 -3 -16
right_child=1 5 14 4 10 8 19 24 20 18 13 17 34 48 41 -17 56 -19 32 31 27 -23 -24 40 47 -27 -28 29 -30 -31 -32 36 53 -35 -36 -37 -38 38 44 -41 -42 42 -44 57 -46 -47 -48 -49 -50 -51 52 -53 -54 -55 -56 -57 -58 -59 -60 -61 -62 -63
leaf_value=0 0.22456340739629446 -0.018540797915934291 0 0.0075842737347930136 0.044809953653171579 -0.31072256699582801 -0.0028118052722462482 0.16033778425433493 -0.21808684220003691 -0.090230244186546349 0 -0.049453339741969297 0 -0.059681236485761117 0 0.026983677315292203 0.038966985196787193 -0.0068324606417772991 0.10578181124115731 0.22178638545225682 -0.4987400375377028 -0.011812349179254498 0.076410740857666526 0.0011008413771229496 0.025887361105106824 -0.053736372035332602 0 -1.3795036317528417 0.021896008446910236 -0.5651092576410125 0.026287202072416051 0.13913718517648727 -0.05096183410085936 -0.088717477927636706 0 0 -0.032307774052462906 0.3579216899593336 -0.02292185594025907 -0.26408616641841304 -0.041228582032820447 -0.11412901765261939 -2.9565676338277536 -0.11412901765261939 0.093289994294298129 0.00074210607743760892 -0.25267443410526658 -0.083974809484365184 -0.47695528404907223 0.028072504363698261 0.083943128609840628 -0.20601282370192128 -0.094011430342465424 0.039401862599368086 0.44016842326185757 0.33715054903160191 -0.074295949776239503 -0.22967902619013464 -1.4707404780296802 0 -0.1840171904780733 0
leaf_weight=7831.2945512533188 5899.109549343586 287.68495631217957 461.95935958623886 277.66874873638153 4729.7060421705246 655.77745461463928 5595.8975849747658 624.05569648742676 33.842178881168365 397.12788963317871 32055.553887009621 17881.914997339249 842.65164178609848 25.735916972160339 2201.714597761631 766.73101145029068 1272.9881718158722 11684.086353600025 381.28730392456055 81.111770868301392 241.47167497873306 10348.716334879398 11375.187022268772 4984.4321705102921 986.64729183912277 798.6971327662468 80201.140346884727 1222.6895565986633 10208.278231263161 760.92730903625488 23018.085231244564 48.215923309326172 1887.9230799078941 9167.2002857327461 1402.9209259152412 1548.8760505318642 7101.0586263537407 386.00428605079651 5757.9816496968269 48.342010021209717 3255.4657616019249 457.01061141490936 795.78457725048065 268.17502695322037 139.9664785861969 2702.1935215592384 5266.5821420550346 2566.7115480899811 701.70002281665802 2360.1663028597832 66.08590167760849 1554.2557384371758 546.54392921924591 594.18409043550491 168.71215975284576 31.838939666748047 1034.4220700860023 1212.2385978102684 1468.352535367012 606.18722289800644 506.42421019077301 3549.8825070261955
leaf_count=5443 4138 255 294 194 4139 142 6095 579 17 324 33015 15371 678 7 1783 762 1596 13259 186 48 106 11659 10139 6169 1145 822 94198 558 10597 458 21573 5 1767 8402 420 1326 8057 118 4778 12 3592 320 235 190 73 3442 4730 1455 450 2557 49 1231 658 598 57 15 913 1008 613 573 425 1250
internal_value=-0.00657623 -0.000808412 -0.0179856 8.61863e-05 -0.00103371 -0.00521604 0.00147162 0.00347376 -0.00864003 -0.00341963 -0.000720024 -0.00164292 -0.0119109 0.00023748 -0.0127654 -0.00636909 0.00474667 -0.00251751 -0.00474585 0.000353057 -0.0129934 6.94808e-05 0.00534124 0.000843028 -0.000333153 -0.00728495 -0.0186453 -0.0105841 0.000397053 -0.0121811 0.00134054 -0.00146104 -0.00390725 -0.00463778 -0.013679 -0.00864683 -0.00245201 -0.000698087 -8.45776e-05 0.00675849 -0.000879974 -0.0140258 -0.0117339 -0.00924971 -0.000595534 0.00107067 -0.00805883 -0.00234773 -0.00897508 0.00205283 -0.00866422 -0.0100249 -0.00426309 -0.0010812 -0.00276289 -0.0034798 0.000278738 -0.0111274 -0.0168025 -0.0051493 -0.00553905 -0.0151199
internal_weight=295336 196169 99166.1 163065 90158.9 33104.8 72905.7 26119.3 11383.8 21721 87635.7 44644.4 2523.24 42991.3 11133.7 7487.79 19581.7 29566 14594.6 46786.5 3896 15078.4 17274.3 36853.9 6537.58 6721.06 88032.4 2393.8 42263.8 1983.62 28614 9932.58 12030.6 9548.49 2245.57 2617.02 7149.27 7126.4 6332.29 434.346 8239.9 8516.64 2765.05 1969.26 5897.95 2783.31 5922.36 3553.36 727.436 2984.22 2564.01 1951.38 612.63 2482.11 410.184 488.85 2307.41 1480.41 1502.19 1068.15 794.109 5751.6
internal_count=295068 188433 106635 161292 89789 27141 71503 22522 8265 18876 88497 44428 1292 44069 6994 6456 16786 28630 13215 48981 1809 15798 14277 37429 5736 5694 99641 1179 43612 1016 27668 11552 10953 8588 1098 2193 8062 5661 4981 130 9761 4801 1768 1533 4851 3490 4872 2600 457 3136 2262 1555 707 2365 163 335 2509 1198 630 867 680 3033
is_linear=0
shrinkage=0.0382085


Tree=3
num_leaves=63
num_cat=0
split_feature=0 17 7 21 2 17 15 2 15 31 11 34 3 34 11 17 21 10 17 34 17 15 2 30 11 12 21 7 12 34 17 23 34 25 11 31 31 15 2 5 9 25 25 9 3 30 32 11 23 10 33 7 2 25 2 32 2 20 33 9 21 28
split_gain=13424.8 520.996 232.587 158.688 139.418 107.912 112.215 106.067 101.597 96.698 79.3032 58.7839 55.1686 40.5858 39.065 38.8971 36.9942 35.7301 35.2984 27.8599 27.3548 24.0641 22.6841 20.1963 20.189 19.4165 18.7338 18.1215 17.9331 17.3367 16.9661 16.5713 15.7521 15.7093 16.0595 15.5749 14.5125 13.6719 27.3613 13.3052 13.2787 12.7036 11.9554 11.7692 11.4329 11.4151 11.3531 10.3371 10.0822 9.04351 8.2208 7.60443 7.56213 7.39853 7.36631 6.56885 8.56408 7.46862 6.42797 6.30744 8.95915 6.25622
threshold=0.03024999983608723 0.044532993808388717 1.0000000180025095e-35 0.44409851729869848 34.055976867675788 -0.033674433827400201 -3.498293280601501 -8.1630740165710431 -3.498293280601501 340.55833435058599 -0.18254468590021131 -0.15104751288890836 45.185478210449226 -0.21519058942794797 -0.40094737708568567 -0.0058078730944544068 0.37454472482204443 0.02091876603662968 0.20894917100667956 -0.54821616411209095 -0.20461174845695493 -3.498293280601501 -0.62975600361824025 72.193008422851577 -0.18257769942283628 0.81001481413841259 0.84614554047584545 0.011957265436649324 0.70710679888725292 -0.54821616411209095 0.090563602745533003 28.575837135314945 -0.35341800749301905 0.03394043259322644 -0.22951653599739072 42.908334732055671 38.587963104248054 -3.498293280601501 21.965879440307621 1.9804208874702456 0.11379289999604227 0.071762565523386015 -0.024316696450114247 0.035601176321506507 -29.697243690490719 416.21464538574224 0.81140482425689708 -0.22951653599739072 13.643257617950441 0.0057125592138618239 1.5225663781166079 0.39725400507450109 5.0639731884002694 -0.0055486606433987609 1.4982750415802004 0.1769782900810242 3.2792155742645268 -10.595048427581785 -0.35942533612251276 0.20692763477563861 0.51001912355422985 39.500000000000007
decision_type=2 2 2 2 2 2 2 2 2 2 2 2 2 2 2 2 2 2 2 2 2 2 2 2 2 2 2 2 2 2 2 2 2 2 2 2 2 2 2 2 2 2 2 2 2 2 2 2 2 2 2 2 2 2 2 2 2 2 2 2 2 2
left_child=2 3 24 5 10 6 7 27 -5 17 29 22 13 15 36 -10 -9 -8 51 42 -11 43 31 28 -1 50 32 -2 -13 55 -24 -12 -27 34 -31 -23 49 61 39 53 -25 45 -7 -21 -15 -14 -28 -35 -44 -4 -20 59 -43 -39 -41 56 -3 -57 -53 60 -6 -16
right_child=1 4 14 8 18 19 9 16 12 20 11 23 41 44 37 -17 -18 -19 25 21 -22 35 30 40 -26 26 46 -29 -30 33 -32 -33 -34 47 -36 -37 -38 38 -40 54 -42 52 48 -45 -46 -47 -48 -49 -50 -51 -52 58 -54 -55 -56 57 -58 -59 -60 -61 -62 -63
leaf_value=0 0.11166928101863305 -0.051888850933890139 0 0 0.033271250807021237 -0.034374417409220877 0.13904565503419131 0 -0.0010848326703091003 -0.71126403986137443 0.28755060277742334 -0.16043978373615544 -0.30494475529012099 0.13112109797562685 0 -0.034978292163057811 0 0.069289496082425989 -2.8935857610397782 0 -0.0033243406885287352 0.041213753111528709 -0.1168874778831505 -0.043307650929392337 0 -1.3452193977279634 -1.2392616059903494 0.0066334080518271766 -0.081960624006707214 0.0040843651370371216 -0.31249880329104951 -0.087241104874414735 0.45119862339881822 -0.036353112614211668 -0.094633666431731378 0.0019765388398720772 0 0.1021559658486413 -2.3083095358585717 -0.10976831492187478 0.09182468815938534 0.32018037702657642 -0.082034202503744949 -0.00054997139068001374 0.00026422694031536805 -0.57064568232388402 -0.33603323232125371 0.09104312399516197 -0.00093492393845692582 0 -0.55803864110587453 -1.0930662231193984 -0.27275935237407645 -0.10976831492187478 -0.22090332674662769 0.15002230481355874 -0.14766496960264852 -0.1177369528343392 0.33264820230956388 -0.72739151022272552 -0.34045282837703122 0
leaf_weight=7831.2945512533188 546.65088379383087 1208.6771243810654 606.77045321464539 641.26116752624512 80.003547310829163 2938.2698729038239 8054.4541027545929 457.29611629247665 15740.422685325146 354.97582495212555 49.931392550468445 209.81706523895264 1222.0849361419678 340.6693657040596 2201.714597761631 22906.675059020519 1218.3215578794479 17366.621263980865 1312.3290187716484 349.21405833959579 3918.9803012609482 5742.8233779668808 5230.0573582053185 1953.6127943396568 80201.140346884727 145.69529497623444 919.68623548746109 261.79295641183853 7956.563720703125 4747.3588489294052 3533.3060571551323 1573.5478516817093 205.76755237579346 56.366748511791229 904.17610538005829 29905.490924298763 1548.8760505318642 23.504540681838989 964.90562725067139 268.17502695322037 395.84271246194839 106.90461474657059 690.10166376829147 122.47681897878647 36678.605385005474 341.17802560329437 189.73525297641754 111.84275019168854 13039.050407707691 461.37612926959991 182.60876017808914 22.962760329246521 120.35997533798218 440.71659976243973 1067.7459584474564 129.1491784453392 818.20460069179535 131.00522828102112 118.3885446190834 183.05942893028259 735.09903222322464 3549.8825070261955
leaf_count=5443 389 912 610 82 29 3340 8310 350 16129 109 7 23 754 121 1783 23108 683 12262 328 339 3976 5682 4875 2108 94198 45 524 63 7512 4188 2883 1243 66 48 294 31615 1326 5 374 190 232 62 522 16 39155 153 138 17 13968 257 77 16 104 311 888 93 677 130 58 60 558 1250
internal_value=-0.00652878 -0.000736655 -0.0179863 0.000150335 -0.0051068 0.00129328 0.00303738 -0.00475639 -0.00109264 0.0036907 -0.00417297 -0.00541745 -0.000966669 -0.000809215 -0.0127709 -0.00167533 -0.0102484 0.0045851 -0.011711 0.000229343 -0.00162006 0.000826209 -0.0074593 -0.00339676 -0.0186453 -0.0139232 -0.0107124 0.00657876 -0.00429516 -0.000959323 -0.00823077 -0.00327022 -0.00287979 0.000142083 -0.000194221 0.000940655 -0.00864683 -0.0140331 -0.0117563 -0.00892436 -0.000257539 -0.00759712 -0.00106182 -0.00773405 9.39594e-05 -0.00882582 -0.0131569 0.0116349 -0.000584968 -0.0051493 -0.0170307 -0.00593545 0.000687704 -0.00322936 -0.0108728 -0.00377816 -0.00451722 0.00183099 0.00214727 -0.00711882 -0.00559311 -0.0151199
internal_weight=295336 196169 99166.1 163065 33104.8 84966.5 32179.1 2484.06 78098.2 29695 29009.5 20902.7 77456.9 75666.4 11133.7 38647.1 1675.62 25421.1 4095.34 52787.4 4273.96 36120 10386.8 10515.8 88032.4 2955.82 1460.88 808.444 8166.38 8106.78 8763.36 1623.48 351.463 5819.74 5651.53 35648.3 2617.02 8516.64 2765.05 1800.14 2349.46 1790.53 16667.4 471.691 37019.3 1563.26 1109.42 168.209 13729.2 1068.15 1494.94 1139.51 227.265 464.221 1335.92 2287.04 2026.88 260.154 141.351 998.162 815.103 5751.6
internal_count=295068 188433 106635 161292 27141 81624 26142 1485 79668 24657 25242 18883 79586 78513 6994 39237 1033 20572 1899 55482 4085 37652 9008 9875 99641 1178 773 452 7535 6359 7758 1250 111 4547 4482 37297 2193 4801 1768 1394 2340 1073 17830 355 39276 907 662 65 14490 867 405 721 166 316 1078 1812 1589 223 74 647 587 3033
is_linear=0
shrinkage=0.0382085


Tree=4
num_leaves=63
num_cat=0
split_feature=0 1 7 2 15 2 1 11 30 34 2 37 1 11 11 4 11 31 33 8 2 31 10 29 14 11 30 12 15 22 0 24 1 1 2 31 6 2 9 11 4 11 34 33 3 33 3 3 3 34 34 22 25 8 34 10 8 12 11 1 10 14
split_gain=13460 502.648 234.933 149.54 192.565 137.473 118.966 75.0138 67.7811 56.0131 50.4721 46.1295 40.8838 40.1853 38.5007 37.111 35.8955 31.0746 27.4721 23.8374 20.9477 20.8453 26.4929 20.4253 20.3997 20.189 19.296 18.2792 17.4251 20.586 17.3944 16.8038 15.2999 14.7115 26.3995 14.5125 14.344 14.0681 13.2252 12.6719 12.5554 12.2821 12.2604 12.0533 11.9631 11.8496 11.6051 11.3506 11.027 10.4225 10.1765 10.0481 9.92984 9.90008 9.82729 9.04351 8.77243 7.75256 7.58579 6.29114 5.6498 5.43179
threshold=0.03024999983608723 4.5539472103118905 1.0000000180025095e-35 -0.84858962893486012 -3.498293280601501 34.055976867675788 -3.9987699985504146 -0.18254468590021131 77.678073883056655 -0.15104751288890836 7.9550316333770761 1.0000000180025095e-35 0.43974256515502935 -0.67706590890884388 -0.40094737708568567 26.030408859252933 0.089563962072134032 45.175001144409187 0.68388766050338756 0.033356837928295142 -0.62975600361824025 142.60833740234378 0.019424174912273887 132.50000000000003 56.945711135864265 -0.18257769942283628 72.193008422851577 0.70710679888725292 -3.1641684770584102 0.49034111201763159 0.044250000268220908 0.019361605867743496 23.2382345199585 1.530751705169678 34.055976867675788 38.587963104248054 47.541807174682624 2.4392799139022832 0.11379289999604227 -0.22951653599739072 -2.7388330698013301 -0.18254468590021131 -0.4077379703521728 -1.0000000180025095e-35 12.622056484222414 -1.4584640264511106 4.20524024963379 2.0837428569793706 -4.0814719200134268 0.87061420083045971 -0.95154687762260426 0.33486993610858923 0.0095341037958860415 0.007432664744555951 -0.43530520796775812 0.0057125592138618239 0.14806649088859561 0.73783251643180858 1.5526655912399294 -1.4998611211776731 0.0062876217998564252 15.055649757385256
decision_type=2 2 2 2 2 2 2 2 2 2 2 2 2 2 2 2 2 2 2 2 2 2 2 2 2 2 2 2 2 2 2 2 2 2 2 2 2 2 2 2 2 2 2 2 2 2 2 2 2 2 2 2 2 2 2 2 2 2 2 2 2 2
left_child=2 3 25 6 13 7 8 31 16 20 11 12 -6 60 35 42 19 -13 32 -2 47 36 59 -22 41 -1 27 -11 44 -30 52 37 -17 61 46 55 40 50 -28 -33 -8 -12 53 58 -10 -32 56 -9 -24 -38 -3 -18 -15 -7 -39 -4 -35 -26 -44 -23 -5 -16
right_child=1 5 14 4 10 15 21 9 28 26 24 17 -14 30 33 18 51 -19 -20 -21 23 22 48 -25 57 -27 38 -29 29 -31 45 39 -34 34 -36 -37 49 54 -40 -41 -42 -43 43 -45 -46 -47 -48 -49 -50 -51 -52 -53 -54 -55 -56 -57 -58 -59 -60 -61 -62 -63
leaf_value=0 0.12379201030531012 -0.11423592133010291 0 -0.0014270938211504679 0.00357035508977902 0.23397220574352612 0.029076013535774714 0.0099316744932052264 0.0066386826209913815 -0.15430961441157728 0.00037581191784705323 -1.2273922873166556 -0.011120017290841245 0 0 -0.38527799831423487 0.056271044588604775 -0.063806927634747726 -0.55727528050035136 0.067805525749273968 -0.19503790896521381 0.03219162859495607 -0.029772062388591879 -0.081067704371742655 -0.4664257454616762 0 -0.041652928970383161 -0.078829028517053243 0.038559377558403572 -0.094563886114619272 0.099064541253037777 -0.19221191553480541 -2.0333952100830759 -0.096912925397648689 -2.7554043825960082 0 -0.058859717820468477 -0.11476030702643485 0.088316201215029214 0.14647294153510115 0.0028297749561292064 -0.064679578307811916 0.59934608150127777 -0.47680879197161424 -0.44552622711579037 0 -0.32100990916778049 -0.14290247129844694 -0.0019941930764750975 0.10044821546559923 0.0056483470588991856 -0.029460719253926761 -0.1273197579193163 -0.94941421054043551 -0.038971487176953902 0 -0.10557422826035631 -0.26980218823149105 -2.2126938132614771 0.00056888597038226162 0.1220269474496502 0
leaf_weight=7831.2945512533188 10804.085671007633 515.77258402109146 606.77045321464539 112.46647673845291 37548.186753034592 44.268254637718201 13709.293373584747 740.10547530651093 1081.0633462071419 209.81706523895264 2356.0622908473015 485.33168268203735 30649.307850718498 961.69007068872452 5556.9419409036636 378.31503039598465 1076.6103907227516 1982.7466053962708 779.52217215299606 6539.2032988667488 6592.9178048968315 3553.0364763736725 6740.3145903348923 2170.4456104636192 267.77765953540802 80201.140346884727 1953.6127943396568 7956.563720703125 2738.1386308670044 2733.5365673899651 47.207080185413361 41.310808479785919 1834.9860500693321 806.89926868677139 795.78457725048065 1548.8760505318642 1376.0037806630135 1241.3559378385544 395.84271246194839 107.85547029972076 12602.624355137348 8711.0311308503151 247.11925327777863 320.81047707796097 67.034095525741577 1178.8163088560104 1087.0413563847542 883.37376892566681 7256.8510432243347 195.10758751630783 4062.9840696454048 1662.64927983284 57.859107971191406 423.30325853824615 2137.501714527607 461.37612926959991 75.322550773620605 700.72187995910645 67.01093202829361 5704.7216889858246 165.20227199792862 194.6551638841629
leaf_count=5443 9491 406 610 103 37991 29 13682 577 852 23 1842 78 34086 877 2974 306 1366 284 446 4765 5415 4287 7331 2343 90 94198 2108 7512 3212 1736 15 27 674 608 235 1326 1176 1024 232 15 12530 8134 61 199 30 200 917 673 7686 147 3050 1610 6 166 1837 257 8 454 18 7140 91 59
internal_value=-0.00651044 -0.000710707 -0.017983 0.00016052 -0.00094502 -0.00500321 0.00137142 -0.00407592 0.00343865 -0.00528629 -0.000627255 -0.00023711 -5.08137e-05 -0.0113427 -0.0127415 -0.0115611 0.00454389 -0.00536829 -0.0137773 0.00518608 -0.00727951 0.000291224 -0.00055242 -0.00802109 -0.00291466 -0.0186453 -0.00331364 -0.00419178 7.97993e-05 -0.000812368 -0.0130405 -0.000950212 -0.0159657 -0.0139947 -0.0116379 -0.00864683 0.000996205 -0.00119306 -0.000244823 0.0117104 0.00120897 -0.00244417 -0.00550708 -0.0019717 0.00436351 -0.0161512 -0.00921937 -0.00325182 -0.00160228 -0.00254192 0.000179168 0.000463828 -0.00925632 -0.0102191 -0.00306365 -0.0051493 -0.00587187 -0.00824758 0.0032627 0.00103079 0.00224927 -0.0151199
internal_weight=295336 196169 99166.1 163065 85224.4 33104.8 77840.3 29009.5 26702.3 20902.7 82701.2 70665.6 68197.5 2523.24 11133.7 4095.34 20082.5 2468.08 2992.82 17343.3 10386.8 51138 23254.9 8763.36 12035.6 88032.4 10515.8 8166.38 6619.77 5471.68 2245.57 8106.78 2213.3 8516.64 2765.05 2617.02 27883 7957.61 2349.46 149.166 26311.9 11067.1 1102.51 634.941 1148.1 1226.02 1969.26 1623.48 13997.2 1571.11 4578.76 2739.26 1019.55 467.572 3378.86 1068.15 882.222 968.5 314.13 9257.76 277.669 5751.6
internal_count=295068 188433 106635 161292 84251 27141 77041 25242 23062 18883 82959 72439 72077 1292 6994 1899 17232 362 1426 14256 9008 53979 26444 7758 10520 99641 9875 7535 5830 4948 1098 6359 980 4801 1768 2193 27535 6317 2340 42 26212 9976 473 278 882 215 1533 1250 15017 1323 3456 2976 883 195 2861 867 616 544 79 11427 194 3033
is_linear=0
shrinkage=0.0382085


end of trees

feature_importances:
price_zscore_30d=31
volume_zscore_30d=28
return_3d=27
return_1d=26
volume_mean_60d=16
volume_std_30d=12
price_std_7d=11
price_log=11
volume_lag_7d=11
price_std_60d=10
price_std_14d=9
vol_regime_60_30=9
bb_pct_b=9
bb_width=9
price_lag_1d=8
return_7d=8
return_14d=8
rsi_14=8
volume_log_change_7d=7
price_std_30d=6
log_return_1d=6
macd_signal=6
macd_histogram=6
return_30d=5
log_return_7d=5
return_60d=4
price_accel_7d=3
volume_lag_1d=3
volume_log_change_1d=3
macd_line=2
trend_divergence_30_60=1
autocorr_7d=1
rsi_missing=1

parameters:
[boosting: gbdt]
[objective: quantile]
[metric: quantile]
[tree_learner: serial]
[device_type: cpu]
[data_sample_strategy: bagging]
[data: ]
[valid: ]
[num_iterations: 1000]
[learning_rate: 0.0382085]
[num_leaves: 63]
[num_threads: -1]
[seed: 57]
[deterministic: 0]
[force_col_wise: 0]
[force_row_wise: 0]
[histogram_pool_size: -1]
[max_depth: 7]
[min_data_in_leaf: 10]
[min_sum_hessian_in_leaf: 0.001]
[bagging_fraction: 0.7]
[pos_bagging_fraction: 1]
[neg_bagging_fraction: 1]
[bagging_freq: 5]
[bagging_seed: 30554]
[bagging_by_query: 0]
[feature_fraction: 0.8]
[feature_fraction_bynode: 1]
[feature_fraction_seed: 30558]
[extra_trees: 0]
[extra_seed: 6244]
[early_stopping_round: 0]
[early_stopping_min_delta: 0]
[first_metric_only: 0]
[max_delta_step: 0]
[lambda_l1: 1]
[lambda_l2: 0.5]
[linear_lambda: 0]
[min_gain_to_split: 0.1]
[drop_rate: 0.1]
[max_drop: 50]
[skip_drop: 0.5]
[xgboost_dart_mode: 0]
[uniform_drop: 0]
[drop_seed: 23688]
[top_rate: 0.2]
[other_rate: 0.1]
[min_data_per_group: 100]
[max_cat_threshold: 32]
[cat_l2: 10]
[cat_smooth: 10]
[max_cat_to_onehot: 4]
[top_k: 20]
[monotone_constraints: ]
[monotone_constraints_method: basic]
[monotone_penalty: 0]
[feature_contri: ]
[forcedsplits_filename: ]
[refit_decay_rate: 0.9]
[cegb_tradeoff: 1]
[cegb_penalty_split: 0]
[cegb_penalty_feature_lazy: ]
[cegb_penalty_feature_coupled: ]
[path_smooth: 0]
[interaction_constraints: ]
[verbosity: -1]
[saved_feature_importance_type: 0]
[use_quantized_grad: 0]
[num_grad_quant_bins: 4]
[quant_train_renew_leaf: 0]
[stochastic_rounding: 1]
[linear_tree: 0]
[max_bin: 63]
[max_bin_by_feature: ]
[min_data_in_bin: 3]
[bin_construct_sample_cnt: 200000]
[data_random_seed: 224]
[is_enable_sparse: 1]
[enable_bundle: 1]
[use_missing: 1]
[zero_as_missing: 0]
[feature_pre_filter: 0]
[pre_partition: 0]
[two_round: 0]
[header: 0]
[label_column: ]
[weight_column: ]
[group_column: ]
[ignore_column: ]
[categorical_feature: ]
[forcedbins_filename: ]
[precise_float_parser: 0]
[parser_config_file: ]
[objective_seed: 6962]
[num_class: 1]
[is_unbalance: 0]
[scale_pos_weight: 1]
[sigmoid: 1]
[boost_from_average: 1]
[reg_sqrt: 0]
[alpha: 0.5]
[fair_c: 1]
[poisson_max_delta_step: 0.7]
[tweedie_variance_power: 1.5]
[lambdarank_truncation_level: 30]
[lambdarank_norm: 1]
[label_gain: ]
[lambdarank_position_bias_regularization: 0]
[eval_at: ]
[multi_error_top_k: 1]
[auc_mu_weights: ]
[num_machines: 1]
[local_listen_port: 12400]
[time_out: 120]
[machine_list_filename: ]
[machines: ]
[gpu_platform_id: -1]
[gpu_device_id: -1]
[gpu_use_dp: 0]
[num_gpu: 1]

end of parameters

pandas_categorical:[]
