tree
version=v4
num_class=1
num_tree_per_iteration=1
label_index=0
max_feature_idx=3
objective=quantile
feature_names=price_log price_lag_1d price_lag_3d price_std_7d
feature_infos=[-3.5065579414367676:5.9753527641296387] [0.029999999329447746:394.7659912109375] [0.029999999999999999:409.81] [0:80.011871337890625]
tree_sizes=671 691 691 1024 695 692 901 1026 696 904 910 908 910 913 911 1029 700 1026 699 906 908 906 909 1026 1025 698 907 696 903 1024 693 697 698 1025 694 699 1028 693 698 696 1026 697 695 697 698 696 699 698 696 914 699 700 920 697 699 692 696 694 695 699 913 696 696 702 917 908 694 698 694 697

Tree=0
num_leaves=5
num_cat=0
split_feature=0 2 2 0
split_gain=1564.93 722.734 244.784 42.0804
threshold=-3.3888024091720577 0.030250000000000003 0.092250000000000013 -3.095567941665649
decision_type=2 2 2 2
left_child=-1 3 -3 -2
right_child=1 2 -4 -5
leaf_value=-10.550629296187411 -11.522938338091469 -11.313589516531648 -11.012230569676971 -14.105159522807888
leaf_weight=102782.5744291544 1223.8020967245102 51261.265728235245 137694.85624277592 833.76533800363541
leaf_count=109229 963 37712 146042 238
internal_value=-10.9474 -10.9493 -10.9491 -10.9707
internal_weight=293796 191014 188956 2057.57
internal_count=294184 184955 183754 1201
is_linear=0
shrinkage=1


Tree=1
num_leaves=5
num_cat=0
split_feature=0 1 3 0
split_gain=1519.25 628.549 241.853 32.1236
threshold=-3.3888024091720577 0.03024999983608723 0.03036562912166119 -3.0108587741851802
decision_type=2 2 2 2
left_child=-1 3 -3 -2
right_child=1 2 -4 -5
leaf_value=0.38236125014448263 -0.61784768960323555 -0.053917672902281194 -0.42062146277909496 -3.0788797660953588
leaf_weight=102782.5744291544 1053.3382043242455 130705.82898378372 58679.447550356388 575.07466727495193
leaf_count=109229 798 129004 55044 109
internal_value=7.06369e-05 -0.00184085 -0.0016477 -0.0242558
internal_weight=293796 191014 189385 1628.41
internal_count=294184 184955 184048 907
is_linear=0
shrinkage=0.0362406


Tree=2
num_leaves=5
num_cat=0
split_feature=0 2 2 0
split_gain=1448.31 611.181 187.361 143.006
threshold=-3.3888024091720577 0.03425000000000001 0.098250000000000018 -3.095567941665649
decision_type=2 2 2 2
left_child=-1 3 -3 -2
right_child=1 2 -4 -5
leaf_value=0.36850424488841865 -0.4392070391586661 -0.31938023376709695 -0.053924731177457531 -2.9478836661571099
leaf_weight=102782.5744291544 2527.8525767922401 53674.714237213135 133728.1970680356 1082.9255236983299
leaf_count=109229 2081 39825 142685 364
internal_value=0.000151016 -0.0017153 -0.00143038 -0.0164831
internal_weight=293796 191014 187403 3610.78
internal_count=294184 184955 182510 2445
is_linear=0
shrinkage=0.0362406


Tree=3
num_leaves=8
num_cat=0
split_feature=3 2 3 3 3 1 1
split_gain=1334.18 413.504 215.562 171.777 81.7632 10.3717 3.04995
threshold=0.0029940410749986772 0.10425000000000002 0.0066026686690747747 0.027570256963372234 0.0011417136993259194 0.05725000053644181 0.034250000491738326
decision_type=2 2 2 2 2 2 2
left_child=4 2 -2 -3 6 -6 -1
right_child=1 3 -4 -5 5 -7 -8
leaf_value=0.35514942596685911 -0.2067315416530692 0.028095363990398314 -1.0163839111833268 -0.22558190655995045 0.025689330818211387 0.12153486012836071 0.13929985356892485
leaf_weight=92009.906705737114 23591.063686966896 67445.230534911156 21950.52020406723 55909.302186250687 12205.689911961555 17848.23717713356 2836.3134278655052
leaf_count=103260 17984 74434 9125 57139 11556 17802 2884
internal_value=0.000222197 -0.00187775 -0.00482915 -0.00078765 0.00306228 0.00141201 0.00358461
internal_weight=293796 168896 45541.6 123355 124900 30053.9 94846.2
internal_count=294184 158682 27109 131573 135502 29358 106144
is_linear=0
shrinkage=0.0362406


Tree=4
num_leaves=5
num_cat=0
split_feature=0 2 3 0
split_gain=1339.39 542.301 215.354 90.4399
threshold=-3.3888024091720577 0.030250000000000003 0.0036539272405207161 -3.2901258468627925
decision_type=2 2 2 2
left_child=-1 3 -3 -2
right_child=1 2 -4 -5
leaf_value=0.34227859384030007 -0.14903452144542345 0.068625907931440203 -0.17403611725278867 -2.7520544455280267
leaf_weight=102782.5744291544 729.33380699157715 38351.811454534531 150604.31051647663 1328.2336277365685
leaf_count=109229 594 37842 145912 607
internal_value=0.000284464 -0.00151029 -0.00130842 -0.0200125
internal_weight=293796 191014 188956 2057.57
internal_count=294184 184955 183754 1201
is_linear=0
shrinkage=0.0362406


Tree=5
num_leaves=5
num_cat=0
split_feature=0 1 3 0
split_gain=1311.03 527.244 192.894 72.1871
threshold=-3.3888024091720577 0.03024999983608723 0.0036539272405207161 -3.2901258468627925
decision_type=2 2 2 2
left_child=-1 3 -3 -2
right_child=1 2 -4 -5
leaf_value=0.32987420853166588 -0.15910849543247854 0.061577981926839921 -0.17223367397061781 -2.7000577885367929
leaf_weight=103096.03525698185 576.26458650827408 38214.212515413761 151122.09803050756 1088.222996711731
leaf_count=109177 474 38020 145959 429
internal_value=0.00032696 -0.00145054 -0.00127165 -0.0217541
internal_weight=294097 191001 189336 1664.49
internal_count=294059 184882 183979 903
is_linear=0
shrinkage=0.0362406


Tree=6
num_leaves=7
num_cat=0
split_feature=0 1 3 0 0 3
split_gain=1257.43 513.518 179.14 72.0554 4.23564 7.88019
threshold=-3.3888024091720577 0.03024999983608723 0.037276636809110648 -2.8430203199386592 -3.498293280601501 0.0011417136993259194
decision_type=2 2 2 2 2 2
left_child=4 3 -3 -2 -1 -6
right_child=1 2 -4 -5 5 -7
leaf_value=0.3179193657233636 -0.49212376262651675 -0.037507795041671135 -0.38821189278247853 -2.6340664299897392 -0.01154072942528408 0.0381644764620164
leaf_weight=99693.77162027359 1063.9012486338615 136678.38364946842 52657.926896452904 600.58633458614349 1058.0833613872528 2344.1802753210068
leaf_count=106453 801 135218 48761 102 1045 1679
internal_value=0.000354033 -0.00138675 -0.0012102 -0.0214243 0.0035796 0.00227717
internal_weight=294097 191001 189336 1664.49 103096 3402.26
internal_count=294059 184882 183979 903 109177 2724
is_linear=0
shrinkage=0.0362406


Tree=7
num_leaves=8
num_cat=0
split_feature=3 2 3 3 3 1 1
split_gain=1096.98 316.129 249.886 134.774 69.1104 7.9319 2.25173
threshold=0.0024115295382216577 0.10425000000000002 0.0066026686690747747 0.02272139769047499 0.00079428977915085863 0.05725000053644181 0.03024999983608723
decision_type=2 2 2 2 2 2 2
left_child=4 2 -2 -3 6 -6 -1
right_child=1 3 -4 -5 5 -7 -8
leaf_value=0.30639777372059523 -0.1333672779708831 0.048229991247963906 -0.96371543729150178 -0.16533686285749905 0.041743204426025381 0.11882293983447235 0.18380920911027213
leaf_weight=90059.952285051346 30489.360343456268 65004.260648608208 22563.719604730606 61329.108007013798 11259.033993065357 11753.087482452393 1638.3110217452049
leaf_count=101361 24202 71752 9215 63137 10922 11961 1509
internal_value=0.000384243 -0.00138548 -0.00373324 -0.000399096 0.00315223 0.00137264 0.00359822
internal_weight=294097 179386 53053.1 126333 114710 23012.1 91698.3
internal_count=294059 168306 33417 134889 125753 22883 102870
is_linear=0
shrinkage=0.0362406


Tree=8
num_leaves=5
num_cat=0
split_feature=0 2 0 2
split_gain=1169.64 312.376 308.045 152.249
threshold=-3.498293280601501 0.030250000000000003 -3.2901258468627925 0.092250000000000013
decision_type=2 2 2 2
left_child=-1 2 -2 -3
right_child=1 3 -4 -5
leaf_value=0.29529373124953351 -0.035258013273147384 -0.27245198166583973 -2.4611383425131614 -0.029274046929272084
leaf_weight=99693.77162027359 2092.6348200440407 53235.281278550625 1418.8809530735016 137656.26471418142
leaf_count=106453 1756 39283 626 145941
internal_value=0.000431869 -0.00120458 -0.0119154 -0.00100721
internal_weight=294097 194403 3511.52 190892
internal_count=294059 187606 2382 185224
is_linear=0
shrinkage=0.0362406


Tree=9
num_leaves=7
num_cat=0
split_feature=0 2 2 0 0 1
split_gain=1148.69 509.673 153.649 103.87 9.18528 2.71871
threshold=-3.3888024091720577 0.030250000000000003 0.092250000000000013 -3.1881225109100337 -3.498293280601501 0.03024999983608723
decision_type=2 2 2 2 2 2
left_child=4 3 -3 -2 -1 -6
right_child=1 2 -4 -5 5 -7
leaf_value=0.2845921060601051 -0.15529189083253719 -0.29170408350160587 -0.028360751633283162 -2.4066345427650639 0.0073770287296230476 0.091598763943534889
leaf_weight=99693.77162027359 1000.0054312348366 51281.904421150684 137598.65423744917 1120.2340393066406 1332.2978428602219 2069.9657938480377
leaf_count=106453 804 37750 145932 396 1055 1669
internal_value=0.000476871 -0.00118692 -0.00098822 -0.0188537 0.0035598 0.0016774
internal_weight=294097 191001 188881 2120.24 103096 3402.26
internal_count=294059 184882 183682 1200 109177 2724
is_linear=0
shrinkage=0.0362406


Tree=10
num_leaves=7
num_cat=0
split_feature=0 1 3 0 0 3
split_gain=1122.37 449.594 179.004 84.5819 8.11145 4.70166
threshold=-3.3888024091720577 0.03024999983608723 0.0036539272405207161 -3.1881225109100337 -3.498293280601501 0.0024115295382216577
decision_type=2 2 2 2 2 2
left_child=4 3 -3 -2 -1 -6
right_child=1 2 -4 -5 5 -7
leaf_value=0.27427831430422228 -0.13439862615991666 0.075109236489453529 -0.14839279287689738 -2.3282465461114237 0.0071096807024840659 0.078261239697647672
leaf_weight=99221.031398892403 866.43675321340561 38210.665046274662 150895.88960915804 828.64806646108627 2048.4278442263603 1319.9869441986084
leaf_count=106332 649 37720 145888 264 1878 834
internal_value=0.000506559 -0.00113684 -0.000969928 -0.0197141 0.00356355 0.00178175
internal_weight=293391 190802 189107 1695.08 102589 3368.41
internal_count=293565 184521 183608 913 109044 2712
is_linear=0
shrinkage=0.0362406


Tree=11
num_leaves=7
num_cat=0
split_feature=0 1 3 0 0 3
split_gain=1096.51 438.577 164.867 78.6081 8.28479 4.53894
threshold=-3.3888024091720577 0.03024999983608723 0.0036539272405207161 -3.1881225109100337 -3.498293280601501 0.0024115295382216577
decision_type=2 2 2 2 2 2
left_child=4 3 -3 -2 -1 -6
right_child=1 2 -4 -5 5 -7
leaf_value=0.26433830066136016 -0.1295279378555918 0.072387231881455141 -0.14301494742294465 -2.2438694691594891 0.006852021531147964 0.075425004568103027
leaf_weight=99221.031398892403 866.43675321340561 38210.665046274662 150895.88960915804 828.64806646108627 2048.4278442263603 1319.9869441986084
leaf_count=106332 649 37720 145888 264 1878 834
internal_value=0.000541365 -0.00108299 -0.000918129 -0.0194312 0.00356293 0.00176289
internal_weight=293391 190802 189107 1695.08 102589 3368.41
internal_count=293565 184521 183608 913 109044 2712
is_linear=0
shrinkage=0.0362406


Tree=12
num_leaves=7
num_cat=0
split_feature=0 2 3 0 0 3
split_gain=1076.5 474.991 157.052 109.408 8.28479 4.53894
threshold=-3.3888024091720577 0.030250000000000003 0.037276636809110648 -3.0108587741851802 -3.498293280601501 0.0024115295382216577
decision_type=2 2 2 2 2 2
left_child=4 3 -3 -2 -1 -6
right_child=1 2 -4 -5 5 -7
leaf_value=0.25475851918439468 -0.18225820952032754 -0.014183989431379326 -0.34943806065208277 -2.1838883412736312 0.0066037000855623737 0.07269155633205944
leaf_weight=99221.031398892403 1383.5152681469917 135825.89720308781 52822.860805928707 769.36619794368744 2048.4278442263603 1319.9869441986084
leaf_count=106332 1039 134533 48762 187 1878 834
internal_value=0.000569062 -0.0010404 -0.000846879 -0.0179641 0.00356293 0.00176289
internal_weight=293391 190802 188649 2152.88 102589 3368.41
internal_count=293565 184521 183295 1226 109044 2712
is_linear=0
shrinkage=0.0362406


Tree=13
num_leaves=7
num_cat=0
split_feature=0 2 2 0 0 3
split_gain=1057.22 464.757 155.621 114.005 8.28479 4.53894
threshold=-3.3888024091720577 0.030250000000000003 0.092250000000000013 -3.0108587741851802 -3.498293280601501 0.0024115295382216577
decision_type=2 2 2 2 2 2
left_child=4 3 -3 -2 -1 -6
right_child=1 2 -4 -5 5 -7
leaf_value=0.24552591483959954 -0.17565306068181513 -0.26461840216478172 -0.014303400556631598 -2.1047428938407378 0.0063643779608425211 0.070057169929712948
leaf_weight=99221.031398892403 1383.5152681469917 51422.491900205612 137226.2661088109 769.36619794368744 2048.4278442263603 1319.9869441986084
leaf_count=106332 1039 37513 145782 187 1878 834
internal_value=0.000595988 -0.000998993 -0.000807569 -0.0177393 0.00356293 0.00176289
internal_weight=293391 190802 188649 2152.88 102589 3368.41
internal_count=293565 184521 183295 1226 109044 2712
is_linear=0
shrinkage=0.0362406


Tree=14
num_leaves=7
num_cat=0
split_feature=0 2 3 0 0 3
split_gain=1032.69 430.791 153.481 120.66 10.406 3.01015
threshold=-3.3888024091720577 0.030250000000000003 0.0036539272405207161 -2.8430203199386592 -3.498293280601501 0.0029940410749986772
decision_type=2 2 2 2 2 2
left_child=4 3 -3 -2 -1 -6
right_child=1 2 -4 -5 5 -7
leaf_value=0.23662790571564507 -0.21877832319089591 0.079335253744695786 -0.1253402484472444 -2.0841243799754881 0.0061337290161033522 0.066837555970827064
leaf_weight=99221.031398892403 1481.9560114741325 38114.170736193657 150534.58727282286 670.92545461654663 2242.2524076104164 1126.1623808145523
leaf_count=106332 1093 37625 145670 133 2046 666
internal_value=0.000623489 -0.000952873 -0.000768566 -0.0170699 0.00355581 0.00154587
internal_weight=293391 190802 188649 2152.88 102589 3368.41
internal_count=293565 184521 183295 1226 109044 2712
is_linear=0
shrinkage=0.0362406


Tree=15
num_leaves=8
num_cat=0
split_feature=3 2 3 3 3 1 1
split_gain=925.585 259.491 260.938 112.342 47.3526 2.63002 2.44331
threshold=0.0024115295382216577 0.11025000000000001 0.0085136448033154028 0.037276636809110648 0.00079428977915085863 0.080249998718500151 0.03024999983608723
decision_type=2 2 2 2 2 2 2
left_child=4 2 -2 -3 6 -6 -1
right_child=1 3 -4 -5 5 -7 -8
leaf_value=0.22805236587735317 -0.098328016561999396 0.056096166753304331 -1.0400077207827427 -0.16489977643364861 0.084765477803397257 0.12696725748795104 0.16594625649517131
leaf_weight=89736.728169798851 36918.821631073952 76069.711635172367 18415.460352838039 47531.32643777132 15293.443030118942 7892.8204627633095 1656.7464860081673
leaf_count=101368 29147 84478 6382 48200 14730 8150 1489
internal_value=0.000682061 -0.000946228 -0.00300885 -2.2369e-05 0.00322537 0.00175796 0.00359703
internal_weight=293515 178935 55334.3 123601 114580 23186.3 91393.5
internal_count=293944 168207 35529 132678 125737 22880 102857
is_linear=0
shrinkage=0.0362406


Tree=16
num_leaves=5
num_cat=0
split_feature=0 2 0 3
split_gain=965.223 257.476 262.161 129.737
threshold=-3.498293280601501 0.030250000000000003 -2.9327684640884395 0.047265209257602699
decision_type=2 2 2 2
left_child=-1 2 -2 -3
right_child=1 3 -4 -5
leaf_value=0.21978760884084333 -0.093511565069550634 -0.0031847478777939468 -1.8640907295791471 -0.32679164344557399
leaf_weight=99129.65859234333 2838.4345772266388 143842.55144441128 795.24880111217499 46909.164790451527
leaf_count=106416 2229 142357 159 42783
internal_value=0.000713191 -0.000770683 -0.0103266 -0.000588311
internal_weight=293515 194385 3633.68 190752
internal_count=293944 187528 2388 185140
is_linear=0
shrinkage=0.0362406


Tree=17
num_leaves=8
num_cat=0
split_feature=3 2 3 3 3 1 1
split_gain=866.775 215.061 183.356 98.4541 40.3779 3.3984 1.79303
threshold=0.0022160127991810445 0.092250000000000013 0.0085136448033154028 0.017555184662342075 0.00079428977915085863 0.03024999983608723 0.080249998718500151
decision_type=2 2 2 2 2 2 2
left_child=4 2 -2 -3 5 -1 -6
right_child=1 3 -4 -5 6 -7 -8
leaf_value=0.21182237164754911 -0.104905079731416 0.064185768986257705 -1.0367667885644656 -0.10674326295086395 0.087397890560860669 0.16004768000620007 0.12509607215204041
leaf_weight=89736.728169798851 32809.701363682747 63587.750630736351 15937.239762842655 70080.7383223176 13423.566390693188 1656.7464860081673 6282.5870794653893
leaf_count=101368 25274 68768 5085 72438 13016 1489 6506
internal_value=0.000747672 -0.000789035 -0.00284959 -3.71593e-05 0.00327128 0.00359268 0.00177779
internal_weight=293515 182415 48746.9 133668 111100 91393.5 19706.2
internal_count=293944 171565 30359 141206 122379 102857 19522
is_linear=0
shrinkage=0.0362406


Tree=18
num_leaves=5
num_cat=0
split_feature=0 2 0 2
split_gain=934.147 229.195 253.825 114.863
threshold=-3.498293280601501 0.030250000000000003 -2.6845846176147456 0.092250000000000013
decision_type=2 2 2 2
left_child=-1 2 -2 -3
right_child=1 3 -4 -5
leaf_value=0.20414579951540213 -0.096422079035941258 -0.20307905114376698 -1.7801527256823098 0.0025685236823147334
leaf_weight=99129.65859234333 2992.1885496377945 53181.412310004234 641.49482870101929 137570.30392485857
leaf_count=106416 2295 39126 93 146014
internal_value=0.000760429 -0.000699355 -0.00971522 -0.000527275
internal_weight=293515 194385 3633.68 190752
internal_count=293944 187528 2388 185140
is_linear=0
shrinkage=0.0362406


Tree=19
num_leaves=7
num_cat=0
split_feature=0 1 0 3 0 3
split_gain=921.382 267.366 145.056 121.388 8.17018 9.06448
threshold=-3.3888024091720577 0.03024999983608723 -2.7606679201126094 0.0036539272405207161 -3.498293280601501 1.0000000180025095e-35
decision_type=2 2 2 2 2 2
left_child=4 2 -2 -3 -1 -6
right_child=1 3 -4 -5 5 -7
leaf_value=0.19674743104626627 -0.14520337134300756 0.075713698224187331 -1.6901417539213706 -0.099593893440177009 -0.016766948362499604 0.065052370005568322
leaf_weight=99129.65859234333 1240.7709472179413 38447.577256083488 529.22419476509094 150797.69241672754 18.765995502471924 3351.3688029050827
leaf_count=106416 868 37876 72 146024 6 2682
internal_value=0.000791335 -0.000695828 -0.0147128 -0.000564364 0.00356327 0.00177577
internal_weight=293515 191015 1770 189245 102500 3370.13
internal_count=293944 184840 940 183900 109104 2688
is_linear=0
shrinkage=0.0362406


Tree=20
num_leaves=7
num_cat=0
split_feature=0 1 3 0 0 3
split_gain=948.148 282.075 148.779 134.357 7.38692 4.45063
threshold=-3.3888024091720577 0.03024999983608723 0.033544480800628669 -2.4275856018066402 -3.498293280601501 0.0024115295382216577
decision_type=2 2 2 2 2 2
left_child=4 3 -3 -2 -1 -6
right_child=1 2 -4 -5 5 -7
leaf_value=0.18961718396946389 -0.15752868222176949 0.0036701685687285583 -0.30092758303128908 -1.6855530854052829 0.0047897217422085657 0.12088352319950928
leaf_weight=99536.638351202011 1213.9460824131966 133631.86079531908 56316.750247001648 506.57629370689392 1992.5682252645493 1304.8860245347023
leaf_count=106264 838 132040 52118 62 1844 832
internal_value=0.000759565 -0.000746396 -0.00061374 -0.0153514 0.00356699 0.00184465
internal_weight=294503 191669 189949 1720.52 102834 3297.45
internal_count=293998 185058 184158 900 108940 2676
is_linear=0
shrinkage=0.0362406


Tree=21
num_leaves=7
num_cat=0
split_feature=0 2 0 3 0 3
split_gain=931.538 339.274 226.871 132.06 7.67843 4.17725
threshold=-3.3888024091720577 0.03425000000000001 -2.4859117269515987 0.033544480800628669 -3.498293280601501 0.0024115295382216577
decision_type=2 2 2 2 2 2
left_child=4 2 -2 -3 -1 -6
right_child=1 3 -4 -5 5 -7
leaf_value=0.18274534140196508 -0.27033414074601253 0.010530794091145582 -2.0993953965967083 -0.2757620568212677 0.0046161393006515835 0.11650263048165627
leaf_weight=99536.638351202011 3054.7227399349213 131889.4330329895 657.26875853538513 56067.70888698101 1992.5682252645493 1304.8860245347023
leaf_count=106264 2346 130538 90 52084 1844 832
internal_value=0.000783196 -0.000709512 -0.0115585 -0.000494905 0.00356592 0.00181126
internal_weight=294503 191669 3711.99 187957 102834 3297.45
internal_count=293998 185058 2436 182622 108940 2676
is_linear=0
shrinkage=0.0362406


Tree=22
num_leaves=7
num_cat=0
split_feature=0 2 0 3 0 3
split_gain=914.062 313.37 237.918 123.565 8.03486 3.86093
threshold=-3.3888024091720577 0.03425000000000001 -2.4859117269515987 0.0036539272405207161 -3.498293280601501 0.0024115295382216577
decision_type=2 2 2 2 2 2
left_child=4 2 -2 -3 -1 -6
right_child=1 3 -4 -5 5 -7
leaf_value=0.17612253860651614 -0.26053706636204821 0.084936518980622128 -2.0233120250882077 -0.090648854737603701 0.004448847592802843 0.11228050399179995
leaf_weight=99536.638351202011 3054.7227399349213 37512.072979748249 657.26875853538513 150445.06894022226 1992.5682252645493 1304.8860245347023
leaf_count=106264 2346 37120 90 145502 1844 832
internal_value=0.000808143 -0.000670493 -0.0110971 -0.00046423 0.00356463 0.00177126
internal_weight=294503 191669 3711.99 187957 102834 3297.45
internal_count=293998 185058 2436 182622 108940 2676
is_linear=0
shrinkage=0.0362406


Tree=23
num_leaves=8
num_cat=0
split_feature=3 2 3 3 3 1 2
split_gain=832.098 194.605 203.983 98.259 37.4145 1.54532 0.462257
threshold=0.0022160127991810445 0.11025000000000001 0.011941324453800918 0.02272139769047499 0.00079428977915085863 0.034250000491738326 0.081250000000000017
decision_type=2 2 2 2 2 2 2
left_child=4 2 -2 -3 5 -1 -6
right_child=1 3 -4 -5 6 -7 -8
leaf_value=0.16973975022966145 -0.08982310329101767 0.072001811111213815 -1.1377110135614952 -0.10214801588121956 0.093725431699039491 0.14781765589711518 0.10776632223383929
leaf_weight=90483.437320768833 44376.634938776493 63175.484441041946 14477.629160583019 61344.358426392078 13386.804300665855 981.12794953584671 6277.749481678009
leaf_count=101787 34704 70178 3686 63232 13167 848 6396
internal_value=0.000821319 -0.000678061 -0.00239534 0.000133187 0.00329592 0.00360489 0.00185594
internal_weight=294503 183374 58854.3 124520 111129 91464.6 19664.6
internal_count=293998 171800 38390 133410 122198 102635 19563
is_linear=0
shrinkage=0.0362406


Tree=24
num_leaves=8
num_cat=0
split_feature=3 2 3 3 3 1 1
split_gain=807.523 202.112 152.81 89.1996 59.3956 2.53873 1.68298
threshold=0.0026106464210897688 0.11025000000000001 0.012838975060731174 0.20598043501377108 0.00079428977915085863 0.05725000053644181 0.034250000491738326
decision_type=2 2 2 2 2 2 2
left_child=4 2 -2 -3 6 -6 -1
right_child=1 3 -4 -5 5 -7 -8
leaf_value=0.16358827800226752 -0.11963846218708252 0.038680030080259026 -1.1127180001675125 -0.37520656281997322 0.0500879183578333 0.11749262899939356 0.14246065375861031
leaf_weight=90483.437320768833 39701.445775687695 105672.07745319605 13729.414628863335 17250.785148382187 12450.190356075764 14234.747386932373 981.12794953584671
leaf_count=101787 30143 116710 3274 14986 11935 14315 848
internal_value=0.000846306 -0.000706729 -0.00256763 0.000101721 0.00316486 0.00165664 0.00360427
internal_weight=294503 176354 53430.9 122923 118150 26684.9 91464.6
internal_count=293998 165113 33417 131696 128885 26250 102635
is_linear=0
shrinkage=0.0362406


Tree=25
num_leaves=5
num_cat=0
split_feature=0 2 0 1
split_gain=875.549 146.661 767.276 49.5806
threshold=-3.498293280601501 0.092250000000000013 -2.2706049680709834 0.81224998831748974
decision_type=2 2 2 2
left_child=-1 2 -2 -3
right_child=1 3 -4 -5
leaf_value=0.15765973888578724 -0.044911574385611629 -0.03150333251701725 -2.0849540260434898 0.10209782318671978
leaf_weight=99174.158888697624 51174.819886445999 90214.577705979347 5862.4598749876022 47241.13795375824
leaf_count=106265 40654 90703 1058 55131
internal_value=0.000852266 -0.000560537 -0.00210546 8.01467e-05
internal_weight=293667 194493 57037.3 137456
internal_count=293811 187546 41712 145834
is_linear=0
shrinkage=0.0362406


Tree=26
num_leaves=7
num_cat=0
split_feature=0 2 0 2 0 1
split_gain=866.102 267.751 248.632 89.9035 10.4023 1.26577
threshold=-3.3888024091720577 0.03425000000000001 -2.2706049680709834 0.18925000000000003 -3.498293280601501 0.034250000491738326
decision_type=2 2 2 2 2 2
left_child=4 2 -2 -3 -1 -6
right_child=1 3 -4 -5 5 -7
leaf_value=0.15194605364811081 -0.21659118546915107 -0.11367506835255625 -1.8063495662407438 0.030980786467796111 0.032063174530769289 0.10060738832396307
leaf_weight=99174.158888697624 3172.7434856891632 87286.717208445072 609.93495047092438 100033.26482605934 2634.2689391970634 756.06601130962372
leaf_count=106265 2417 71000 76 111341 2175 537
internal_value=0.000869014 -0.000572583 -0.0101178 -0.000379487 0.00355557 0.00155271
internal_weight=293667 191103 3782.68 187320 102564 3390.33
internal_count=293811 184834 2493 182341 108977 2712
is_linear=0
shrinkage=0.0362406


Tree=27
num_leaves=5
num_cat=0
split_feature=0 2 0 2
split_gain=857.916 140.313 278.346 87.328
threshold=-3.498293280601501 0.030250000000000003 -2.2706049680709834 0.17725000000000002
decision_type=2 2 2 2
left_child=-1 2 -2 -3
right_child=1 3 -4 -5
leaf_value=0.14643943585343513 -0.066670560016083555 -0.11198820564791474 -1.5016945422214676 0.028144630242411726
leaf_weight=99174.158888697624 3122.1869806647301 87653.599661588669 554.44755876064301 103162.76122015715
leaf_count=106265 2353 70738 69 114386
internal_value=0.000880319 -0.00051818 -0.00753055 -0.000382743
internal_weight=293667 194493 3676.63 190816
internal_count=293811 187546 2422 185124
is_linear=0
shrinkage=0.0362406


Tree=28
num_leaves=7
num_cat=0
split_feature=0 1 0 3 0 3
split_gain=852.877 238.674 161.14 112.814 7.88571 9.09387
threshold=-3.3888024091720577 0.03024999983608723 -2.4859117269515987 0.27077753841876989 -3.498293280601501 1.0000000180025095e-35
decision_type=2 2 2 2 2 2
left_child=4 2 -2 -3 -1 -6
right_child=1 3 -4 -5 5 -7
leaf_value=0.14113238125114655 -0.14565578860157757 -0.010943552947302785 -1.2013626842736973 -0.6397605824897511 -0.024217263524729651 0.05942607661160635
leaf_weight=99174.158888697624 1263.5147388577461 173001.97206306458 529.96258211135864 16307.211086630821 18.765995502471924 3371.5689550042152
leaf_count=106265 878 171810 66 12080 6 2706
internal_value=0.00089819 -0.000532355 -0.013688 -0.000407363 0.00356415 0.00181229
internal_weight=293667 191103 1793.48 189309 102564 3390.33
internal_count=293811 184834 944 183890 108977 2712
is_linear=0
shrinkage=0.0362406


Tree=29
num_leaves=8
num_cat=0
split_feature=3 2 3 3 3 1 1
split_gain=761.191 154.332 254.444 78.1737 50.2883 2.32126 0.93104
threshold=0.0024115295382216577 0.16425000000000003 0.013815105427056553 0.037276636809110648 0.00079428977915085863 0.03024999983608723 0.05725000053644181
decision_type=2 2 2 2 2 2 2
left_child=4 2 -2 -3 5 -1 -6
right_child=1 3 -4 -5 6 -7 -8
leaf_value=0.13601765754925738 -0.055100108102944641 0.07564970417510862 -1.037931514141432 -0.098866225460967877 0.068256625756268618 0.14458745179814697 0.11363131043596643
leaf_weight=89868.069522559643 57541.560700953007 60091.784348964691 15853.201145768166 45679.32184278965 11353.279437661171 1697.3145346641541 11582.622776508331
leaf_count=101234 47561 68894 4317 47488 10979 1493 11845
internal_value=0.00090864 -0.000566104 -0.00184307 0.000319481 0.0032167 0.00359735 0.0016946
internal_weight=293667 179166 73394.8 105771 114501 91565.4 22935.9
internal_count=293811 168260 51878 116382 125551 102727 22824
is_linear=0
shrinkage=0.0362406


Tree=30
num_leaves=5
num_cat=0
split_feature=0 2 0 2
split_gain=813.04 143.234 253.281 91.8897
threshold=-3.498293280601501 0.030250000000000003 -2.6138827800750728 0.5192500000000001
decision_type=2 2 2 2
left_child=-1 2 -2 -3
right_child=1 3 -4 -5
leaf_value=0.13108829455845911 -0.046005306867606316 -0.067573409405362925 -1.1212136997074234 0.08474038282389347
leaf_weight=99430.680944561958 3034.5751259326935 130175.87138110399 597.42717730998993 60710.074096083641
leaf_count=106445 2336 115422 87 69644
internal_value=0.000957592 -0.000404846 -0.00753379 -0.000268879
internal_weight=293949 194518 3632 190886
internal_count=293934 187489 2423 185066
is_linear=0
shrinkage=0.0362406


Tree=31
num_leaves=5
num_cat=0
split_feature=0 2 0 3
split_gain=805.459 138.297 256.665 107.546
threshold=-3.498293280601501 0.030250000000000003 -2.6138827800750728 0.0036539272405207161
decision_type=2 2 2 2
left_child=-1 2 -2 -3
right_child=1 3 -4 -5
leaf_value=0.12633757469336129 -0.04433804644613222 0.083296436054271741 -1.0805802303792791 -0.065124507773865373
leaf_weight=99430.680944561958 3034.5751259326935 39458.461366057396 597.42717730998993 151427.48411113024
leaf_count=106445 2336 38888 87 146178
internal_value=0.000970053 -0.000386015 -0.00739101 -0.000252408
internal_weight=293949 194518 3632 190886
internal_count=293934 187489 2423 185066
is_linear=0
shrinkage=0.0362406


Tree=32
num_leaves=5
num_cat=0
split_feature=0 3 1 1
split_gain=800.379 120.15 473.319 95.1801
threshold=-3.498293280601501 0.047265209257602699 0.81224998831748974 0.17324999719858172
decision_type=2 2 2 2
left_child=-1 3 -3 -2
right_child=1 2 -4 -5
leaf_value=0.12175902381797116 -0.043514458275590383 -1.4549703924223794 0.032281615645728949 0.079630708175764328
leaf_weight=99430.680944561958 81781.949886441231 13096.217250466347 34372.232936441898 65267.547707080841
leaf_count=106445 70799 4927 37777 73986
internal_value=0.000978435 -0.00037335 -0.00195869 0.000138047
internal_weight=293949 194518 47468.5 147049
internal_count=293934 187489 42704 144785
is_linear=0
shrinkage=0.0362406


Tree=33
num_leaves=8
num_cat=0
split_feature=3 2 3 3 3 1 1
split_gain=708.812 173.313 211.109 65.7157 62.459 5.34434 2.13107
threshold=0.00279561709612608 0.16425000000000003 0.011941324453800918 0.00079428977915085863 0.11096441373229028 0.05725000053644181 0.03024999983608723
decision_type=2 2 2 2 2 2 2
left_child=3 2 -2 6 -3 -5 -1
right_child=1 4 -4 5 -6 -7 -8
leaf_value=0.11734640242293884 -0.054951012524097662 0.06553031848399947 -0.85941195619980482 0.057008617069495067 -0.16039839869132597 0.11750081876499482 0.12560562209371579
leaf_weight=90000.098307788372 49234.925988733768 81092.659068703651 17731.624307453632 13660.382071197033 24339.722847282887 16204.695566892624 1684.5205669403076
leaf_count=101422 40560 92198 5491 12898 23627 16274 1464
internal_value=0.000997573 -0.000496446 -0.00193837 0.00311704 0.000418899 0.00163716 0.00359847
internal_weight=293949 172399 66966.6 121550 105432 29865.1 91684.6
internal_count=293934 161876 46051 132058 115825 29172 102886
is_linear=0
shrinkage=0.0362406


Tree=34
num_leaves=5
num_cat=0
split_feature=0 2 0 3
split_gain=777.249 126.511 262.448 91.63
threshold=-3.498293280601501 0.030250000000000003 -2.1606539487838741 0.0036539272405207161
decision_type=2 2 2 2
left_child=-1 2 -2 -3
right_child=1 3 -4 -5
leaf_value=0.11309369712254445 -0.037648717088288867 0.080613738944683405 -1.0568533180316129 -0.056609093285713244
leaf_weight=99430.680944561958 3148.2995101213455 39458.461366057396 483.70279312133789 151427.48411113024
leaf_count=106445 2368 38888 55 146178
internal_value=0.00101694 -0.00031516 -0.00701493 -0.000187362
internal_weight=293949 194518 3632 190886
internal_count=293934 187489 2423 185066
is_linear=0
shrinkage=0.0362406


Tree=35
num_leaves=5
num_cat=0
split_feature=0 2 0 3
split_gain=782.872 128.885 253.191 87.4262
threshold=-3.498293280601501 0.030250000000000003 -2.4275856018066402 0.0034373645903542642
decision_type=2 2 2 2
left_child=-1 2 -2 -3
right_child=1 3 -4 -5
leaf_value=0.10899511245983967 -0.031948774662483068 0.082789209890538673 -1.0570344087566812 -0.055881402867270676
leaf_weight=99939.896182119846 3028.6734836697578 36437.115705728531 552.44934844970703 153859.0883128643
leaf_count=106534 2313 36077 70 148735
internal_value=0.00101792 -0.000324924 -0.00713582 -0.000196429
internal_weight=293817 193877 3581.12 190296
internal_count=293729 187195 2383 184812
is_linear=0
shrinkage=0.0362406


Tree=36
num_leaves=8
num_cat=0
split_feature=3 2 3 3 3 1 1
split_gain=680.29 103.949 99.9397 77.3746 36.4333 2.26821 0.534019
threshold=0.0019910491537302737 0.092250000000000013 0.0036539272405207161 0.016225347295403484 0.00079428977915085863 0.034250000491738326 0.05725000053644181
decision_type=2 2 2 2 2 2 2
left_child=4 2 -2 -3 5 -1 -6
right_child=1 3 -4 -5 6 -7 -8
leaf_value=0.10504506300877586 0.041948873356555887 0.071464636881655302 -0.35909056088046193 -0.058597234537817171 0.081757461761494149 0.12632591612088528 0.11254493930375899
leaf_weight=90797.620087504387 15943.934485733509 61965.049206793308 35531.848980128765 72464.339422285557 8788.8017744421959 989.9545539021492 7335.6745220422745
leaf_count=102037 14001 67084 18655 74899 8620 839 7594
internal_value=0.00103047 -0.00029786 -0.00168283 0.000232079 0.00331933 0.00359899 0.00172393
internal_weight=293817 185905 51475.8 134429 107912 91787.6 16124.5
internal_count=293729 174639 32656 141983 119090 102876 16214
is_linear=0
shrinkage=0.0362406


Tree=37
num_leaves=5
num_cat=0
split_feature=0 2 0 3
split_gain=771.317 121.929 246.463 81.0101
threshold=-3.498293280601501 0.030250000000000003 -2.1606539487838741 0.13277585804462436
decision_type=2 2 2 2
left_child=-1 2 -2 -3
right_child=1 3 -4 -5
leaf_value=0.10123816576255609 -0.032241860918695756 0.010417090369405461 -1.066061881868325 -0.36869098167408093
leaf_weight=99939.896182119846 3080.3240929245949 164146.27166736126 500.79873919487 26149.932351231575
leaf_count=106534 2326 163635 57 21177
internal_value=0.00103723 -0.000295668 -0.00692019 -0.000170682
internal_weight=293817 193877 3581.12 190296
internal_count=293729 187195 2383 184812
is_linear=0
shrinkage=0.0362406


Tree=38
num_leaves=5
num_cat=0
split_feature=0 2 0 2
split_gain=766.366 115.505 245.946 79.0442
threshold=-3.498293280601501 0.030250000000000003 -2.1099028587341304 0.61875000000000013
decision_type=2 2 2 2
left_child=-1 2 -2 -3
right_child=1 3 -4 -5
leaf_value=0.097569232797837732 -0.031142719613928185 -0.054112478847115522 -1.0379537368229124 0.093204808467627534
leaf_weight=99939.896182119846 3109.2654715180397 134825.7536637187 471.85736060142517 55470.450354874134
leaf_count=106534 2329 121133 54 63679
internal_value=0.00104554 -0.000283066 -0.00673071 -0.000161409
internal_weight=293817 193877 3581.12 190296
internal_count=293729 187195 2383 184812
is_linear=0
shrinkage=0.0362406


Tree=39
num_leaves=5
num_cat=0
split_feature=0 3 1 1
split_gain=759.561 94.2498 243.596 112.679
threshold=-3.498293280601501 0.094087217003107085 1.4242500066757204 0.55825001001358043
decision_type=2 2 2 2
left_child=-1 3 -3 -2
right_child=1 2 -4 -5
leaf_value=0.094033264204788913 -0.028876272430459329 -1.5659015303651169 0.0071671842159938748 0.14067054289864647
leaf_weight=99939.896182119846 126700.23291832209 10033.216799139977 22474.802366197109 34669.074767053127
leaf_count=106534 118516 2920 24291 41468
internal_value=0.00105701 -0.000265681 -0.002046 9.26394e-05
internal_weight=293817 193877 32508 161369
internal_count=293729 187195 27211 159984
is_linear=0
shrinkage=0.0362406


Tree=40
num_leaves=8
num_cat=0
split_feature=3 2 3 3 3 1 1
split_gain=634.219 81.0978 321.467 68.4448 27.4093 3.30914 0.66307
threshold=0.0018159318133257332 0.47525000000000001 0.017555184662342075 0.27077753841876989 0.00079428977915085863 0.03024999983608723 0.052249999716877944
decision_type=2 2 2 2 2 2 2
left_child=4 2 -2 -3 5 -1 -6
right_child=1 3 -4 -5 6 -7 -8
leaf_value=0.090625441273364152 0.017975577707569263 0.11317100034533341 -0.63189350919224285 -0.22581597489100902 0.086648138642251432 0.098585341778441915 0.12229988433369039
leaf_weight=89983.578138053417 100025.98958486319 51291.311306059361 25825.553611218929 12189.872764468193 6499.537171959877 1665.8472996354103 6223.4409564137459
leaf_count=101477 92590 61055 12970 11576 6283 1449 6412
internal_value=0.00110545 -0.000144647 -0.000677591 0.000911052 0.00337365 0.00359307 0.00178867
internal_weight=293705 189333 125852 63481.2 104372 91649.4 12723
internal_count=293812 178191 105560 72631 115621 102926 12695
is_linear=0
shrinkage=0.0362406


Tree=41
num_leaves=5
num_cat=0
split_feature=0 2 0 1
split_gain=721.119 86.4117 522.58 39.7707
threshold=-3.498293280601501 0.092250000000000013 -2.2706049680709834 0.81224998831748974
decision_type=2 2 2 2
left_child=-1 2 -2 -3
right_child=1 3 -4 -5
leaf_value=0.087341119926513236 -0.012362079465037831 -0.0086931302460951047 -1.681849849643823 0.10853596504948182
leaf_weight=99636.332204937935 50939.711775243282 90270.29801440239 5483.9437137246132 47374.845124363899
leaf_count=106540 40335 90579 998 55360
internal_value=0.00111729 -0.000169135 -0.00136372 0.000320161
internal_weight=293705 194069 56423.7 137645
internal_count=293812 187272 41333 145939
is_linear=0
shrinkage=0.0362406


Tree=42
num_leaves=5
num_cat=0
split_feature=0 3 1 1
split_gain=718.005 79.2194 163.922 111.22
threshold=-3.498293280601501 0.20598043501377108 5.5820000171661386 0.55825001001358043
decision_type=2 2 2 2
left_child=-1 3 -3 -2
right_child=1 2 -4 -5
leaf_value=0.084175824391374998 -0.031109678050679098 -1.1243984709294648 0.13512095431973545 0.12383753293391743
leaf_weight=99636.332204937935 129414.29954129457 10025.969473958015 10170.607042074203 44457.922570407391
leaf_count=106540 119199 4137 10954 52982
internal_value=0.00112271 -0.000160936 -0.00230935 8.8318e-05
internal_weight=293705 194069 20196.6 173872
internal_count=293812 187272 15091 172181
is_linear=0
shrinkage=0.0362406


Tree=43
num_leaves=5
num_cat=0
split_feature=0 2 0 2
split_gain=710.872 83.5868 304.901 53.278
threshold=-3.498293280601501 0.039250000000000007 -2.1099028587341304 0.47525000000000001
decision_type=2 2 2 2
left_child=-1 2 -2 -3
right_child=1 3 -4 -5
leaf_value=0.081125241099830561 -0.063493948499929703 -0.034342528531405375 -1.4998889546695819 0.074790645829200711
leaf_weight=99636.332204937935 9075.6744817495346 121157.39758163691 537.20102620124817 63298.525538146496
leaf_count=106540 7566 107018 67 72621
internal_value=0.00113517 -0.000142084 -0.00343658 2.93312e-05
internal_weight=293705 194069 9612.88 184456
internal_count=293812 187272 7633 179639
is_linear=0
shrinkage=0.0362406


Tree=44
num_leaves=5
num_cat=0
split_feature=0 2 0 2
split_gain=708.212 79.5559 279.436 50.4543
threshold=-3.498293280601501 0.039250000000000007 -2.1099028587341304 0.82425000000000004
decision_type=2 2 2 2
left_child=-1 2 -2 -3
right_child=1 3 -4 -5
leaf_value=0.078185212810104487 -0.061192889023428614 -0.026568081145877411 -1.4455320628022312 0.097100747029939524
leaf_weight=99636.332204937935 9075.6744817495346 137138.13136124611 537.20102620124817 47317.791758537292
leaf_count=106540 7566 124704 67 54935
internal_value=0.00113983 -0.000135032 -0.00334912 3.21922e-05
internal_weight=293705 194069 9612.88 184456
internal_count=293812 187272 7633 179639
is_linear=0
shrinkage=0.0362406


Tree=45
num_leaves=5
num_cat=0
split_feature=0 3 1 1
split_gain=714.28 82.7237 390.815 74.481
threshold=-3.498293280601501 0.02272139769047499 0.46725000441074377 0.10725000128149988
decision_type=2 2 2 2
left_child=-1 3 -3 -2
right_child=1 2 -4 -5
leaf_value=0.07535173294140253 -0.034680600194766945 -0.93112276917805059 0.040822432150636877 0.076048894155349989
leaf_weight=99222.115394949913 58135.38234937191 17242.830884277821 51462.293481051922 68180.422003746033
leaf_count=106422 48366 8031 56635 74840
internal_value=0.00112017 -0.000153187 -0.00116543 0.000396964
internal_weight=294243 195021 68705.1 126316
internal_count=294294 187872 64666 123206
is_linear=0
shrinkage=0.0362406


Tree=46
num_leaves=5
num_cat=0
split_feature=0 2 0 3
split_gain=702.431 84.0917 532.773 65.903
threshold=-3.498293280601501 0.092250000000000013 -2.2141189575195308 0.016225347295403484
decision_type=2 2 2 2
left_child=-1 2 -2 -3
right_child=1 3 -4 -5
leaf_value=0.072620940113865759 -0.0088259105502772727 0.072730617152392846 -1.8058047306843321 -0.041398566373991336
leaf_weight=99222.115394949913 51806.476058244705 65767.03337854147 5389.9547905921936 72057.464491069317
leaf_count=106422 40788 71041 884 75159
internal_value=0.00114103 -0.000121721 -0.0012901 0.000362761
internal_weight=294243 195021 57196.4 137824
internal_count=294294 187872 41672 146200
is_linear=0
shrinkage=0.0362406


Tree=47
num_leaves=5
num_cat=0
split_feature=0 2 0 3
split_gain=697.55 75.5345 467.056 62.2751
threshold=-3.498293280601501 0.092250000000000013 -2.2141189575195308 0.016225347295403484
decision_type=2 2 2 2
left_child=-1 2 -2 -3
right_child=1 3 -4 -5
leaf_value=0.069989112886399876 -0.008506054160963443 0.070094815162058677 -1.7403612642371895 -0.03989825704185803
leaf_weight=99222.115394949913 51806.476058244705 65767.03337854147 5389.9547905921936 72057.464491069317
leaf_count=106422 40788 71041 884 75159
internal_value=0.00114967 -0.000108684 -0.00121604 0.000350471
internal_weight=294243 195021 57196.4 137824
internal_count=294294 187872 41672 146200
is_linear=0
shrinkage=0.0362406


Tree=48
num_leaves=5
num_cat=0
split_feature=0 2 0 0
split_gain=691.626 70.7732 395.692 10.593
threshold=-3.498293280601501 0.82425000000000004 -0.072033349424600587 -0.22909879684448239
decision_type=2 2 2 2
left_child=-1 2 -2 -3
right_child=1 3 -4 -5
leaf_value=0.067452664685208913 -0.01575503424574717 -0.52527644097231063 -2.3760726512007726 0.10612726985986851
leaf_weight=99222.115394949913 145045.70869904757 1091.3827641606331 2671.1132125854492 46212.724042654037
leaf_count=106422 132427 467 432 54546
internal_value=0.0011602 -9.27977e-05 -0.000483738 0.00112683
internal_weight=294243 195021 147717 47304.1
internal_count=294294 187872 132859 55013
is_linear=0
shrinkage=0.0362406


Tree=49
num_leaves=7
num_cat=0
split_feature=3 3 2 1 1 1
split_gain=599.632 73.8941 180.261 16.7913 2.23081 0.294346
threshold=0.00079428977915085863 0.0054994588717818269 0.25125000000000003 0.095249999314546599 0.034250000491738326 0.043250000104308135
decision_type=2 2 2 2 2 2
left_child=4 3 -3 -2 -1 -6
right_child=1 2 -4 -5 5 -7
leaf_value=0.065008138916122032 0.039989017388049282 -0.21540217250617338 0.051450312669735494 0.092702255781952181 0.030285472847396883 0.1506022092289194
leaf_weight=90723.50036919117 41890.524214446545 49236.184141993523 85036.573522269726 26440.843913495541 208.10922223329544 707.30872976779938
leaf_count=102108 36098 31894 95390 27985 235 584
internal_value=0.0011695 6.8944e-05 -0.000424501 0.00103936 0.00360208 0.0017035
internal_weight=294243 202604 134273 68331.4 91638.9 915.418
internal_count=294294 191367 127284 64083 102927 819
is_linear=0
shrinkage=0.0362406


Tree=50
num_leaves=5
num_cat=0
split_feature=0 3 1 0
split_gain=695.872 67.4261 268.494 58.3307
threshold=-3.498293280601501 0.0090747554786503332 0.20024999976158145 0.20396070927381518
decision_type=2 2 2 2
left_child=-1 3 -3 -2
right_child=1 2 -4 -5
leaf_value=0.062652204254052463 0.042421271631148678 -0.54086888967479718 0.016622399853889035 -1.7771251130174948
leaf_weight=99569.988068640232 88788.336396038532 20979.444423794746 83557.770574450493 587.21927416324615
leaf_count=106575 86034 10636 90646 121
internal_value=0.0011608 -0.000103462 -0.000728556 0.000627064
internal_weight=293483 193913 104537 89375.6
internal_count=294012 187437 101282 86155
is_linear=0
shrinkage=0.0362406


Tree=51
num_leaves=5
num_cat=0
split_feature=0 2 0 3
split_gain=688.279 77.1047 296.186 64.2915
threshold=-3.498293280601501 0.048250000000000008 -2.7606679201126094 0.016225347295403484
decision_type=2 2 2 2
left_child=-1 2 -2 -3
right_child=1 3 -4 -5
leaf_value=0.060381650103169385 -0.042423592590727227 0.048340872075652228 -1.2621206035629486 -0.06941072630160168
leaf_weight=99569.988068640232 16415.181881666183 98263.179759919643 1310.2788467407227 77924.130180120468
leaf_count=106575 13903 96926 311 76297
internal_value=0.00117428 -8.30688e-05 -0.00236153 0.000145861
internal_weight=293483 193913 17725.5 176187
internal_count=294012 187437 14214 173223
is_linear=0
shrinkage=0.0362406


Tree=52
num_leaves=7
num_cat=0
split_feature=3 3 2 1 1 3
split_gain=593.349 66.4618 157.071 14.9511 3.69324 1.8056
threshold=0.00079428977915085863 0.0058436982799321422 0.25125000000000003 0.095249999314546599 0.03024999983608723 1.0000000180025095e-35
decision_type=2 2 2 2 2 2
left_child=4 3 -3 -2 -1 -6
right_child=1 2 -4 -5 5 -7
leaf_value=0.058193382221595959 0.036167491694306088 -0.21952379748810522 0.044961685394122208 0.084854322015535916 -0.56382630704735581 0.065864811070367221
leaf_weight=90195.386906027794 42870.241647958755 45890.168078482151 84421.126269698143 28445.589606642723 106.63727343082428 1553.608954846859
leaf_count=101533 37102 29190 94543 30168 42 1434
internal_value=0.00117735 7.72134e-05 -0.000409246 0.000966849 0.00359159 0.00182872
internal_weight=293483 201627 130311 71315.8 91855.6 1660.25
internal_count=294012 191003 123733 67270 103009 1476
is_linear=0
shrinkage=0.0362406


Tree=53
num_leaves=5
num_cat=0
split_feature=0 3 1 1
split_gain=683.177 62.1974 132.343 87.3083
threshold=-3.498293280601501 0.20598043501377108 5.5820000171661386 0.81224998831748974
decision_type=2 2 2 2
left_child=-1 3 -3 -2
right_child=1 2 -4 -5
leaf_value=0.056084418504670962 -0.015853821334509809 -0.95499119467970672 0.12660509555519031 0.12762302151385016
leaf_weight=99569.988068640232 139874.14456737041 10127.837380766869 10147.782507777214 33763.00621253252
leaf_count=106575 131209 4229 11039 40960
internal_value=0.00118337 -6.93014e-05 -0.00196883 0.000152203
internal_weight=293483 193913 20275.6 173637
internal_count=294012 187437 15268 172169
is_linear=0
shrinkage=0.0362406


Tree=54
num_leaves=5
num_cat=0
split_feature=0 3 1 1
split_gain=679.968 59.0429 290.651 61.3532
threshold=-3.498293280601501 0.025012734346091751 0.60925000905990612 0.17324999719858172
decision_type=2 2 2 2
left_child=-1 3 -3 -2
right_child=1 2 -4 -5
leaf_value=0.05405188492102761 -0.013083533142281143 -0.72230846406705695 0.054407450770492714 0.082833709945176762
leaf_weight=99569.988068640232 79352.350330591202 18626.353096842766 46614.670723617077 49319.396517395973
leaf_count=106575 69988 9545 51742 56162
internal_value=0.00118911 -6.06161e-05 -0.000948941 0.000389377
internal_weight=293483 193913 65241 128672
internal_count=294012 187437 61287 126150
is_linear=0
shrinkage=0.0362406


Tree=55
num_leaves=5
num_cat=0
split_feature=0 3 1 1
split_gain=659.142 61.0505 119.043 77.2833
threshold=-3.498293280601501 0.27077753841876989 8.3677501678466815 0.81224998831748974
decision_type=2 2 2 2
left_child=-1 3 -3 -2
right_child=1 2 -4 -5
leaf_value=0.052093011595951332 -0.012609377909626263 -1.0301486918699581 0.13334977027245559 0.12117966246895653
leaf_weight=99439.99295759201 141329.32223516703 8652.5043815374374 7955.4666633009911 36436.493859410286
leaf_count=106570 131310 3489 8679 43839
internal_value=0.00122363 -3.85041e-06 -0.00210535 0.00019219
internal_weight=293814 194374 16608 177766
internal_count=293887 187317 12168 175149
is_linear=0
shrinkage=0.0362406


Tree=56
num_leaves=5
num_cat=0
split_feature=0 3 2 2
split_gain=653.78 52.9936 237.618 55.0557
threshold=-3.498293280601501 0.053428467363119132 1.4455000000000002 0.18925000000000003
decision_type=2 2 2 2
left_child=-1 3 -3 -2
right_child=1 2 -4 -5
leaf_value=0.050205129036679091 -0.015385132137175173 -0.84820817841245932 0.093633929224294005 0.072982816643189619
leaf_weight=99439.99295759201 86955.044824302197 16272.673733115196 28247.715800523758 62898.35278147459
leaf_count=106570 74824 7358 32312 72823
internal_value=0.00123341 1.03738e-05 -0.00108717 0.000336814
internal_weight=293814 194374 44520.4 149853
internal_count=293887 187317 39670 147647
is_linear=0
shrinkage=0.0362406


Tree=57
num_leaves=5
num_cat=0
split_feature=0 2 0 1
split_gain=645.068 51.3493 252.627 7.62626
threshold=-3.498293280601501 0.82425000000000004 -0.14705098420381543 0.81224998831748974
decision_type=2 2 2 2
left_child=-1 2 -2 -3
right_child=1 3 -4 -5
leaf_value=0.04838566449449614 -0.0060916880471478824 -0.20917939298353277 -2.1500699579586389 0.095261665774233603
leaf_weight=99439.99295759201 144251.29983514547 1289.4437875151634 2726.5030930042267 46106.540423750877
leaf_count=106570 131817 561 586 54353
internal_value=0.00124938 3.45204e-05 -0.000299686 0.00107205
internal_weight=293814 194374 146978 47396
internal_count=293887 187317 132403 54914
is_linear=0
shrinkage=0.0362406


Tree=58
num_leaves=5
num_cat=0
split_feature=0 1 0 2
split_gain=640.038 48.8141 361.924 13.4213
threshold=-3.498293280601501 0.81224998831748974 -0.14705098420381543 0.039250000000000007
decision_type=2 2 2 2
left_child=-1 2 -2 -3
right_child=1 3 -4 -5
leaf_value=0.04663213845867261 -0.0064591611204568742 -0.53496921974531997 -2.1961338033754081 0.087699650032307647
leaf_weight=99439.99295759201 144044.03555822372 19.294252395629883 1480.4077604413033 48830.049568355083
leaf_count=106570 131560 2 277 55478
internal_value=0.00125865 4.85356e-05 -0.000283916 0.00104002
internal_weight=293814 194374 145524 48849.3
internal_count=293887 187317 131837 55480
is_linear=0
shrinkage=0.0362406


Tree=59
num_leaves=5
num_cat=0
split_feature=0 3 1 1
split_gain=641.28 46.305 133.05 14.5007
threshold=-3.498293280601501 0.0036539272405207161 0.10725000128149988 0.052249999716877944
decision_type=2 2 2 2
left_child=-1 3 -3 -2
right_child=1 2 -4 -5
leaf_value=0.044942161277462027 0.0058640954298510451 -0.24665099250004735 0.024626304425655703 0.084900288190756054
leaf_weight=99439.99295759201 12628.596009552479 33369.163207054138 119761.5500420928 28614.477880716324
leaf_count=106570 11975 20376 126622 28344
internal_value=0.00125636 4.50705e-05 -0.000244931 0.00112311
internal_weight=293814 194374 153131 41243.1
internal_count=293887 187317 146998 40319
is_linear=0
shrinkage=0.0362406


Tree=60
num_leaves=7
num_cat=0
split_feature=1 3 1 3 1 3
split_gain=568.854 56.3746 158.39 15.531 14.089 3.23761
threshold=0.03024999983608723 0.0058436982799321422 0.185249999165535 0.00079428977915085863 0.095249999314546599 0.0097110024653375166
decision_type=2 2 2 2 2 2
left_child=3 4 -3 -1 -2 -5
right_child=1 2 -4 5 -6 -7
leaf_value=0.043313429901556795 0.032627617631056517 -0.3117864383421054 0.033322959770601963 0.062469572727058297 0.081988180503058006 0.14686101657419057
leaf_weight=89947.715734958649 40073.326407015324 31793.963622033596 95017.349749267101 5223.818043410778 28676.603246688843 3452.9931345582008
leaf_count=101361 34598 19910 103043 4263 30195 673
internal_value=0.00123734 0.000105337 -0.000347407 0.0034814 0.00094122 0.00200269
internal_weight=294186 195561 126811 98624.5 68749.9 8676.81
internal_count=294043 187746 122953 106297 64793 4936
is_linear=0
shrinkage=0.0362406


Tree=61
num_leaves=5
num_cat=0
split_feature=0 1 0 2
split_gain=647.646 44.2931 348.87 8.32064
threshold=-3.498293280601501 0.81224998831748974 -0.14705098420381543 0.039250000000000007
decision_type=2 2 2 2
left_child=-1 2 -2 -3
right_child=1 3 -4 -5
leaf_value=0.041743724745562989 -0.0076318509638819386 -0.51768172518672362 -2.0766172055818903 0.083542316565543798
leaf_weight=99215.513929486275 144528.4119052887 28.941378593444824 1559.1104029417038 48853.792321622372
leaf_count=106359 131926 3 280 55475
internal_value=0.00123981 2.65284e-05 -0.000289159 0.000971069
internal_weight=294186 194970 146088 48882.7
internal_count=294043 187684 132206 55478
is_linear=0
shrinkage=0.0362406


Tree=62
num_leaves=5
num_cat=0
split_feature=0 1 0 2
split_gain=647.675 41.4852 321.672 8.29173
threshold=-3.498293280601501 0.81224998831748974 -0.14705098420381543 0.039250000000000007
decision_type=2 2 2 2
left_child=-1 2 -2 -3
right_child=1 3 -4 -5
leaf_value=0.040230906663217096 -0.0073552680233249287 -0.49892062325976322 -2.0013593296289591 0.080514691984561668
leaf_weight=99215.513929486275 144528.4119052887 28.941378593444824 1559.1104029417038 48853.792321622372
leaf_count=106359 131926 3 280 55475
internal_value=0.00123976 2.6449e-05 -0.000279059 0.000940568
internal_weight=294186 194970 146088 48882.7
internal_count=294043 187684 132206 55478
is_linear=0
shrinkage=0.0362406


Tree=63
num_leaves=5
num_cat=0
split_feature=0 3 1 1
split_gain=647.885 48.7909 210.358 51.7317
threshold=-3.498293280601501 0.014965834096074106 0.46725000441074377 0.05725000053644181
decision_type=2 2 2 2
left_child=-1 3 -3 -2
right_child=1 2 -4 -5
leaf_value=0.038772914032222806 -0.044543924234795987 -0.47846658751703869 0.048947876889734024 0.058721920591249754
leaf_weight=99215.513929486275 23077.041850566864 25111.377942323685 57954.160325407982 88827.675890147686
leaf_count=106359 19915 15394 64280 88095
internal_value=0.00123937 2.58658e-05 -0.000639254 0.000520064
internal_weight=294186 194970 83065.5 111905
internal_count=294043 187684 79674 108010
is_linear=0
shrinkage=0.0362406


Tree=64
num_leaves=7
num_cat=0
split_feature=1 3 2 2 3 3
split_gain=566.403 54.3979 159.451 25.0372 14.7536 3.72049
threshold=0.03024999983608723 0.0085136448033154028 0.27125000000000005 0.10425000000000002 0.00079428977915085863 0.0097110024653375166
decision_type=2 2 2 2 2 2
left_child=4 3 -3 -2 -1 -6
right_child=1 2 -4 -5 5 -7
leaf_value=0.037367759944735103 0.01780287231750453 -0.35996993188702003 0.036204826412936382 0.082174062852263988 0.062363078622906104 0.15158489072131473
leaf_weight=89947.715734958649 50784.903895378113 30786.359440565109 77093.790218234062 36896.189470827579 5223.818043410778 3452.9931345582008
leaf_count=101361 43151 17943 86496 40156 4263 673
internal_value=0.00124572 0.00011616 -0.000428426 0.000786819 0.00348495 0.00204298
internal_weight=294186 195561 107880 87681.1 98624.5 8676.81
internal_count=294043 187746 104439 83307 106297 4936
is_linear=0
shrinkage=0.0362406


Tree=65
num_leaves=7
num_cat=0
split_feature=1 3 1 1 3 3
split_gain=569.465 49.4165 138.35 48.2351 18.0971 2.57274
threshold=0.03024999983608723 0.08049460127949716 1.4242500066757204 0.81224998831748974 0.00079428977915085863 0.0062033976428210744
decision_type=2 2 2 2 2 2
left_child=4 3 -3 -2 -1 -6
right_child=1 2 -4 -5 5 -7
leaf_value=0.03601352949966289 0.0084181438618730082 -1.2166474374548175 0.039750952261278394 0.11766351136069128 0.05321844575523689 0.14990565696768302
leaf_weight=89930.702049195766 137625.49462586641 11155.164589881897 24287.634648144245 22282.911535859108 4745.28982681036 3938.1853199005127
leaf_count=101251 130057 3726 26706 27248 3997 969
internal_value=0.00122518 9.16006e-05 -0.00113233 0.000363223 0.0034702 0.0018769
internal_weight=293965 195351 35442.8 159908 98614.2 8683.48
internal_count=293954 187737 30432 157305 106217 4966
is_linear=0
shrinkage=0.0362406


Tree=66
num_leaves=5
num_cat=0
split_feature=0 2 0 1
split_gain=655.305 42.2587 348.935 9.5797
threshold=-3.498293280601501 0.21825000000000003 -1.4177855253219602 1.4242500066757204
decision_type=2 2 2 2
left_child=-1 2 -2 -3
right_child=1 3 -4 -5
leaf_value=0.034708377193100257 -0.0038135546884834103 0.020100518543652655 -1.6070097437862128 0.088905764356037822
leaf_weight=99415.388032376766 96134.489101588726 59531.125628232956 4283.4844519495964 34600.895381510258
leaf_count=106354 81339 64727 775 40759
internal_value=0.00122986 6.42308e-06 -0.000510423 0.00055836
internal_weight=293965 194550 100418 94132
internal_count=293954 187600 82114 105486
is_linear=0
shrinkage=0.0362406


Tree=67
num_leaves=5
num_cat=0
split_feature=0 3 2 2
split_gain=654.126 42.5411 102.516 56.6852
threshold=-3.498293280601501 0.11096441373229028 2.7235000000000005 0.82425000000000004
decision_type=2 2 2 2
left_child=-1 3 -3 -2
right_child=1 2 -4 -5
leaf_value=0.033450524403330101 -0.003651701371927954 -0.87730087869737405 0.071517467746820787 0.11011074872298747
leaf_weight=99415.388032376766 139062.47611224651 12588.000257432461 16861.739141047001 26037.779052555561
leaf_count=106354 131120 5299 18999 32182
internal_value=0.00123201 9.67757e-06 -0.00125888 0.000236291
internal_weight=293965 194550 29449.7 165100
internal_count=293954 187600 24298 163302
is_linear=0
shrinkage=0.0362406


Tree=68
num_leaves=5
num_cat=0
split_feature=0 3 2 2
split_gain=651.64 41.2734 70.2749 59.3667
threshold=-3.498293280601501 0.27077753841876989 8.4840000000000018 0.61875000000000013
decision_type=2 2 2 2
left_child=-1 3 -3 -2
right_child=1 2 -4 -5
leaf_value=0.032238256966972752 -0.01265920512621627 -0.865831118813706 0.095521293585781875 0.086600086306532251
leaf_weight=99415.388032376766 134487.26183766127 8887.6483754515648 7702.8398522734642 43472.244497895241
leaf_count=106354 123221 3546 8585 52248
internal_value=0.00123656 1.65486e-05 -0.00171189 0.000177999
internal_weight=293965 194550 16590.5 177960
internal_count=293954 187600 12131 175469
is_linear=0
shrinkage=0.0362406


Tree=69
num_leaves=5
num_cat=0
split_feature=0 1 0 3
split_gain=649.782 41.0581 410.582 48.1415
threshold=-3.498293280601501 0.10725000128149988 -2.1099028587341304 0.016225347295403484
decision_type=2 2 2 2
left_child=-1 2 -2 -3
right_child=1 3 -4 -5
leaf_value=0.031069922842976456 -0.0056835418767919154 0.065355834939275104 -1.4854351174808034 -0.021611919629376575
leaf_weight=99415.388032376766 61364.591646432877 57744.62342697382 2665.61732172966 72775.16216814518
leaf_count=106354 49132 63080 457 74931
internal_value=0.00123996 2.16912e-05 -0.000729672 0.000390713
internal_weight=293965 194550 64030.2 130520
internal_count=293954 187600 49589 138011
is_linear=0
shrinkage=0.0362406


end of trees

feature_importances:
price_log=112
price_std_7d=100
price_lag_1d=68
price_lag_3d=66

parameters:
[boosting: gbdt]
[objective: quantile]
[metric: quantile]
[tree_learner: serial]
[device_type: cpu]
[data_sample_strategy: bagging]
[data: ]
[valid: ]
[num_iterations: 1000]
[learning_rate: 0.0362406]
[num_leaves: 23]
[num_threads: -1]
[seed: 91]
[deterministic: 0]
[force_col_wise: 0]
[force_row_wise: 0]
[histogram_pool_size: -1]
[max_depth: 3]
[min_data_in_leaf: 5]
[min_sum_hessian_in_leaf: 0.001]
[bagging_fraction: 0.7]
[pos_bagging_fraction: 1]
[neg_bagging_fraction: 1]
[bagging_freq: 5]
[bagging_seed: 2784]
[bagging_by_query: 0]
[feature_fraction: 0.7]
[feature_fraction_bynode: 1]
[feature_fraction_seed: 29510]
[extra_trees: 0]
[extra_seed: 8681]
[early_stopping_round: 0]
[early_stopping_min_delta: 0]
[first_metric_only: 0]
[max_delta_step: 0]
[lambda_l1: 1.5]
[lambda_l2: 1]
[linear_lambda: 0]
[min_gain_to_split: 0.1]
[drop_rate: 0.1]
[max_drop: 50]
[skip_drop: 0.5]
[xgboost_dart_mode: 0]
[uniform_drop: 0]
[drop_seed: 8477]
[top_rate: 0.2]
[other_rate: 0.1]
[min_data_per_group: 100]
[max_cat_threshold: 32]
[cat_l2: 10]
[cat_smooth: 10]
[max_cat_to_onehot: 4]
[top_k: 20]
[monotone_constraints: ]
[monotone_constraints_method: basic]
[monotone_penalty: 0]
[feature_contri: ]
[forcedsplits_filename: ]
[refit_decay_rate: 0.9]
[cegb_tradeoff: 1]
[cegb_penalty_split: 0]
[cegb_penalty_feature_lazy: ]
[cegb_penalty_feature_coupled: ]
[path_smooth: 0]
[interaction_constraints: ]
[verbosity: -1]
[saved_feature_importance_type: 0]
[use_quantized_grad: 0]
[num_grad_quant_bins: 4]
[quant_train_renew_leaf: 0]
[stochastic_rounding: 1]
[linear_tree: 0]
[max_bin: 63]
[max_bin_by_feature: ]
[min_data_in_bin: 3]
[bin_construct_sample_cnt: 200000]
[data_random_seed: 335]
[is_enable_sparse: 1]
[enable_bundle: 1]
[use_missing: 1]
[zero_as_missing: 0]
[feature_pre_filter: 0]
[pre_partition: 0]
[two_round: 0]
[header: 0]
[label_column: ]
[weight_column: ]
[group_column: ]
[ignore_column: ]
[categorical_feature: ]
[forcedbins_filename: ]
[precise_float_parser: 0]
[parser_config_file: ]
[objective_seed: 29977]
[num_class: 1]
[is_unbalance: 0]
[scale_pos_weight: 1]
[sigmoid: 1]
[boost_from_average: 1]
[reg_sqrt: 0]
[alpha: 0.1]
[fair_c: 1]
[poisson_max_delta_step: 0.7]
[tweedie_variance_power: 1.5]
[lambdarank_truncation_level: 30]
[lambdarank_norm: 1]
[label_gain: ]
[lambdarank_position_bias_regularization: 0]
[eval_at: ]
[multi_error_top_k: 1]
[auc_mu_weights: ]
[num_machines: 1]
[local_listen_port: 12400]
[time_out: 120]
[machine_list_filename: ]
[machines: ]
[gpu_platform_id: -1]
[gpu_device_id: -1]
[gpu_use_dp: 0]
[num_gpu: 1]

end of parameters

pandas_categorical:[]
