tree
version=v4
num_class=1
num_tree_per_iteration=1
label_index=0
max_feature_idx=3
objective=quantile
feature_names=price_log price_lag_1d price_lag_3d price_std_7d
feature_infos=[-3.5065579414367676:5.9753527641296387] [0.029999999329447746:394.7659912109375] [0.029999999999999999:409.81] [0:80.011871337890625]
tree_sizes=671 1026 695 694 693 695 800 798 696 909 1025 699 909 1025 700 700 700 1030 698 700 697 909 1026 697 910 698 910 907 912 1029 1027 697 697 695 697 699 697 907 696 700 1029 697 1024 1028 697 916 913 915 697 696 694 695 1029 912 697 702 704 917 699 698 920 920 696 696 697 695 696 700 699 696 919 699 698 702 917 697 700 922 698 700 701 696 699 702 697 702 703 701 697 699 695 693 693 915 693 700 699 696 702 699 924 914 922 705 698 916 701 921 700 698 694 914 694 701 693

Tree=0
num_leaves=5
num_cat=0
split_feature=0 1 3 0
split_gain=1574.64 670.213 222.316 33.0504
threshold=-3.3888024091720577 0.03024999983608723 0.0036539272405207161 -3.0108587741851802
decision_type=2 2 2 2
left_child=-1 3 -3 -2
right_child=1 2 -4 -5
leaf_value=-10.550629296187411 -11.646275639029577 -10.906645387931373 -11.156241597353221 -14.123740708802732
leaf_weight=102539.74127751589 1050.4498263001442 38871.891368448734 150479.82945764065 638.68822664022446
leaf_count=108857 769 38113 145734 124
internal_value=-10.9474 -10.9493 -10.9491 -10.972
internal_weight=293581 191041 189352 1689.14
internal_count=293597 184740 183847 893
is_linear=0
shrinkage=1


Tree=1
num_leaves=8
num_cat=0
split_feature=3 2 3 3 3 1 1
split_gain=1355.91 527.406 205.08 179.41 122.413 22.0035 5.94391
threshold=0.0029940410749986772 0.10425000000000002 0.0074976186733692893 0.037276636809110648 0.0011417136993259194 0.05725000053644181 0.034250000491738326
decision_type=2 2 2 2 2 2 2
left_child=4 2 -2 -3 6 -6 -1
right_child=1 3 -4 -5 5 -7 -8
leaf_value=0.38236125014448263 -0.26328120022810358 0.017390022383836561 -1.2063847425682066 -0.25714560481900134 -0.0074099473373713722 0.10200724916935205 0.10915340813908489
leaf_weight=91605.957907736301 25851.356188476086 75498.390654206276 20013.098556756973 47357.741073608398 12273.473239839077 18091.120281457901 2889.4622544646263
leaf_count=102865 19715 83328 7495 47958 11448 17897 2891
internal_value=5.8434e-05 -0.0020601 -0.0053765 -0.000821551 0.00292159 0.000917345 0.00356503
internal_weight=293581 168721 45864.5 122856 124860 30364.6 94495.4
internal_count=293597 158496 27210 131286 135101 29345 105756
is_linear=0
shrinkage=0.0362406


Tree=2
num_leaves=5
num_cat=0
split_feature=0 1 3 0
split_gain=1460.62 605.069 201.132 118.184
threshold=-3.3888024091720577 0.034250000491738326 0.037276636809110648 -2.8430203199386592
decision_type=2 2 2 2
left_child=-1 3 -3 -2
right_child=1 2 -4 -5
leaf_value=0.36850424488841865 -0.53535413301377743 -0.051933512719772326 -0.41085242967988006 -3.025401511527634
leaf_weight=102539.74127751589 2482.2190291285515 135367.29401743412 52501.862623929977 689.48320853710175
leaf_count=108857 1972 133929 48710 129
internal_value=0.000134214 -0.00173836 -0.00147299 -0.0174344
internal_weight=293581 191041 187869 3171.7
internal_count=293597 184740 182639 2101
is_linear=0
shrinkage=0.0362406


Tree=3
num_leaves=5
num_cat=0
split_feature=0 2 2 0
split_gain=1400.53 686.679 206.812 171.132
threshold=-3.3888024091720577 0.03425000000000001 0.092250000000000013 -3.1881225109100337
decision_type=2 2 2 2
left_child=-1 3 -3 -2
right_child=1 2 -4 -5
leaf_value=0.35514942596685911 -0.31194904520854855 -0.34153393575097479 -0.045276193705203346 -2.8808528174598766
leaf_weight=102539.74127751589 2155.810103058815 50016.308689117432 137324.54346609116 1544.1966207623482
leaf_count=108857 1823 36540 145764 613
internal_value=0.000203231 -0.00163041 -0.0013247 -0.0170901
internal_weight=293581 191041 187341 3700.01
internal_count=293597 184740 182304 2436
is_linear=0
shrinkage=0.0362406


Tree=4
num_leaves=5
num_cat=0
split_feature=0 2 2 0
split_gain=1359.17 656.397 216.767 85.081
threshold=-3.3888024091720577 0.030250000000000003 0.092250000000000013 -3.1881225109100337
decision_type=2 2 2 2
left_child=-1 3 -3 -2
right_child=1 2 -4 -5
leaf_value=0.34227859384030007 -0.34069815190425567 -0.34237208426014326 -0.043635356790085733 -2.7672049722956493
leaf_weight=102539.74127751589 1047.426519215107 51507.984231352806 137324.54346609116 1160.9046623706818
leaf_count=108857 819 37768 145764 389
internal_value=0.000254067 -0.00155229 -0.0013222 -0.0211931
internal_weight=293581 191041 188833 2208.33
internal_count=293597 184740 183532 1208
is_linear=0
shrinkage=0.0362406


Tree=5
num_leaves=5
num_cat=0
split_feature=0 2 2 0
split_gain=1323.45 623.43 167.811 88.0421
threshold=-3.3888024091720577 0.030250000000000003 0.092250000000000013 -2.8430203199386592
decision_type=2 2 2 2
left_child=-1 3 -3 -2
right_child=1 2 -4 -5
leaf_value=0.32987420853166588 -0.53292412524784627 -0.31901601397488094 -0.045576801837249652 -2.7205879836420461
leaf_weight=102748.48747241497 1410.2571522593498 51533.627588331699 137767.8029691577 742.27251380681992
leaf_count=109078 1064 37599 145906 138
internal_value=0.000301938 -0.00147852 -0.00125764 -0.0208693
internal_weight=294202 191454 189301 2152.53
internal_count=293785 184707 183505 1202
is_linear=0
shrinkage=0.0362406


Tree=6
num_leaves=6
num_cat=0
split_feature=0 2 2 0 0
split_gain=1273.36 593.039 152.336 86.2451 4.07485
threshold=-3.3888024091720577 0.030250000000000003 0.092250000000000013 -3.0108587741851802 -3.498293280601501
decision_type=2 2 2 2 2
left_child=4 3 -3 -2 -1
right_child=1 2 -4 -5 -6
leaf_value=0.3179193657233636 -0.45994201980703497 -0.30745467876963173 -0.043925070699811677 -2.5920280230883614 0.039145444376313988
leaf_weight=99443.444113075733 1307.4054287075996 51533.627588331699 137767.8029691577 845.1242373585701 3305.0433593392372
leaf_count=106406 1006 37599 145906 196 2672
internal_value=0.000326202 -0.00142023 -0.00120479 -0.0203324 0.00358089
internal_weight=294202 191454 189301 2152.53 102748
internal_count=293785 184707 183505 1202 109078
is_linear=0
shrinkage=0.0362406


Tree=7
num_leaves=6
num_cat=0
split_feature=0 2 2 0 0
split_gain=1238.65 577.229 133.613 91.1937 4.07485
threshold=-3.3888024091720577 0.030250000000000003 0.092250000000000013 -2.8430203199386592 -3.498293280601501
decision_type=2 2 2 2 2
left_child=4 3 -3 -2 -1
right_child=1 2 -4 -5 -6
leaf_value=0.30639777372059523 -0.49694204969653277 -0.29631233341402263 -0.042333199307691582 -2.5280555345486944 0.037726789561610394
leaf_weight=99443.444113075733 1410.2571522593498 51533.627588331699 137767.8029691577 742.27251380681992 3305.0433593392372
leaf_count=106406 1064 37599 145906 138 2672
internal_value=0.00037087 -0.0013516 -0.00113904 -0.02001 0.00358089
internal_weight=294202 191454 189301 2152.53 102748
internal_count=293785 184707 183505 1202 109078
is_linear=0
shrinkage=0.0362406


Tree=8
num_leaves=5
num_cat=0
split_feature=0 2 0 3
split_gain=1182.96 272.488 344.389 223.324
threshold=-3.498293280601501 0.030250000000000003 -3.2901258468627925 0.0036539272405207161
decision_type=2 2 2 2
left_child=-1 2 -2 -3
right_child=1 3 -4 -5
leaf_value=0.29529373124953351 -0.014326626137675023 0.085839378810598763 -2.3663681277773825 -0.15631150435437727
leaf_weight=99443.444113075733 2122.8067539334297 39558.036231994629 1452.7406523823738 151625.41994458437
leaf_count=106406 1745 38812 625 146197
internal_value=0.000407344 -0.00123454 -0.011147 -0.00104881
internal_weight=294202 194759 3575.55 191183
internal_count=293785 187379 2370 185009
is_linear=0
shrinkage=0.0362406


Tree=9
num_leaves=7
num_cat=0
split_feature=0 1 3 0 0 3
split_gain=1160.13 420.943 212.666 132.535 8.42123 4.12239
threshold=-3.3888024091720577 0.03024999983608723 0.0036539272405207161 -3.2901258468627925 -3.498293280601501 0.0011417136993259194
decision_type=2 2 2 2 2 2
left_child=4 3 -3 -2 -1 -6
right_child=1 2 -4 -5 5 -7
leaf_value=0.2845921060601051 -0.089106765209801472 0.082144648589141736 -0.15719976107496816 -2.3177114774481899 -0.013807420455570946 0.043769704745404363
leaf_weight=99443.444113075733 632.91583108901978 38420.764550030231 151280.34061032534 1119.9392321109772 1056.4423718452454 2248.6009874939919
leaf_count=106406 490 37793 145999 425 1027 1645
internal_value=0.000456542 -0.00121042 -0.00104672 -0.0188853 0.00356315 0.00173093
internal_weight=294202 191454 189701 1752.86 102748 3305.04
internal_count=293785 184707 183792 915 109078 2672
is_linear=0
shrinkage=0.0362406


Tree=10
num_leaves=8
num_cat=0
split_feature=3 2 3 3 3 1 1
split_gain=1048.34 307.648 152.137 142.496 80.693 7.64223 1.38401
threshold=0.0029940410749986772 0.098250000000000018 0.02272139769047499 0.011941324453800918 0.00079428977915085863 0.05725000053644181 0.03024999983608723
decision_type=2 2 2 2 2 2 2
left_child=4 3 -3 -2 6 -6 -1
right_child=1 2 -4 -5 5 -7 -8
leaf_value=0.27427831430422228 -0.23106238199446233 0.052355701555470494 -0.17796724936254471 -1.4879085837117449 0.046880244561261712 0.12184689734310822 0.19561778983839226
leaf_weight=89923.357340574265 30524.646673023701 64130.711845040321 61645.51079839468 12709.80771458149 14481.384974777699 18699.038746654987 1658.5193085670471
leaf_count=101438 22061 70084 63233 3084 13634 18802 1479
internal_value=0.000527836 -0.00133199 -0.000424963 -0.00396934 0.00304769 0.00151359 0.00360289
internal_weight=293773 169011 125776 43234.5 124762 33180.4 91581.9
internal_count=293815 158462 133317 25145 135353 32436 102917
is_linear=0
shrinkage=0.0362406


Tree=11
num_leaves=5
num_cat=0
split_feature=0 2 0 2
split_gain=1070.72 229.119 292.268 109.262
threshold=-3.498293280601501 0.030250000000000003 -3.2901258468627925 0.092250000000000013
decision_type=2 2 2 2
left_child=-1 2 -2 -3
right_child=1 3 -4 -5
leaf_value=0.26433830066136016 -0.015005999802437988 -0.24194765326583242 -2.1866772568215525 -0.023282755089230178
leaf_weight=99381.872344851494 2061.7511987686157 53364.547856807709 1420.8788898587227 137543.92711132765
leaf_count=106530 1716 39224 633 145712
internal_value=0.000563444 -0.00100072 -0.0102126 -0.000832335
internal_weight=293773 194391 3482.63 190908
internal_count=293815 187285 2349 184936
is_linear=0
shrinkage=0.0362406


Tree=12
num_leaves=7
num_cat=0
split_feature=0 2 0 2 0 1
split_gain=1054.66 389.752 119.474 108.965 7.87531 1.19966
threshold=-3.3888024091720577 0.030250000000000003 -3.095567941665649 0.092250000000000013 -3.498293280601501 0.034250000491738326
decision_type=2 2 2 2 2 2
left_child=4 2 -2 -3 -1 -6
right_child=1 3 -4 -5 5 -7
leaf_value=0.25475851918439468 -0.18627970744955391 -0.25606044005892953 -2.1432853425418545 -0.022506161845469934 0.036224000597844731 0.10053302045766467
leaf_weight=99381.872344851494 1233.9801550507545 51546.009770512581 859.15377390384674 137495.63933295012 2525.7077049612999 730.61431938409805
leaf_count=106530 952 37751 253 145704 2111 514
internal_value=0.000602175 -0.000988823 -0.0165389 -0.000816272 0.00356547 0.00177783
internal_weight=293773 191135 2093.13 189042 102638 3256.32
internal_count=293815 184660 1205 183455 109155 2625
is_linear=0
shrinkage=0.0362406


Tree=13
num_leaves=8
num_cat=0
split_feature=3 2 3 3 3 3 1
split_gain=997.833 267.279 182.278 136.465 81.5413 6.31673 1.23874
threshold=0.0032089898595586423 0.11725000000000002 0.011941324453800918 0.03036562912166119 0.00079428977915085863 0.0022160127991810445 0.03024999983608723
decision_type=2 2 2 2 2 2 2
left_child=4 2 -2 -3 6 -6 -1
right_child=1 3 -4 -5 5 -7 -8
leaf_value=0.24552591483959954 -0.1788897926936911 0.054484954509909034 -1.3706169725475257 -0.17947453335416197 0.10381466748821705 0.071983156234917495 0.19138960554184739
leaf_weight=89923.357340574265 34323.540863990784 64481.276816666126 14475.09482973814 52482.087759613991 19550.343472361565 16878.757010102272 1658.5193085670471
leaf_count=101438 25582 71935 3816 53914 19499 16152 1479
internal_value=0.000622907 -0.00123295 -0.003486 -0.000292463 0.00302648 0.00157352 0.00360382
internal_weight=293773 165762 48798.6 116963 128011 36429.1 91581.9
internal_count=293815 155247 29398 125849 138568 35651 102917
is_linear=0
shrinkage=0.0362406


Tree=14
num_leaves=5
num_cat=0
split_feature=0 2 0 3
split_gain=1001.56 199.668 249.071 173.878
threshold=-3.498293280601501 0.030250000000000003 -3.2901258468627925 0.047265209257602699
decision_type=2 2 2 2
left_child=-1 2 -2 -3
right_child=1 3 -4 -5
leaf_value=0.23662790571564507 -0.01953726007248675 -0.0047299121451956881 -1.9800847711532696 -0.36925521277115536
leaf_weight=99381.872344851494 2061.7511987686157 143996.41856074333 1420.8788898587227 46912.056407392025
leaf_count=106530 1716 142254 633 42682
internal_value=0.000663926 -0.000848867 -0.0094483 -0.000691659
internal_weight=293773 194391 3482.63 190908
internal_count=293815 187285 2349 184936
is_linear=0
shrinkage=0.0362406


Tree=15
num_leaves=5
num_cat=0
split_feature=0 2 0 3
split_gain=995.712 208.818 317.842 159.276
threshold=-3.498293280601501 0.030250000000000003 -3.095567941665649 0.0036539272405207161
decision_type=2 2 2 2
left_child=-1 2 -2 -3
right_child=1 3 -4 -5
leaf_value=0.22805236587735317 -0.048746924271744416 0.088184859344857147 -1.9211311364260739 -0.11720556861697795
leaf_weight=99107.606689095497 2632.8877696990967 39456.531137049198 939.25901871919632 151645.36601227522
leaf_count=106239 2153 38904 253 146452
internal_value=0.000666398 -0.000838768 -0.00952018 -0.000676158
internal_weight=293782 194674 3572.15 191102
internal_count=294001 187762 2406 185356
is_linear=0
shrinkage=0.0362406


Tree=16
num_leaves=5
num_cat=0
split_feature=0 2 0 3
split_gain=981.644 197.971 298.957 156.213
threshold=-3.498293280601501 0.030250000000000003 -3.0108587741851802 0.033544480800628669
decision_type=2 2 2 2
left_child=-1 2 -2 -3
right_child=1 3 -4 -5
leaf_value=0.21978760884084333 -0.059093289384893832 0.0019566236171635878 -1.8446251056391898 -0.29646206573775064
leaf_weight=99107.606689095497 2701.084291934967 135440.53906750679 871.06249648332596 55661.358081817627
leaf_count=106239 2203 133318 203 52038
internal_value=0.000687364 -0.000807129 -0.00926006 -0.000648791
internal_weight=293782 194674 3572.15 191102
internal_count=294001 187762 2406 185356
is_linear=0
shrinkage=0.0362406


Tree=17
num_leaves=8
num_cat=0
split_feature=3 2 3 3 3 1 1
split_gain=909.402 209.53 236.813 108.973 46.1089 3.08681 1.21071
threshold=0.0024115295382216577 0.11025000000000001 0.0085136448033154028 0.025012734346091751 0.00079428977915085863 0.05725000053644181 0.034250000491738326
decision_type=2 2 2 2 2 2 2
left_child=4 2 -2 -3 6 -6 -1
right_child=1 3 -4 -5 5 -7 -8
leaf_value=0.21182237164754911 -0.092283089781598757 0.061689706335734992 -0.96877282704919931 -0.13124758329491021 0.084918076942816889 0.13722723350008548 0.16748279971625063
leaf_weight=90276.475016653538 37217.914934515953 65586.206054270267 18549.493334591389 58222.205749392509 11280.669703662395 11706.046311438084 942.63952231407166
leaf_count=101795 29332 72648 6390 60136 11028 11865 807
internal_value=0.00071086 -0.000896885 -0.00274139 -6.56045e-05 0.00323932 0.00178391 0.00360545
internal_weight=293782 179576 55767.4 123808 114206 22986.7 91219.1
internal_count=294001 168506 35722 132784 125495 22893 102602
is_linear=0
shrinkage=0.0362406


Tree=18
num_leaves=5
num_cat=0
split_feature=0 2 0 2
split_gain=938.667 183.035 301.068 90.0356
threshold=-3.498293280601501 0.030250000000000003 -2.9327684640884395 0.16425000000000003
decision_type=2 2 2 2
left_child=-1 2 -2 -3
right_child=1 3 -4 -5
leaf_value=0.20414579951540213 -0.06245142997587938 -0.14014509388991395 -1.7670979897190882 0.011312268330696866
leaf_weight=99107.606689095497 2762.0537470579147 84461.892216920853 810.09304136037827 106640.00493240356
leaf_count=106239 2241 67625 165 117731
internal_value=0.000752364 -0.000709037 -0.00883677 -0.000556781
internal_weight=293782 194674 3572.15 191102
internal_count=294001 187762 2406 185356
is_linear=0
shrinkage=0.0362406


Tree=19
num_leaves=5
num_cat=0
split_feature=0 3 1 1
split_gain=926.251 162.372 457.2 113.051
threshold=-3.498293280601501 0.053428467363119132 1.2405000329017641 0.17324999719858172
decision_type=2 2 2 2
left_child=-1 3 -3 -2
right_child=1 2 -4 -5
leaf_value=0.19674743104626627 -0.074926127039017021 -1.5487864669391656 -0.0094569446515034294 0.065976769257182905
leaf_weight=99107.606689095497 82356.568720877171 14317.700933337212 30182.177452266216 67817.596831262112
leaf_count=106239 71047 6168 33570 76977
internal_value=0.000771418 -0.000680283 -0.00260302 -0.000110158
internal_weight=293782 194674 44499.9 150174
internal_count=294001 187762 39738 148024
is_linear=0
shrinkage=0.0362406


Tree=20
num_leaves=5
num_cat=0
split_feature=0 2 0 2
split_gain=943.511 175.66 279.74 84.8318
threshold=-3.498293280601501 0.030250000000000003 -2.6138827800750728 0.10425000000000002
decision_type=2 2 2 2
left_child=-1 2 -2 -3
right_child=1 3 -4 -5
leaf_value=0.18961718396946389 -0.071375095414462908 -0.16781522175646987 -1.6740567242915267 -0.0028467466655268028
leaf_weight=99678.718666315079 3041.5284117460251 60945.902638971806 637.7652895450592 129533.83336317539
leaf_count=106364 2354 45767 90 139156
internal_value=0.000757299 -0.000713891 -0.00855708 -0.000562063
internal_weight=293838 194159 3679.29 190480
internal_count=293731 187367 2444 184923
is_linear=0
shrinkage=0.0362406


Tree=21
num_leaves=7
num_cat=0
split_feature=0 1 3 0 0 3
split_gain=935.401 296.343 152.304 132.183 5.15995 8.96626
threshold=-3.3888024091720577 0.03024999983608723 0.0036539272405207161 -3.1881225109100337 -3.498293280601501 1.0000000180025095e-35
decision_type=2 2 2 2 2 2
left_child=4 3 -3 -2 -1 -6
right_child=1 2 -4 -5 5 -7
leaf_value=0.18274534140196508 -0.10427553785917966 0.091888563333172232 -0.10735839261811593 -1.561433224034803 -0.020402842947032998 0.057031443398520495
leaf_weight=99678.718666315079 810.43597483634949 38418.480858147144 150701.86894136667 905.38902908563614 19.547912001609802 3303.3069880008698
leaf_count=106364 639 37829 145908 267 7 2717
internal_value=0.000792536 -0.000709443 -0.000573074 -0.0156995 0.00357584 0.00212959
internal_weight=293838 190836 189120 1715.83 103002 3322.85
internal_count=293731 184643 183737 906 109088 2724
is_linear=0
shrinkage=0.0362406


Tree=22
num_leaves=8
num_cat=0
split_feature=3 2 3 3 3 1 2
split_gain=851.814 160.75 182.064 99.7099 43.5106 1.64745 1.53287
threshold=0.0024115295382216577 0.10425000000000002 0.0066026686690747747 0.019034430384635929 0.00079428977915085863 0.03024999983608723 0.030250000000000003
decision_type=2 2 2 2 2 2 2
left_child=4 2 -2 -3 5 -1 -6
right_child=1 3 -4 -5 6 -7 -8
leaf_value=0.17612253860651614 -0.04527697032138616 0.063545693850913132 -0.71729180581400886 -0.10963052559305558 0.038186137491762896 0.18093517697600378 0.11254569530089606
leaf_weight=90062.063102245331 30328.798561394215 59613.685217916965 22446.157524526119 66497.798825740814 2616.8960280418396 1682.8506288528442 20589.498481035233
leaf_count=101295 24093 65678 9142 69164 2364 1480 20515
internal_value=0.00081172 -0.000752198 -0.00243157 -4.89741e-05 0.00324594 0.00360117 0.0018391
internal_weight=293838 178886 52775 126111 114951 91744.9 23206.4
internal_count=293731 168077 33235 134842 125654 102775 22879
is_linear=0
shrinkage=0.0362406


Tree=23
num_leaves=5
num_cat=0
split_feature=0 3 2 2
split_gain=896.142 155.185 222.767 137.44
threshold=-3.498293280601501 0.20598043501377108 5.6790000000000012 0.61875000000000013
decision_type=2 2 2 2
left_child=-1 3 -3 -2
right_child=1 2 -4 -5
leaf_value=0.16973975022966145 -0.062305692257639954 -1.4793956559187125 0.031953021587977276 0.11822928213988203
leaf_weight=99678.718666315079 133094.80492913723 10381.960614621639 9962.8014555573463 40719.462704122066
leaf_count=106364 122805 4263 10921 49378
internal_value=0.000830183 -0.00060359 -0.00359844 -0.000252715
internal_weight=293838 194159 20344.8 173814
internal_count=293731 187367 15184 172183
is_linear=0
shrinkage=0.0362406


Tree=24
num_leaves=7
num_cat=0
split_feature=0 2 0 3 0 3
split_gain=877.395 254.729 212.251 131.291 6.08814 8.86617
threshold=-3.3888024091720577 0.030250000000000003 -2.4859117269515987 0.0036539272405207161 -3.498293280601501 1.0000000180025095e-35
decision_type=2 2 2 2 2 2
left_child=4 2 -2 -3 -1 -6
right_child=1 3 -4 -5 5 -7
leaf_value=0.16358827800226752 -0.11703671769345393 0.090863421220845578 -1.5519429037522805 -0.091943019253302893 -0.023962636442834421 0.058863450458911712
leaf_weight=99678.718666315079 1629.140229165554 38301.751581847668 592.13218212127686 150313.1508103013 19.547912001609802 3303.3069880008698
leaf_count=106364 1161 37716 75 145691 7 2717
internal_value=0.000876296 -0.000578353 -0.0127773 -0.000434334 0.0035719 0.00200776
internal_weight=293838 190836 2221.27 188615 103002 3322.85
internal_count=293731 184643 1236 183407 109088 2724
is_linear=0
shrinkage=0.0362406


Tree=25
num_leaves=5
num_cat=0
split_feature=0 2 0 3
split_gain=831.471 138.477 290.304 113.423
threshold=-3.498293280601501 0.030250000000000003 -2.4859117269515987 0.0036539272405207161
decision_type=2 2 2 2
left_child=-1 2 -2 -3
right_child=1 3 -4 -5
leaf_value=0.15765973888578724 -0.0520268810100439 0.086532708872295402 -1.4277231566485418 -0.076324256452987252
leaf_weight=99315.86323928833 3135.5812381505966 39462.071196615696 587.67627513408661 151247.05510449409
leaf_count=106336 2362 38867 76 146041
internal_value=0.000925655 -0.000452122 -0.00737372 -0.000316667
internal_weight=293748 194432 3723.26 190709
internal_count=293682 187346 2438 184908
is_linear=0
shrinkage=0.0362406


Tree=26
num_leaves=7
num_cat=0
split_feature=0 2 0 3 0 3
split_gain=827.096 263.751 273.919 110.88 8.44304 5.74547
threshold=-3.3888024091720577 0.03425000000000001 -2.4275856018066402 0.0036539272405207161 -3.498293280601501 0.0024115295382216577
decision_type=2 2 2 2 2 2
left_child=4 2 -2 -3 -1 -6
right_child=1 3 -4 -5 5 -7
leaf_value=0.15194605364811081 -0.15750686335839101 0.091775301197119227 -2.1035659343562179 -0.06974988119246861 0.00016522572228182416 0.13123952302468056
leaf_weight=99315.86323928833 3142.8162099123001 37310.814499258995 673.51176249980927 149785.85059154034 2109.6321073174477 1409.7586438655853
leaf_count=106336 2411 36869 88 145203 1910 865
internal_value=0.00094088 -0.000470235 -0.00990098 -0.000277528 0.00356111 0.00178523
internal_weight=293748 190913 3816.33 187097 102835 3519.39
internal_count=293682 184571 2499 182072 109111 2775
is_linear=0
shrinkage=0.0362406


Tree=27
num_leaves=7
num_cat=0
split_feature=0 2 0 3 0 3
split_gain=816.589 249.41 272.029 105.322 8.44304 5.74547
threshold=-3.3888024091720577 0.03425000000000001 -2.3202432394027706 0.014965834096074106 -3.498293280601501 0.0024115295382216577
decision_type=2 2 2 2 2 2
left_child=4 2 -2 -3 -1 -6
right_child=1 3 -4 -5 5 -7
leaf_value=0.14643943585343513 -0.16294065738559757 0.03561724683662925 -2.2092105746732806 -0.13991386771729633 0.00015923784118445356 0.12648332254759473
leaf_weight=99315.86323928833 3185.4082704782486 105568.89297759533 630.91970193386078 81527.772113204002 2109.6321073174477 1409.7586438655853
leaf_count=106336 2420 102757 79 79315 1910 865
internal_value=0.000957577 -0.000444543 -0.0096153 -0.00025714 0.00356111 0.00178523
internal_weight=293748 190913 3816.33 187097 102835 3519.39
internal_count=293682 184571 2499 182072 109111 2775
is_linear=0
shrinkage=0.0362406


Tree=28
num_leaves=7
num_cat=0
split_feature=0 2 0 3 0 3
split_gain=806.482 237.824 277.966 101.171 10.1497 4.99219
threshold=-3.3888024091720577 0.03425000000000001 -2.3202432394027706 0.0036539272405207161 -3.498293280601501 0.0029940410749986772
decision_type=2 2 2 2 2 2
left_child=4 2 -2 -3 -1 -6
right_child=1 3 -4 -5 5 -7
leaf_value=0.14113238125114655 -0.15703558843583981 0.08715851744348313 -2.1291474340348611 -0.066215654079465031 0.00015346696455553028 0.13281922584579403
leaf_weight=99315.86323928833 3185.4082704782486 37310.814499258995 630.91970193386078 149785.85059154034 2321.4327955245972 1197.9579556584358
leaf_count=106336 2420 36869 79 145203 2086 689
internal_value=0.000967878 -0.000425536 -0.00938075 -0.000242531 0.00355525 0.00161394
internal_weight=293748 190913 3816.33 187097 102835 3519.39
internal_count=293682 184571 2499 182072 109111 2775
is_linear=0
shrinkage=0.0362406


Tree=29
num_leaves=8
num_cat=0
split_feature=3 2 3 3 3 1 1
split_gain=732.306 127.077 257.286 72.8733 36.7961 1.52329 0.524002
threshold=0.0022160127991810445 0.16425000000000003 0.011941324453800918 0.025012734346091751 0.00079428977915085863 0.03024999983608723 0.080249998718500151
decision_type=2 2 2 2 2 2 2
left_child=4 2 -2 -3 5 -1 -6
right_child=1 3 -4 -5 6 -7 -8
leaf_value=0.13601765754925738 -0.031288761590351717 0.090556683564851415 -0.92667075436249058 -0.059704839151648162 0.09567237575435586 0.1406558829646177 0.11045442084385934
leaf_weight=90019.253366291523 58531.019761323929 50143.115428924561 17748.353468835354 55902.893197536469 13571.797622621059 1598.0029363632202 6233.8112717866898
leaf_count=101331 49227 57279 5573 59253 13137 1463 6419
internal_value=0.000980875 -0.000433412 -0.00156165 0.000377626 0.0032956 0.00360246 0.00187326
internal_weight=293748 182325 76279.4 106046 111423 91617.3 19805.6
internal_count=293682 171332 54800 116532 122350 102794 19556
is_linear=0
shrinkage=0.0362406


Tree=30
num_leaves=8
num_cat=0
split_feature=3 2 3 3 3 1 1
split_gain=720.486 131.854 172.428 80.1826 50.4413 1.78154 1.50373
threshold=0.0024115295382216577 0.11725000000000002 0.012838975060731174 0.02272139769047499 0.00079428977915085863 0.05725000053644181 0.034250000491738326
decision_type=2 2 2 2 2 2 2
left_child=4 2 -2 -3 6 -6 -1
right_child=1 3 -4 -5 5 -7 -8
leaf_value=0.13108829455845911 -0.070150739230215572 0.075652491436771996 -0.99065508162988236 -0.086847102717304614 0.079362868826788627 0.1124300434676104 0.14289183198225683
leaf_weight=90871.184281885624 44658.621734380722 59758.827811539173 13939.654271602631 60592.38153731823 11324.829224288464 11811.120561599731 1008.6472985744476
leaf_count=102149 34926 66411 3408 63103 10911 11850 851
internal_value=0.000984911 -0.000453205 -0.0018631 0.000232823 0.00322289 0.00170588 0.00360427
internal_weight=293965 178949 58598.3 120351 115016 23135.9 91879.8
internal_count=293609 167848 38334 129514 125761 22761 103000
is_linear=0
shrinkage=0.0362406


Tree=31
num_leaves=5
num_cat=0
split_feature=0 3 1 1
split_gain=794.508 132.319 249.957 122.513
threshold=-3.498293280601501 0.11096441373229028 2.0515000820159917 0.55825001001358043
decision_type=2 2 2 2
left_child=-1 3 -3 -2
right_child=1 2 -4 -5
leaf_value=0.12633757469336129 -0.034740068315928518 -1.6498577110425259 -0.013162006826279828 0.13916512841979115
leaf_weight=99851.984665811062 127512.29579108953 10591.187085688114 19005.807078182697 37003.992100417614
leaf_count=106579 118426 3602 20626 44376
internal_value=0.000996535 -0.000354499 -0.00258528 4.65086e-05
internal_weight=293965 194113 29597 164516
internal_count=293609 187030 24228 162802
is_linear=0
shrinkage=0.0362406


Tree=32
num_leaves=5
num_cat=0
split_feature=0 3 2 2
split_gain=780.634 115.842 159.121 124.718
threshold=-3.498293280601501 0.27077753841876989 8.4840000000000018 0.82425000000000004
decision_type=2 2 2 2
left_child=-1 3 -3 -2
right_child=1 2 -4 -5
leaf_value=0.12175902381797116 -0.040176978304571204 -1.3455432003718062 0.075945090645611363 0.14932948676003685
leaf_weight=99851.984665811062 141945.15948790312 9000.4835843443871 7725.4532499909401 35442.185733139515
leaf_count=106579 131588 3554 8579 43309
internal_value=0.00101958 -0.000319604 -0.00320271 -4.74317e-05
internal_weight=293965 194113 16725.9 177387
internal_count=293609 187030 12133 174897
is_linear=0
shrinkage=0.0362406


Tree=33
num_leaves=5
num_cat=0
split_feature=0 2 0 1
split_gain=772.578 102.931 685.669 40.808
threshold=-3.498293280601501 0.092250000000000013 -2.2706049680709834 0.81224998831748974
decision_type=2 2 2 2
left_child=-1 2 -2 -3
right_child=1 3 -4 -5
leaf_value=0.11734640242293884 -0.01592377276388374 -0.017785596760591726 -2.0787353304977421 0.1004768023334042
leaf_weight=99851.984665811062 51275.917504072189 90139.357691407204 5509.5897597670555 47188.417100131512
leaf_count=106579 40501 90315 993 55221
internal_value=0.00103305 -0.000299201 -0.00159709 0.000237092
internal_weight=293965 194113 56785.5 137328
internal_count=293609 187030 41494 145536
is_linear=0
shrinkage=0.0362406


Tree=34
num_leaves=5
num_cat=0
split_feature=0 3 1 1
split_gain=767.726 112.892 452.716 72.854
threshold=-3.498293280601501 0.03036562912166119 0.60925000905990612 0.095249999314546599
decision_type=2 2 2 2
left_child=-1 3 -3 -2
right_child=1 2 -4 -5
leaf_value=0.11309369712254445 -0.054281144636970861 -1.2032435522422686 0.032716056748295329 0.063239285452532018
leaf_weight=99851.984665811062 51574.887193202972 15825.034940242767 43527.594016432762 83185.765905499458
leaf_count=106579 42205 7006 48048 89771
internal_value=0.0010412 -0.000286861 -0.00160392 0.000292814
internal_weight=293965 194113 59352.6 134761
internal_count=293609 187030 55054 131976
is_linear=0
shrinkage=0.0362406


Tree=35
num_leaves=5
num_cat=0
split_feature=0 2 0 3
split_gain=749.696 104.655 305.96 86.4419
threshold=-3.498293280601501 0.030250000000000003 -2.5478515624999996 0.0036539272405207161
decision_type=2 2 2 2
left_child=-1 2 -2 -3
right_child=1 3 -4 -5
leaf_value=0.10899511245983967 -0.021143496796488651 0.081800475769980022 -0.84682868668665501 -0.050606139250655553
leaf_weight=99491.968563973904 3042.6540108323097 39628.44148337841 608.72358107566833 151506.52526563406
leaf_count=106320 2340 39001 87 146129
internal_value=0.00106403 -0.000243012 -0.00632014 -0.000126599
internal_weight=294278 194786 3651.38 191135
internal_count=293877 187557 2427 185130
is_linear=0
shrinkage=0.0362406


Tree=36
num_leaves=5
num_cat=0
split_feature=0 1 0 3
split_gain=745.732 103.556 275.234 82.2528
threshold=-3.498293280601501 0.03024999983608723 -2.4859117269515987 0.0058436982799321422
decision_type=2 2 2 2
left_child=-1 2 -2 -3
right_child=1 3 -4 -5
leaf_value=0.10504506300877586 -0.020377243557882931 0.059111652430127365 -1.6979620587081876 -0.067977325357002044
leaf_weight=99491.968563973904 2574.6179017424583 66198.562677800655 543.69174647331238 125469.47201490402
leaf_count=106320 1937 63173 67 122380
internal_value=0.0010708 -0.000232774 -0.0067832 -0.000125885
internal_weight=294278 194786 3118.31 191668
internal_count=293877 187557 2004 185553
is_linear=0
shrinkage=0.0362406


Tree=37
num_leaves=7
num_cat=0
split_feature=0 2 0 3 0 3
split_gain=738.956 196.785 273.297 79.9938 8.25583 5.31381
threshold=-3.3888024091720577 0.03425000000000001 -2.1606539487838741 0.0036539272405207161 -3.498293280601501 0.0024115295382216577
decision_type=2 2 2 2 2 2
left_child=4 2 -2 -3 -1 -6
right_child=1 3 -4 -5 5 -7
leaf_value=0.10123816576255609 -0.14361461412622908 0.08192313308830447 -1.551912395157041 -0.043961811240521884 0.0011119849347802047 0.13286048043170198
leaf_weight=99491.968563973904 3203.3449864387512 37540.733823955059 590.4557478427887 150099.29006767273 2024.6157838106155 1327.9039312005043
leaf_count=106320 2433 37011 69 145313 1898 833
internal_value=0.00108565 -0.00024518 -0.00841584 -7.96481e-05 0.00356334 0.00176185
internal_weight=294278 191434 3793.8 187640 102844 3352.52
internal_count=293877 184826 2502 182324 109051 2731
is_linear=0
shrinkage=0.0362406


Tree=38
num_leaves=5
num_cat=0
split_feature=0 3 1 1
split_gain=733.289 93.5916 267.562 94.461
threshold=-3.498293280601501 0.08049460127949716 1.4242500066757204 0.55825001001358043
decision_type=2 2 2 2
left_child=-1 3 -3 -2
right_child=1 2 -4 -5
leaf_value=0.097569232797837732 -0.01870487157155894 -1.3982505293804524 0.023843568936393764 0.13685236900202849
leaf_weight=99491.968563973904 126739.43320375681 11259.811295509338 24444.293759644032 32342.806082010269
leaf_count=106320 118469 3709 26681 38698
internal_value=0.00109219 -0.000200457 -0.00187738 0.000175576
internal_weight=294278 194786 35704.1 159082
internal_count=293877 187557 30390 157167
is_linear=0
shrinkage=0.0362406


Tree=39
num_leaves=5
num_cat=0
split_feature=0 2 0 1
split_gain=723.551 88.6742 581.203 37.6457
threshold=-3.498293280601501 0.092250000000000013 -2.2141189575195308 0.81224998831748974
decision_type=2 2 2 2
left_child=-1 2 -2 -3
right_child=1 3 -4 -5
leaf_value=0.094033264204788913 -0.011924140243738269 -0.0087200761038236842 -1.9119918814774364 0.10324125963265217
leaf_weight=99491.968563973904 51528.911588609219 90521.403519690037 5335.6017397046089 47400.427492916584
leaf_count=106320 40716 90695 884 55262
internal_value=0.00110906 -0.000174974 -0.00137938 0.000321207
internal_weight=294278 194786 56864.5 137922
internal_count=293877 187557 41600 145957
is_linear=0
shrinkage=0.0362406


Tree=40
num_leaves=8
num_cat=0
split_feature=3 2 3 3 3 1 1
split_gain=635.005 88.3672 231.163 54.5561 33.3965 1.53447 1.2966
threshold=0.0019910491537302737 0.18925000000000003 0.0085136448033154028 0.11096441373229028 0.00079428977915085863 0.034250000491738326 0.14824999868869784
decision_type=2 2 2 2 2 2 2
left_child=4 2 -2 -3 5 -1 -6
right_child=1 3 -4 -5 6 -7 -8
leaf_value=0.090625441273364152 0.016327349008436888 0.075226840630441855 -0.47790182643092766 -0.13314411098275036 0.097993453657448312 0.13600698144676182 0.031835436882458552
leaf_weight=90522.791826069355 59708.202433943748 75842.829562842846 26526.917343378067 24127.470095455647 15404.367359757423 947.98260843753815 710.07539123296738
leaf_count=101959 52159 87335 11921 23701 15422 817 821
internal_value=0.00112063 -0.000159789 -0.00101005 0.000573111 0.00333723 0.00360583 0.00180901
internal_weight=293791 186205 86235.1 99970.3 107585 91470.8 16114.4
internal_count=294135 175116 64080 111036 119019 102776 16243
is_linear=0
shrinkage=0.0362406


Tree=41
num_leaves=5
num_cat=0
split_feature=0 2 0 3
split_gain=711.582 85.7022 547.825 65.9899
threshold=-3.498293280601501 0.092250000000000013 -2.1606539487838741 0.016225347295403484
decision_type=2 2 2 2
left_child=-1 2 -2 -3
right_child=1 3 -4 -5
leaf_value=0.087341119926513236 -0.013047322514448954 0.070597307776709431 -1.7738792466460109 -0.046514468229490291
leaf_weight=99139.27344584465 51794.90711659193 65748.00136077404 5114.793653845787 71993.661044061184
leaf_count=106394 40945 70993 787 75016
internal_value=0.00112431 -0.000148296 -0.00133153 0.000340182
internal_weight=293791 194651 56909.7 137742
internal_count=294135 187741 41732 146009
is_linear=0
shrinkage=0.0362406


Tree=42
num_leaves=8
num_cat=0
split_feature=3 2 3 3 3 1 1
split_gain=621.986 85.7199 289.534 52.0278 36.1775 1.74449 1.17159
threshold=0.0019910491537302737 0.5192500000000001 0.017555184662342075 0.16299287974834445 0.00079428977915085863 0.034250000491738326 0.14824999868869784
decision_type=2 2 2 2 2 2 2
left_child=4 2 -2 -3 5 -1 -6
right_child=1 3 -4 -5 6 -7 -8
leaf_value=0.084175824391374998 0.0170438734829414 0.11755998120278593 -0.56316157770789876 -0.098478806642965794 0.09421156251829238 0.13155084830182345 0.028123211648863874
leaf_weight=90522.791826069355 98068.39357483387 43605.195111870766 27092.435113370419 17439.395635545254 15404.367359757423 947.98260843753815 710.07539123296738
leaf_count=101959 91070 52390 14208 17448 15422 817 821
internal_value=0.00113104 -0.000136185 -0.000679477 0.000976839 0.00332479 0.00360429 0.00173478
internal_weight=293791 186205 125161 61044.6 107585 91470.8 16114.4
internal_count=294135 175116 105278 69838 119019 102776 16243
is_linear=0
shrinkage=0.0362406


Tree=43
num_leaves=8
num_cat=0
split_feature=3 2 3 3 3 1 1
split_gain=615.526 81.2969 221.993 49.2757 36.7486 2.04709 1.14574
threshold=0.0019910491537302737 0.25125000000000003 0.013815105427056553 0.11096441373229028 0.00079428977915085863 0.034250000491738326 0.14824999868869784
decision_type=2 2 2 2 2 2 2
left_child=4 2 -2 -3 5 -1 -6
right_child=1 3 -4 -5 6 -7 -8
leaf_value=0.081125241099830561 0.0030829037567686149 0.084890379815034889 -0.63616290684865606 -0.10445724414833263 0.09079727794707948 0.12678336520653272 0.027104009280714748
leaf_weight=90522.791826069355 77631.091898322105 64588.351488888264 20335.218236029148 23650.757812380791 15404.367359757423 947.98260843753815 710.07539123296738
leaf_count=101959 68321 75694 7495 23606 15422 817 821
internal_value=0.00113903 -0.000121594 -0.000840505 0.000675953 0.00332136 0.00360303 0.00171896
internal_weight=293791 186205 97966.3 88239.1 107585 91470.8 16114.4
internal_count=294135 175116 75816 99300 119019 102776 16243
is_linear=0
shrinkage=0.0362406


Tree=44
num_leaves=5
num_cat=0
split_feature=0 2 0 3
split_gain=700.155 78.1863 476.777 57.1772
threshold=-3.498293280601501 0.092250000000000013 -2.1606539487838741 0.017555184662342075
decision_type=2 2 2 2
left_child=-1 2 -2 -3
right_child=1 3 -4 -5
leaf_value=0.078185212810104487 -0.014172341234933281 0.065712334941338796 -1.7272721133350253 -0.041040749728476239
leaf_weight=99139.27344584465 51794.90711659193 68257.121267795563 5114.793653845787 69484.541137039661
leaf_count=106394 40945 73779 787 72230
internal_value=0.00114446 -0.00011788 -0.00124806 0.000348679
internal_weight=293791 194651 56909.7 137742
internal_count=294135 187741 41732 146009
is_linear=0
shrinkage=0.0362406


Tree=45
num_leaves=7
num_cat=0
split_feature=3 3 2 1 1 1
split_gain=593.828 65.4526 177.735 11.6944 2.60698 0.310028
threshold=0.00079428977915085863 0.0054994588717818269 0.21825000000000003 0.10725000128149988 0.034250000491738326 0.043250000104308135
decision_type=2 2 2 2 2 2
left_child=4 3 -3 -2 -1 -6
right_child=1 2 -4 -5 5 -7
leaf_value=0.07535173294140253 0.041895141026858235 -0.24038314118523399 0.044618342309640055 0.086935650072231557 0.044536249932548934 0.12507094446600589
leaf_weight=90496.542585253716 46644.326156318188 44452.216019928455 89834.685432136059 21632.671200215816 221.74155920743942 699.55777847766876
leaf_count=101894 40729 27484 99781 23410 249 601
internal_value=0.00117447 7.99795e-05 -0.000384242 0.000993796 0.00359901 0.00157136
internal_weight=293982 202564 134287 68277 91417.8 921.299
internal_count=294148 191404 127265 64139 102744 850
is_linear=0
shrinkage=0.0362406


Tree=46
num_leaves=7
num_cat=0
split_feature=3 3 2 1 1 1
split_gain=588.776 61.6382 246.95 45.2885 2.78459 0.277622
threshold=0.00079428977915085863 0.02272139769047499 0.5192500000000001 0.17324999719858172 0.034250000491738326 0.043250000104308135
decision_type=2 2 2 2 2 2
left_child=4 3 -3 -2 -1 -6
right_child=1 2 -4 -5 5 -7
leaf_value=0.072620940113865759 0.0038841719307432933 -0.64414526236603864 0.059653677512167901 0.087219002545117094 0.042922229031718884 0.120538297043728
leaf_weight=90496.542585253716 84512.362711012363 21941.819713771343 49494.583524882793 46615.132858932018 221.74155920743942 699.55777847766876
leaf_count=101894 73112 9549 55494 53249 249 601
internal_value=0.00118418 9.43535e-05 -0.000761815 0.000561199 0.00359839 0.00150991
internal_weight=293982 202564 71436.4 131127 91417.8 921.299
internal_count=294148 191404 65043 126361 102744 850
is_linear=0
shrinkage=0.0362406


Tree=47
num_leaves=7
num_cat=0
split_feature=3 3 2 1 1 1
split_gain=586.38 57.1843 156.509 10.6238 2.78459 0.277622
threshold=0.00079428977915085863 0.0054994588717818269 0.23425000000000004 0.10725000128149988 0.034250000491738326 0.043250000104308135
decision_type=2 2 2 2 2 2
left_child=4 3 -3 -2 -1 -6
right_child=1 2 -4 -5 5 -7
leaf_value=0.069989112886399876 0.040236070762722516 -0.21430741610991463 0.045699255969337167 0.082203010946327412 0.04136670123419818 0.11616991553262877
leaf_weight=90496.542585253716 46644.326156318188 46720.304411172867 87566.597040891647 21632.671200215816 221.74155920743942 699.55777847766876
leaf_count=101894 40729 29600 97665 23410 249 601
internal_value=0.00118909 0.000101489 -0.000332395 0.000955637 0.00359839 0.00150991
internal_weight=293982 202564 134287 68277 91417.8 921.299
internal_count=294148 191404 127265 64139 102744 850
is_linear=0
shrinkage=0.0362406


Tree=48
num_leaves=5
num_cat=0
split_feature=0 2 0 2
split_gain=675.595 64.6684 281.751 45.2656
threshold=-3.498293280601501 0.039250000000000007 -1.6699852943420408 0.74625000000000008
decision_type=2 2 2 2
left_child=-1 2 -2 -3
right_child=1 3 -4 -5
leaf_value=0.067452664685208913 -0.038795776466362397 -0.020212240325801063 -1.6128750525657507 0.086030501825867425
leaf_weight=99388.842019379139 9339.625671684742 134569.47025877237 432.39743041992188 50251.405351281166
leaf_count=106324 7695 121958 46 58125
internal_value=0.00119255 -4.87828e-05 -0.00292199 0.000102853
internal_weight=293982 194593 9772.02 184821
internal_count=294148 187824 7741 180083
is_linear=0
shrinkage=0.0362406


Tree=49
num_leaves=5
num_cat=0
split_feature=0 3 1 1
split_gain=675.98 63.2856 102.454 87.0852
threshold=-3.498293280601501 0.27077753841876989 8.3677501678466815 0.81224998831748974
decision_type=2 2 2 2
left_child=-1 3 -3 -2
right_child=1 2 -4 -5
leaf_value=0.065008138916122032 -0.018327656707068003 -1.0062749592793117 0.088258160808494621 0.12826076731641151
leaf_weight=99388.842019379139 141351.24861842394 8547.9030313491821 7968.6459951996803 36725.101067185402
leaf_count=106324 131571 3453 8635 44165
internal_value=0.00119186 -4.98272e-05 -0.00219596 0.000148932
internal_weight=293982 194593 16516.5 178076
internal_count=294148 187824 12088 175736
is_linear=0
shrinkage=0.0362406


Tree=50
num_leaves=5
num_cat=0
split_feature=0 3 1 1
split_gain=688.875 71.1362 121.373 85.9495
threshold=-3.498293280601501 0.27077753841876989 5.5820000171661386 0.81224998831748974
decision_type=2 2 2 2
left_child=-1 3 -3 -2
right_child=1 2 -4 -5
leaf_value=0.062652204254052463 -0.019496421262574386 -1.2298162459318356 0.055083011410981181 0.12151246126609237
leaf_weight=99364.280673980713 141177.67867326736 7643.9078844189644 8976.77785384655 36449.997077941895
leaf_count=106450 131488 2590 9547 43891
internal_value=0.0011691 -8.61237e-05 -0.00235343 0.000125735
internal_weight=293613 194248 16620.7 177628
internal_count=293966 187516 12137 175379
is_linear=0
shrinkage=0.0362406


Tree=51
num_leaves=5
num_cat=0
split_feature=0 3 1 1
split_gain=685.379 63.0721 108.357 81.7319
threshold=-3.498293280601501 0.27077753841876989 5.5820000171661386 0.81224998831748974
decision_type=2 2 2 2
left_child=-1 3 -3 -2
right_child=1 2 -4 -5
leaf_value=0.060381650103169385 -0.018789859047371207 -1.1852469539927839 0.053086769432084548 0.11710877544854348
leaf_weight=99364.280673980713 141177.67867326736 7643.9078844189644 8976.77785384655 36449.997077941895
leaf_count=106450 131488 2590 9547 43891
internal_value=0.00117534 -7.66955e-05 -0.00221164 0.000122778
internal_weight=293613 194248 16620.7 177628
internal_count=293966 187516 12137 175379
is_linear=0
shrinkage=0.0362406


Tree=52
num_leaves=8
num_cat=0
split_feature=3 2 3 3 3 1 1
split_gain=592.039 61.8841 137.172 37.586 35.4468 2.44243 0.707163
threshold=0.0019910491537302737 0.21825000000000003 0.011941324453800918 0.16299287974834445 0.00079428977915085863 0.034250000491738326 0.13825000077486041
decision_type=2 2 2 2 2 2 2
left_child=4 2 -2 -3 5 -1 -6
right_child=1 3 -4 -5 6 -7 -8
leaf_value=0.058193382221595959 0.0032251414245526074 0.065414353122174709 -0.50924338306435601 -0.13703685981456579 0.08561055593665591 0.11237540287663864 0.031944699105569137
leaf_weight=90645.488595426083 70623.165196597576 75727.700396358967 21222.639799058437 18384.480504214764 15153.495048582554 946.58551186323166 909.08711135387421
leaf_count=101990 61591 87663 8078 17652 15166 821 1005
internal_value=0.00118303 -5.48882e-05 -0.000724375 0.000597899 0.00332185 0.0035978 0.00174478
internal_weight=293613 185958 91845.8 94112.2 107655 91592.1 16062.6
internal_count=293966 174984 69669 105315 118982 102811 16171
is_linear=0
shrinkage=0.0362406


Tree=53
num_leaves=7
num_cat=0
split_feature=3 3 1 2 1 2
split_gain=587.292 51.2569 76.2654 60.8559 3.21796 1.16715
threshold=0.00079428977915085863 0.27077753841876989 8.3677501678466815 0.82425000000000004 0.034250000491738326 0.092250000000000013
decision_type=2 2 2 2 2 2
left_child=4 3 -3 -2 -1 -6
right_child=1 2 -4 -5 5 -7
leaf_value=0.056084418504670962 -0.0040137894211531196 -0.86681826424907749 0.096077646698012761 0.11338901606266272 0.14544785477282213 -0.024885584716082605
leaf_weight=90645.488595426083 149055.76503485441 9451.3725593686104 7929.6081870794296 35583.82227486372 848.96118688583374 97.624324977397919
leaf_count=101990 135538 3571 8645 43401 704 117
internal_value=0.00118796 9.63278e-05 -0.00178468 0.000273699 0.00359512 0.00139546
internal_weight=293613 202021 17381 184640 91592.1 946.586
internal_count=293966 191155 12216 178939 102811 821
is_linear=0
shrinkage=0.0362406


Tree=54
num_leaves=5
num_cat=0
split_feature=0 2 0 3
split_gain=678.581 62.3779 345.427 51.7142
threshold=-3.498293280601501 0.058250000000000003 -2.6138827800750728 0.016225347295403484
decision_type=2 2 2 2
left_child=-1 2 -2 -3
right_child=1 3 -4 -5
leaf_value=0.05405188492102761 -0.030727840111065104 0.053255416285848692 -1.6714164988978777 -0.048451167305937064
leaf_weight=99364.280673980713 25061.067947566509 91033.774513602257 1330.765639603138 76822.753388702869
leaf_count=106450 20618 90591 326 75981
internal_value=0.00118751 -5.82959e-05 -0.0016963 0.00019893
internal_weight=293613 194248 26391.8 167857
internal_count=293966 187516 20944 166572
is_linear=0
shrinkage=0.0362406


Tree=55
num_leaves=5
num_cat=0
split_feature=0 1 0 3
split_gain=663.779 48.5019 678.596 55.0248
threshold=-3.498293280601501 0.17324999719858172 -1.6699852943420408 0.037276636809110648
decision_type=2 2 2 2
left_child=-1 2 -2 -3
right_child=1 3 -4 -5
leaf_value=0.052093011595951332 -0.0078489291255392762 0.075653222588438818 -2.0257286907421745 -0.044466305157372397
leaf_weight=99646.627618610859 85191.272479951382 59565.879648089409 2519.3781055808067 46953.414387822151
leaf_count=106319 70942 67846 430 47923
internal_value=0.00121884 -1.45475e-05 -0.000645925 0.000504836
internal_weight=293877 194230 87710.7 106519
internal_count=293460 187141 71372 115769
is_linear=0
shrinkage=0.0362406


Tree=56
num_leaves=5
num_cat=0
split_feature=0 3 1 1
split_gain=655.278 45.1148 133.077 13.7071
threshold=-3.498293280601501 0.0036539272405207161 0.10725000128149988 0.048250000923872001
decision_type=2 2 2 2
left_child=-1 3 -3 -2
right_child=1 2 -4 -5
leaf_value=0.050205129036679091 -0.0023242146061378728 -0.2540126320476519 0.022158478791565447 0.080491274850266623
leaf_weight=99646.627618610859 10506.433800458908 33328.563654780388 119900.61220228672 30494.334963917732
leaf_count=106319 10010 20248 126685 30198
internal_value=0.00123429 8.26759e-06 -0.000277159 0.00107628
internal_weight=293877 194230 153229 41000.8
internal_count=293460 187141 146933 40208
is_linear=0
shrinkage=0.0362406


Tree=57
num_leaves=7
num_cat=0
split_feature=1 3 2 1 3 3
split_gain=565.744 54.8877 163.048 22.6893 18.0274 3.12846
threshold=0.03024999983608723 0.0079884584993124026 0.21825000000000003 0.10725000128149988 0.00079428977915085863 0.013815105427056553
decision_type=2 2 2 2 2 2
left_child=4 3 -3 -2 -1 -6
right_child=1 2 -4 -5 5 -7
leaf_value=0.04838566449449614 0.023193970263658683 -0.37496167769156813 0.030958948186716635 0.081821306528195512 0.056898293431992444 0.11990731012551423
leaf_weight=89959.580262005329 50413.226670265198 27564.691011428833 83411.480669438839 33567.895645141602 5850.8159207105637 3108.8820610642433
leaf_count=101210 43351 14978 92507 36421 4543 450
internal_value=0.00123603 0.000103096 -0.000425563 0.000802331 0.00346833 0.00190492
internal_weight=293877 194957 110976 83981.1 98919.3 8959.7
internal_count=293460 187257 107485 79772 106203 4993
is_linear=0
shrinkage=0.0362406


Tree=58
num_leaves=5
num_cat=0
split_feature=0 2 0 0
split_gain=651.478 41.8877 242.153 6.45661
threshold=-3.498293280601501 0.82425000000000004 -0.14705098420381543 -0.22909879684448239
decision_type=2 2 2 2
left_child=-1 2 -2 -3
right_child=1 3 -4 -5
leaf_value=0.04663213845867261 -0.0052189906729966382 -0.25801822689847209 -2.0680797471257484 0.081146454001888274
leaf_weight=99646.627618610859 143797.90315294266 1256.3697011470795 2834.1460959911346 46341.525671362877
leaf_count=106319 131474 491 612 54564
internal_value=0.00124123 1.87609e-05 -0.000284176 0.000953129
internal_weight=293877 194230 146632 47597.9
internal_count=293460 187141 132086 55055
is_linear=0
shrinkage=0.0362406


Tree=59
num_leaves=5
num_cat=0
split_feature=0 3 1 1
split_gain=650.24 42.2521 201.523 52.269
threshold=-3.498293280601501 0.025012734346091751 0.60925000905990612 0.10725000128149988
decision_type=2 2 2 2
left_child=-1 3 -3 -2
right_child=1 2 -4 -5
leaf_value=0.044942161277462027 -0.024718395220001761 -0.65802543831898386 0.04684749201794846 0.060647877139665664
leaf_weight=99646.627618610859 58138.332095086575 18710.177435219288 46826.179183959961 70555.255907177925
leaf_count=106319 48174 9551 51799 77617
internal_value=0.00124349 2.21873e-05 -0.000726539 0.000403896
internal_weight=293877 194230 65536.4 128694
internal_count=293460 187141 61350 125791
is_linear=0
shrinkage=0.0362406


Tree=60
num_leaves=7
num_cat=0
split_feature=1 3 1 3 3 3
split_gain=558.768 49.5575 137.486 18.5589 8.29251 4.87023
threshold=0.03024999983608723 0.0054994588717818269 0.185249999165535 0.00079428977915085863 0.0024115295382216577 0.013815105427056553
decision_type=2 2 2 2 2 2
left_child=3 4 -3 -1 -2 -5
right_child=1 2 -4 5 -6 -7
leaf_value=0.043313429901556795 0.057057731254958638 -0.24172331806553524 0.031490659613570213 0.041445756248046195 0.041463066776771126 0.16443935364557313
leaf_weight=89984.556023418903 22325.882150530815 33731.506151080132 95582.100970327854 5900.9634417891502 43387.552880108356 3056.9267310500145
leaf_count=101425 22102 21632 103827 4572 39881 452
internal_value=0.00124786 0.000122176 -0.000289323 0.00346615 0.000932761 0.00188004
internal_weight=293969 195027 129314 98942.4 65713.4 8957.89
internal_count=293891 187442 125459 106449 61983 5024
is_linear=0
shrinkage=0.0362406


Tree=61
num_leaves=7
num_cat=0
split_feature=1 3 1 3 3 3
split_gain=559.062 46.7014 127.191 18.5589 8.38296 4.87023
threshold=0.03024999983608723 0.0054994588717818269 0.17324999719858172 0.00079428977915085863 0.0024115295382216577 0.013815105427056553
decision_type=2 2 2 2 2 2
left_child=3 4 -3 -1 -2 -5
right_child=1 2 -4 5 -6 -7
leaf_value=0.041743724745562989 0.054989924222733765 -0.24379527759763495 0.02906129918229269 0.039943736726053017 0.039960419910643502 0.1584799710279321
leaf_weight=89984.556023418903 22325.882150530815 31918.353243350983 97395.253878057003 5900.9634417891502 43387.552880108356 3056.9267310500145
leaf_count=101425 22102 20018 105441 4572 39881 452
internal_value=0.00124728 0.000121297 -0.000278158 0.00346615 0.000908182 0.00188004
internal_weight=293969 195027 129314 98942.4 65713.4 8957.89
internal_count=293891 187442 125459 106449 61983 5024
is_linear=0
shrinkage=0.0362406


Tree=62
num_leaves=5
num_cat=0
split_feature=0 1 0 2
split_gain=646.406 37.9393 311.444 8.26114
threshold=-3.498293280601501 0.81224998831748974 -0.14705098420381543 0.039250000000000007
decision_type=2 2 2 2
left_child=-1 2 -2 -3
right_child=1 3 -4 -5
leaf_value=0.040230906663217096 -0.0061145963800417636 -0.19471874498932315 -2.0915637343340232 0.074454464317380828
leaf_weight=99539.951856791973 144220.99745124578 28.941378593444824 1516.128699362278 48663.468962311745
leaf_count=106519 131724 3 277 55368
internal_value=0.0012484 3.21684e-05 -0.000260163 0.000908223
internal_weight=293969 194430 145737 48692.4
internal_count=293891 187372 132001 55371
is_linear=0
shrinkage=0.0362406


Tree=63
num_leaves=5
num_cat=0
split_feature=0 1 0 2
split_gain=647.113 36.0057 298.696 8.23792
threshold=-3.498293280601501 0.81224998831748974 -0.14705098420381543 0.039250000000000007
decision_type=2 2 2 2
left_child=-1 2 -2 -3
right_child=1 3 -4 -5
leaf_value=0.038772914032222806 -0.0058929996723603743 -0.18766201873437036 -2.0157641870495961 0.071756189052841035
leaf_weight=99539.951856791973 144220.99745124578 28.941378593444824 1516.128699362278 48663.468962311745
leaf_count=106519 131724 3 277 55368
internal_value=0.00124711 3.0208e-05 -0.000254569 0.000883655
internal_weight=293969 194430 145737 48692.4
internal_count=293891 187372 132001 55371
is_linear=0
shrinkage=0.0362406


Tree=64
num_leaves=5
num_cat=0
split_feature=0 3 1 1
split_gain=647.763 38.1979 169.44 49.4701
threshold=-3.498293280601501 0.016225347295403484 0.46725000441074377 0.05725000053644181
decision_type=2 2 2 2
left_child=-1 3 -3 -2
right_child=1 2 -4 -5
leaf_value=0.037367759944735103 -0.040560450582179983 -0.45596333210185813 0.039035388892976162 0.052827008607248406
leaf_weight=99539.951856791973 23259.391059398651 23290.672250330448 56590.306315481663 91289.16686630249
leaf_count=106519 19929 13606 62811 91026
internal_value=0.00124591 2.84038e-05 -0.000579579 0.00045286
internal_weight=293969 194430 79881 114549
internal_count=293891 187372 76417 110955
is_linear=0
shrinkage=0.0362406


Tree=65
num_leaves=5
num_cat=0
split_feature=0 2 0 3
split_gain=638.033 37.3723 228.832 32.4683
threshold=-3.498293280601501 0.82425000000000004 -0.14705098420381543 0.68794232606887828
decision_type=2 2 2 2
left_child=-1 2 -2 -3
right_child=1 3 -4 -5
leaf_value=0.03601352949966289 -0.0024541030350349849 0.09318938112797584 -1.775873195825324 -0.19391907046086435
leaf_weight=99172.897499680519 143767.82566726208 40993.719923615456 2840.4095032811165 6298.2828520536423
leaf_count=106583 131780 49026 626 5922
internal_value=0.00125908 4.94842e-05 -0.000235977 0.000935567
internal_weight=293073 193900 146608 47292
internal_count=293937 187354 132406 54948
is_linear=0
shrinkage=0.0362406


Tree=66
num_leaves=5
num_cat=0
split_feature=0 2 0 0
split_gain=636.723 35.0587 203.063 3.5982
threshold=-3.498293280601501 0.82425000000000004 -0.14705098420381543 -0.22909879684448239
decision_type=2 2 2 2
left_child=-1 2 -2 -3
right_child=1 3 -4 -5
leaf_value=0.034708377193100257 -0.0023651648420498139 -0.13261079560657105 -1.7115144664840114 0.073084004568553504
leaf_weight=99172.897499680519 143767.82566726208 1125.5023024082184 2840.4095032811165 46166.50047326088
leaf_count=106583 131780 459 626 54489
internal_value=0.00126151 5.31539e-05 -0.000223319 0.000911374
internal_weight=293073 193900 146608 47292
internal_count=293937 187354 132406 54948
is_linear=0
shrinkage=0.0362406


Tree=67
num_leaves=5
num_cat=0
split_feature=0 3 1 1
split_gain=639.018 37.3851 178.542 46.1206
threshold=-3.498293280601501 0.025012734346091751 0.55825001001358043 0.10725000128149988
decision_type=2 2 2 2
left_child=-1 3 -3 -2
right_child=1 2 -4 -5
leaf_value=0.033450524403330101 -0.022591409275214285 -0.68038928266901644 0.038444738901799828 0.058394364097294801
leaf_weight=99172.897499680519 58142.068896114826 17261.307236492634 47785.950579285622 70710.91123431921
leaf_count=106583 48409 8467 52737 77741
internal_value=0.00125726 4.67286e-05 -0.000661201 0.000404528
internal_weight=293073 193900 65047.3 128853
internal_count=293937 187354 61204 126150
is_linear=0
shrinkage=0.0362406


Tree=68
num_leaves=5
num_cat=0
split_feature=0 2 0 0
split_gain=634.811 31.373 287.736 4.83134
threshold=-3.498293280601501 0.47525000000000001 -0.63629448413848866 -0.79352030158042897
decision_type=2 2 2 2
left_child=-1 2 -2 -3
right_child=1 3 -4 -5
leaf_value=0.032238256966972752 0.00068851143822673295 -0.13517782832296693 -1.6196772881655837 0.057083034937914258
leaf_weight=99172.897499680519 127225.81024348736 1432.8099969625473 3337.6032758951187 61904.014429867268
leaf_count=106583 114116 547 588 72103
internal_value=0.00126506 5.85191e-05 -0.000262247 0.000720604
internal_weight=293073 193900 130563 63336.8
internal_count=293937 187354 114704 72650
is_linear=0
shrinkage=0.0362406


Tree=69
num_leaves=5
num_cat=0
split_feature=0 1 0 1
split_gain=633.906 30.4764 421.61 5.284
threshold=-3.498293280601501 0.46725000441074377 -0.71897807717323292 1.4242500066757204
decision_type=2 2 2 2
left_child=-1 2 -2 -3
right_child=1 3 -4 -5
leaf_value=0.031069922842976456 3.7584085662698425e-06 0.018764038617943735 -1.6831362933916425 0.082096479186377636
leaf_weight=99172.897499680519 126529.01466923952 29367.598747909069 2041.4719516038895 35962.152577459812
leaf_count=106583 113472 32518 439 40925
internal_value=0.00126674 6.1058e-05 -0.000262506 0.000698666
internal_weight=293073 193900 128570 65329.8
internal_count=293937 187354 113911 73443
is_linear=0
shrinkage=0.0362406


Tree=70
num_leaves=7
num_cat=0
split_feature=3 3 2 1 1 3
split_gain=555.431 40.469 83.7658 17.5202 3.53718 1.71982
threshold=0.00079428977915085863 0.0085136448033154028 0.25125000000000003 0.11425000056624414 0.03024999983608723 1.0000000180025095e-35
decision_type=2 2 2 2 2 2
left_child=4 3 -3 -2 -1 -6
right_child=1 2 -4 -5 5 -7
leaf_value=0.02994392986126625 0.024375621266968305 -0.26128213054294142 0.026479228164848472 0.075528812609138712 -0.38915323193555129 0.034348873304583326
leaf_weight=90038.728214323521 58171.915872216225 32211.150615870953 79291.571975648403 33064.263886213303 111.83489286899567 1598.5407872200012
leaf_count=101311 50052 16952 88269 36011 41 1443
internal_value=0.00125208 0.000192999 -0.000269799 0.000759191 0.00359171 0.00188953
internal_weight=294488 202739 111503 91236.2 91749.1 1710.38
internal_count=294079 191284 105221 86063 102795 1484
is_linear=0
shrinkage=0.0362406


Tree=71
num_leaves=5
num_cat=0
split_feature=0 3 1 1
split_gain=642.219 39.3116 152.253 40.9722
threshold=-3.498293280601501 0.047265209257602699 1.4242500066757204 0.16025000065565112
decision_type=2 2 2 2
left_child=-1 3 -3 -2
right_child=1 2 -4 -5
leaf_value=0.028858743552983214 -0.013584593106114479 -0.6317976948593278 0.059360090557141906 0.058234588505128852
leaf_weight=99451.017990410328 79091.893798470497 17482.578437328339 30194.284065485001 68268.231952667236
leaf_count=106345 67752 8872 33926 77184
internal_value=0.00125344 4.46448e-05 -0.000859575 0.000337569
internal_weight=294488 195037 47676.9 147360
internal_count=294079 187734 42798 144936
is_linear=0
shrinkage=0.0362406


Tree=72
num_leaves=5
num_cat=0
split_feature=0 3 2 2
split_gain=639.487 35.4196 122.927 35.2627
threshold=-3.498293280601501 0.047265209257602699 1.4455000000000002 0.16425000000000003
decision_type=2 2 2 2
left_child=-1 3 -3 -2
right_child=1 2 -4 -5
leaf_value=0.02781288505935714 -0.011822140154928195 -0.58763153105551313 0.056232049227038096 0.055092138676542494
leaf_weight=99451.017990410328 80721.024983942509 18330.453319787979 29346.40918302536 66639.100767195225
leaf_count=106345 68822 9074 33724 76114
internal_value=0.00125848 5.22636e-05 -0.000806003 0.000330319
internal_weight=294488 195037 47676.9 147360
internal_count=294079 187734 42798 144936
is_linear=0
shrinkage=0.0362406


Tree=73
num_leaves=5
num_cat=0
split_feature=0 3 1 1
split_gain=636.337 33.1784 96.0385 39.7495
threshold=-3.498293280601501 0.094087217003107085 2.7007499933242802 0.46725000441074377
decision_type=2 2 2 2
left_child=-1 3 -3 -2
right_child=1 2 -4 -5
leaf_value=0.026804929116362963 -0.0038964310453342295 -0.65508055978101321 0.067667578004141943 0.076437960114834211
leaf_weight=99451.017990410328 122849.00717359781 14087.526928842068 18490.204211115837 39610.249940395355
leaf_count=106345 113151 6839 20448 47296
internal_value=0.00126431 6.10658e-05 -0.000994102 0.000272997
internal_weight=294488 195037 32577.7 162459
internal_count=294079 187734 27287 160447
is_linear=0
shrinkage=0.0362406


Tree=74
num_leaves=7
num_cat=0
split_feature=3 3 1 3 1 3
split_gain=547.912 35.94 63.5997 7.37736 3.53718 1.71982
threshold=0.00079428977915085863 0.0051846841815859088 0.185249999165535 0.0019910491537302737 0.03024999983608723 1.0000000180025095e-35
decision_type=2 2 2 2 2 2
left_child=4 3 -3 -2 -1 -6
right_child=1 2 -4 -5 5 -7
leaf_value=0.025833502112414444 0.057156106595568502 -0.13872419564725197 0.026580817287988813 0.039105186420103411 -0.37398811653756864 0.03007880771475353
leaf_weight=90038.728214323521 16054.221138417721 40542.014544844627 97182.647292256355 48960.01937443018 111.83489286899567 1598.5407872200012
leaf_count=101311 16082 24967 105350 44885 41 1443
internal_value=0.00126796 0.000216072 -0.000115101 0.00091845 0.00359171 0.00188953
internal_weight=294488 202739 137725 65014.2 91749.1 1710.38
internal_count=294079 191284 130317 60967 102795 1484
is_linear=0
shrinkage=0.0362406


Tree=75
num_leaves=5
num_cat=0
split_feature=0 2 0 3
split_gain=648.47 29.5323 300.236 33.1927
threshold=-3.498293280601501 0.23425000000000004 -1.4177855253219602 0.16299287974834445
decision_type=2 2 2 2
left_child=-1 2 -2 -3
right_child=1 3 -4 -5
leaf_value=0.024897280216448263 0.0031280366582338705 0.052582642748147189 -1.3502349012519406 -0.11736119605662994
leaf_weight=99145.899609267712 98617.692369163036 73245.644021749496 5104.6372938752174 18282.991283476353
leaf_count=106418 84032 85187 1228 17760
internal_value=0.0012366 2.42782e-05 -0.000394115 0.000499004
internal_weight=294397 195251 103722 91528.6
internal_count=294625 188207 85260 102947
is_linear=0
shrinkage=0.0362406


Tree=76
num_leaves=5
num_cat=0
split_feature=0 1 0 3
split_gain=650.116 32.5371 363.838 39.3958
threshold=-3.498293280601501 0.10725000128149988 -2.1099028587341304 0.02272139769047499
decision_type=2 2 2 2
left_child=-1 2 -2 -3
right_child=1 3 -4 -5
leaf_value=0.023994987573847437 -0.0050756221933179095 0.052746953068445207 -1.2991102283584886 -0.029113282262390433
leaf_weight=99145.899609267712 61656.317021548748 67988.675501406193 2712.9494314789772 62893.023013830185
leaf_count=106418 49100 74740 470 63897
internal_value=0.00123357 1.97136e-05 -0.000647081 0.000348069
internal_weight=294397 195251 64369.3 130882
internal_count=294625 188207 49570 138637
is_linear=0
shrinkage=0.0362406


Tree=77
num_leaves=7
num_cat=0
split_feature=1 3 1 3 3 2
split_gain=564.807 38.4445 108.172 18.4089 9.35518 3.76914
threshold=0.03024999983608723 0.0058436982799321422 0.16025000065565112 0.00079428977915085863 0.0026106464210897688 0.030250000000000003
decision_type=2 2 2 2 2 2
left_child=3 4 -3 -1 -2 -5
right_child=1 2 -4 5 -6 -7
leaf_value=0.023125394567745608 0.05072840766061916 -0.26003243933661696 0.021411786424229588 0.053312848732208457 0.028298248334429482 0.05061801293749757
leaf_weight=89839.299894690514 25687.821700572968 28094.903368890285 98992.436745643616 5557.6302465796471 43088.096797049046 3136.6758241057396
leaf_count=101382 25322 16779 106592 3085 39592 1873
internal_value=0.00123064 0.000104465 -0.000268726 0.00346866 0.000794849 0.00186308
internal_weight=294397 195863 127087 98533.6 68775.9 8694.31
internal_count=294625 188285 123371 106340 64914 4958
is_linear=0
shrinkage=0.0362406


Tree=78
num_leaves=5
num_cat=0
split_feature=0 2 0 3
split_gain=650.48 27.7706 84.101 41.4785
threshold=-3.498293280601501 0.058250000000000003 -2.6845846176147456 0.016225347295403484
decision_type=2 2 2 2
left_child=-1 2 -2 -3
right_child=1 3 -4 -5
leaf_value=0.022287316143342725 -0.025612335609994964 0.044742385565092954 -0.98776441440190998 -0.039507531816251037
leaf_weight=99145.899609267712 24854.893858909607 91394.800950169563 1578.9646756052971 77422.305483579636
leaf_count=106418 20520 90732 480 76475
internal_value=0.0012329 1.87039e-05 -0.00107321 0.000190006
internal_weight=294397 195251 26433.9 168817
internal_count=294625 188207 21000 167207
is_linear=0
shrinkage=0.0362406


Tree=79
num_leaves=5
num_cat=0
split_feature=0 1 0 3
split_gain=649.115 31.2652 330.325 35.4521
threshold=-3.498293280601501 0.81224998831748974 -0.14705098420381543 0.68794232606887828
decision_type=2 2 2 2
left_child=-1 2 -2 -3
right_child=1 3 -4 -5
leaf_value=0.021479610192948535 -0.0037284660425515991 0.079965362189483774 -1.5511746333632086 -0.25324019450632679
leaf_weight=99145.899609267712 144498.36055803299 42389.828701078892 1620.4742005467415 6742.3015086054802
leaf_count=106418 132069 49908 289 5941
internal_value=0.00123541 2.24866e-05 -0.000243153 0.000813593
internal_weight=294397 195251 146119 49132.1
internal_count=294625 188207 132358 55849
is_linear=0
shrinkage=0.0362406


Tree=80
num_leaves=5
num_cat=0
split_feature=0 3 1 1
split_gain=641.54 26.9815 123.695 33.1974
threshold=-3.498293280601501 0.016225347295403484 0.46725000441074377 0.052249999716877944
decision_type=2 2 2 2
left_child=-1 3 -3 -2
right_child=1 2 -4 -5
leaf_value=0.020701175999553095 -0.034427055532385967 -0.41155932339737394 0.035050485794317597 0.041505490981371504
leaf_weight=99521.078786849976 19519.468286573887 23292.07071852684 56847.495223283768 95416.501224458218
leaf_count=106488 16824 13613 62967 94242
internal_value=0.00125573 4.74905e-05 -0.000462615 0.000403638
internal_weight=294597 195076 80139.6 114936
internal_count=294134 187646 76580 111066
is_linear=0
shrinkage=0.0362406


Tree=81
num_leaves=5
num_cat=0
split_feature=0 1 0 2
split_gain=641.562 24.9165 200.364 1.80989
threshold=-3.498293280601501 1.4242500066757204 0.40713033080101019 0.37325000000000003
decision_type=2 2 2 2
left_child=-1 2 -2 -3
right_child=1 3 -4 -5
leaf_value=0.019950952736803224 -0.0031453964006902513 0.26376959062664024 -1.5880666174245239 0.068171346225284993
leaf_weight=99521.078786849976 158097.80325061083 1325.3637437820435 1006.5351292490959 34645.833329200745
leaf_count=106488 146570 161 199 40716
internal_value=0.00125569 4.74286e-05 -0.000147027 0.000909017
internal_weight=294597 195076 159104 35971.2
internal_count=294134 187646 146769 40877
is_linear=0
shrinkage=0.0362406


Tree=82
num_leaves=5
num_cat=0
split_feature=0 1 0 1
split_gain=642.767 23.8227 299.835 3.08853
threshold=-3.498293280601501 0.81224998831748974 -0.072033349424600587 2.7007499933242802
decision_type=2 2 2 2
left_child=-1 2 -2 -3
right_child=1 3 -4 -5
leaf_value=0.019227918023340757 -0.0018706831208441747 0.029033075037615916 -1.4488508000189482 0.090278664981112131
leaf_weight=99521.078786849976 144743.56069689989 25747.064050734043 1363.9367944002151 23220.973910808563
leaf_count=106488 131877 29340 198 26231
internal_value=0.00125347 4.40737e-05 -0.000187482 0.000736073
internal_weight=294597 195076 146107 48968
internal_count=294134 187646 132075 55571
is_linear=0
shrinkage=0.0362406


Tree=83
num_leaves=5
num_cat=0
split_feature=0 3 1 1
split_gain=644.263 27.5822 77.1172 35.0648
threshold=-3.498293280601501 0.11096441373229028 2.7007499933242802 0.81224998831748974
decision_type=2 2 2 2
left_child=-1 3 -3 -2
right_child=1 2 -4 -5
leaf_value=0.018531086529532427 -0.00063204458412117689 -0.69281787293836272 0.060048832124651792 0.081060501371736066
leaf_weight=99521.078786849976 138468.70029073954 12282.426316142082 17355.724808931351 26968.684037029743
leaf_count=106488 130604 5246 19011 32785
internal_value=0.00125071 3.99113e-05 -0.000977852 0.000222577
internal_weight=294597 195076 29638.2 165437
internal_count=294134 187646 24257 163389
is_linear=0
shrinkage=0.0362406


Tree=84
num_leaves=5
num_cat=0
split_feature=0 3 0 2
split_gain=640.565 27.2126 72.8136 34.2881
threshold=-3.498293280601501 0.27077753841876989 -1.0634867548942564 1.4455000000000002
decision_type=2 2 2 2
left_child=-1 3 -3 -2
right_child=1 2 -4 -5
leaf_value=0.017859508634692725 -0.0010031018528819807 0.7858917640231261 -0.49579479253014735 0.093106270109654013
leaf_weight=99521.078786849976 154799.89778399467 3586.2829719781876 13018.775688707829 23670.579008162022
leaf_count=106488 146336 403 11733 29174
internal_value=0.00125753 5.02075e-05 -0.00135264 0.000181041
internal_weight=294597 195076 16605.1 178470
internal_count=294134 187646 12136 175510
is_linear=0
shrinkage=0.0362406


Tree=85
num_leaves=5
num_cat=0
split_feature=0 3 1 1
split_gain=639.786 26.8538 118.654 34.3707
threshold=-3.498293280601501 0.019034430384635929 0.46725000441074377 0.05725000053644181
decision_type=2 2 2 2
left_child=-1 3 -3 -2
right_child=1 2 -4 -5
leaf_value=0.017212269132969832 -0.031255298290090994 -0.45966465042614085 0.029571099112709335 0.041450221802884823
leaf_weight=99721.391336917877 23462.857139110565 20079.372355699539 54517.163104236126 96516.909450590611
leaf_count=106487 20146 10720 60206 96845
internal_value=0.00126317 5.32094e-05 -0.000486407 0.000389166
internal_weight=294298 194576 74596.5 119980
internal_count=294404 187917 70926 116991
is_linear=0
shrinkage=0.0362406


Tree=86
num_leaves=5
num_cat=0
split_feature=0 3 2 2
split_gain=640.193 25.4293 70.502 5.40751
threshold=-3.498293280601501 0.0036539272405207161 0.10425000000000002 0.039250000000000007
decision_type=2 2 2 2
left_child=-1 3 -3 -2
right_child=1 2 -4 -5
leaf_value=0.016588485986131014 -0.0089215046751884228 -0.18111744878661479 0.017617995933364036 0.057008932986749687
leaf_weight=99721.391336917877 5776.3575837016106 34196.372745454311 119239.2457665801 35364.325953900814
leaf_count=106487 5649 19798 127644 34826
internal_value=0.00126242 5.20734e-05 -0.000162161 0.000852376
internal_weight=294298 194576 153436 41140.7
internal_count=294404 187917 147442 40475
is_linear=0
shrinkage=0.0362406


Tree=87
num_leaves=5
num_cat=0
split_feature=0 3 1 1
split_gain=636.803 25.1064 106.404 28.406
threshold=-3.498293280601501 0.019034430384635929 0.55825001001358043 0.05725000053644181
decision_type=2 2 2 2
left_child=-1 3 -3 -2
right_child=1 2 -4 -5
leaf_value=0.015987309121547843 -0.029760146148293708 -0.39619025329487284 0.033867782818601061 0.039125062963885411
leaf_weight=99721.391336917877 23462.857139110565 22734.982175469398 51861.553284466267 96516.909450590611
leaf_count=106487 20146 13333 57593 96845
internal_value=0.00126868 6.15387e-05 -0.000460205 0.000386384
internal_weight=294298 194576 74596.5 119980
internal_count=294404 187917 70926 116991
is_linear=0
shrinkage=0.0362406


Tree=88
num_leaves=5
num_cat=0
split_feature=0 3 0 2
split_gain=633.346 24.9051 70.7531 28.7568
threshold=-3.498293280601501 0.27077753841876989 -1.0634867548942564 1.4455000000000002
decision_type=2 2 2 2
left_child=-1 3 -3 -2
right_child=1 2 -4 -5
leaf_value=0.015407919273743194 0.0011488892011333682 0.77236413880600274 -0.41804234857440653 0.087370931270858709
leaf_weight=99721.391336917877 154272.40750932693 3529.6979455947876 13160.161803245544 23614.034791469574
leaf_count=106487 146629 396 11745 29147
internal_value=0.00127508 7.12181e-05 -0.00126687 0.000197073
internal_weight=294298 194576 16689.9 177886
internal_count=294404 187917 12141 175776
is_linear=0
shrinkage=0.0362406


Tree=89
num_leaves=5
num_cat=0
split_feature=0 3 2 2
split_gain=632.829 23.352 96.3968 24.2908
threshold=-3.498293280601501 0.025012734346091751 0.37325000000000003 0.058250000000000003
decision_type=2 2 2 2
left_child=-1 3 -3 -2
right_child=1 2 -4 -5
leaf_value=0.014849526867921235 -0.03029352667421607 -0.5902551243088503 0.021114039049858979 0.035526209364652873
leaf_weight=99721.391336917877 24099.406261742115 14814.149974048138 50597.26302075386 105065.48279309273
leaf_count=106487 20714 5235 56244 105724
internal_value=0.00127604 7.26671e-05 -0.000484879 0.000355441
internal_weight=294298 194576 65411.4 129165
internal_count=294404 187917 61479 126438
is_linear=0
shrinkage=0.0362406


Tree=90
num_leaves=5
num_cat=0
split_feature=0 1 0 1
split_gain=631.882 21.4069 398.924 10.0377
threshold=-3.498293280601501 0.1212499998509884 -1.9932655096054075 8.3677501678466815
decision_type=2 2 2 2
left_child=-1 2 -2 -3
right_child=1 3 -4 -5
leaf_value=0.014311370943959031 0.0068732648940490861 0.016335171119907475 -1.119334107089387 0.14144911715656733
leaf_weight=99777.127383768559 68631.857634007931 112274.50832486153 2767.3011813163757 10297.973795413971
leaf_count=106663 55524 119756 482 11564
internal_value=0.00127991 7.41043e-05 -0.000424371 0.000364914
internal_weight=293749 193972 71399.2 122572
internal_count=293989 187326 56006 131320
is_linear=0
shrinkage=0.0362406


Tree=91
num_leaves=5
num_cat=0
split_feature=0 2 0 1
split_gain=633.187 20.9012 293.188 7.0219
threshold=-3.498293280601501 0.27125000000000005 -1.1736056208610532 8.3677501678466815
decision_type=2 2 2 2
left_child=-1 2 -2 -3
right_child=1 3 -4 -5
leaf_value=0.013792718119393296 0.0061388023528728842 0.022685571076509207 -1.0952997877194919 0.1330247770781002
leaf_weight=99777.127383768559 104788.73056858778 75025.990465641022 4192.8349099159241 9964.0849914550781
leaf_count=106663 90148 84917 739 11522
internal_value=0.00127749 7.04416e-05 -0.000261446 0.000496654
internal_weight=293749 193972 108982 84990.1
internal_count=293989 187326 90887 96439
is_linear=0
shrinkage=0.0362406


Tree=92
num_leaves=5
num_cat=0
split_feature=0 1 0 1
split_gain=634.625 20.5614 403.598 8.049
threshold=-3.498293280601501 0.17324999719858172 -1.6699852943420408 8.3677501678466815
decision_type=2 2 2 2
left_child=-1 2 -2 -3
right_child=1 3 -4 -5
leaf_value=0.013292861589989175 0.0048767844151708399 0.017104338156988325 -1.079975713190316 0.1315020155775633
leaf_weight=99777.127383768559 85060.296319782734 96004.720296680927 2608.6505237221718 10297.973795413971
leaf_count=106663 71224 104083 455 11564
internal_value=0.00127483 6.64113e-05 -0.000344119 0.000405491
internal_weight=293749 193972 87668.9 106303
internal_count=293989 187326 71679 115647
is_linear=0
shrinkage=0.0362406


Tree=93
num_leaves=7
num_cat=0
split_feature=1 3 1 3 2 2
split_gain=558.253 30.0946 45.7931 14.2556 3.8673 2.50311
threshold=0.03024999983608723 0.00279561709612608 0.11425000056624414 0.00079428977915085863 0.030250000000000003 0.11025000000000001
decision_type=2 2 2 2 2 2
left_child=3 5 -3 -1 -5 -2
right_child=1 2 -4 4 -6 -7
leaf_value=0.01281112016652901 0.043103504179186299 -0.10908983261657069 0.019894669942000523 0.041904562553213405 0.039307389253740804 0.020428623697937784
leaf_weight=90227.702259421349 23552.997398495674 44309.676873862743 121831.88719934225 5751.084955573082 3100.2854733467102 4975.1341593265533
leaf_count=101605 22337 29979 129381 3128 1870 5689
internal_value=0.00127189 0.000144488 -4.19168e-05 0.00348643 0.00208359 0.00123194
internal_weight=293749 194670 166142 99079.1 8851.37 28528.1
internal_count=293989 187386 159360 106603 4998 28026
is_linear=0
shrinkage=0.0362406


Tree=94
num_leaves=5
num_cat=0
split_feature=0 1 0 1
split_gain=636.793 18.434 207.43 3.06861
threshold=-3.498293280601501 1.4242500066757204 0.40713033080101019 8.3677501678466815
decision_type=2 2 2 2
left_child=-1 2 -2 -3
right_child=1 3 -4 -5
leaf_value=0.012346837346508469 0.0001060997754205842 0.041151865599214826 -1.2796319579803586 0.12601530721942675
leaf_weight=99777.127383768559 157150.94855761528 25448.688828527927 1074.0297540426254 10297.973795413971
leaf_count=106663 146326 29229 207 11564
internal_value=0.00127082 6.0343e-05 -0.000107281 0.000803796
internal_weight=293749 193972 158225 35746.7
internal_count=293989 187326 146533 40793
is_linear=0
shrinkage=0.0362406


Tree=95
num_leaves=5
num_cat=0
split_feature=0 3 1 1
split_gain=627.891 25.0976 94.2412 26.4854
threshold=-3.498293280601501 0.053428467363119132 1.4242500066757204 0.05725000053644181
decision_type=2 2 2 2
left_child=-1 3 -3 -2
right_child=1 2 -4 -5
leaf_value=0.011899380419474975 -0.032613978353774525 -0.48219073399667867 0.047453967292956645 0.03037978603447497
leaf_weight=99632.174733698368 23845.646424293518 15463.689487755299 28985.834933936596 125768.86737543344
leaf_count=106615 19986 7146 32422 127555
internal_value=0.00128485 8.39158e-05 -0.000671813 0.000308804
internal_weight=293696 194064 44449.5 149615
internal_count=293724 187109 39568 147541
is_linear=0
shrinkage=0.0362406


Tree=96
num_leaves=5
num_cat=0
split_feature=0 1 0 0
split_gain=628.118 18.1554 164.21 14.911
threshold=-3.498293280601501 0.068250000476837172 -2.6138827800750728 -2.3202432394027706
decision_type=2 2 2 2
left_child=-1 2 -2 -3
right_child=1 3 -4 -5
leaf_value=0.011468139604789223 -0.0084194561961779789 0.095233628245127724 -0.89380849476291624 0.0067237983919299152
leaf_weight=99632.174733698368 33045.461956977844 22512.006553649902 1610.7332766652107 136895.8364341259
leaf_count=106615 26168 17546 545 142850
internal_value=0.00128443 8.32749e-05 -0.00066807 0.000246966
internal_weight=293696 194064 34656.2 159408
internal_count=293724 187109 26713 160396
is_linear=0
shrinkage=0.0362406


Tree=97
num_leaves=5
num_cat=0
split_feature=0 3 0 1
split_gain=629.956 23.5263 74.837 25.8664
threshold=-3.498293280601501 0.16299287974834445 -1.0634867548942564 0.24724999815225604
decision_type=2 2 2 2
left_child=-1 3 -3 -2
right_child=1 2 -4 -5
leaf_value=0.011052527220634734 -0.010250293297475942 0.75965423462347248 -0.33458338763877821 0.044430944381889791
leaf_weight=99632.174733698368 99361.037015080452 4531.2012382745743 18602.545394062996 71569.254574000835
leaf_count=106615 86440 566 17598 82505
internal_value=0.00128101 7.81012e-05 -0.00100609 0.000225158
internal_weight=293696 194064 23133.7 170930
internal_count=293724 187109 18164 168945
is_linear=0
shrinkage=0.0362406


Tree=98
num_leaves=5
num_cat=0
split_feature=0 1 0 0
split_gain=629.832 17.4848 160.998 14.2613
threshold=-3.498293280601501 0.068250000476837172 -2.6138827800750728 -2.3202432394027706
decision_type=2 2 2 2
left_child=-1 2 -2 -3
right_child=1 3 -4 -5
leaf_value=0.010651976883143021 -0.0077428530708215206 0.092153780277786715 -0.84715402364144343 0.0064369571791518679
leaf_weight=99632.174733698368 33045.461956977844 22512.006553649902 1610.7332766652107 136895.8364341259
leaf_count=106615 26168 17546 545 142850
internal_value=0.00128124 7.84483e-05 -0.000658887 0.000239093
internal_weight=293696 194064 34656.2 159408
internal_count=293724 187109 26713 160396
is_linear=0
shrinkage=0.0362406


Tree=99
num_leaves=5
num_cat=0
split_feature=0 3 1 1
split_gain=631.959 20.952 92.0588 24.6288
threshold=-3.498293280601501 0.047265209257602699 1.4242500066757204 0.05725000053644181
decision_type=2 2 2 2
left_child=-1 3 -3 -2
right_child=1 2 -4 -5
leaf_value=0.010265942734542949 -0.029372641249999634 -0.42160075047041834 0.05388831146440471 0.029000982081570505
leaf_weight=99632.174733698368 23794.841393232346 17227.651718378067 30195.653674721718 122845.89143508673
leaf_count=106615 19976 8700 33892 124541
internal_value=0.00127729 7.24692e-05 -0.000589314 0.000286862
internal_weight=293696 194064 47423.3 146641
internal_count=293724 187109 42592 144517
is_linear=0
shrinkage=0.0362406


Tree=100
num_leaves=7
num_cat=0
split_feature=1 3 1 3 3 2
split_gain=572.463 26.004 65.4158 13.2877 6.57194 3.38419
threshold=0.03024999983608723 0.0048916833475232133 0.16025000065565112 0.00079428977915085863 0.0019910491537302737 0.030250000000000003
decision_type=2 2 2 2 2 2
left_child=3 4 -3 -1 -2 -5
right_child=1 2 -4 5 -6 -7
leaf_value=0.0098938986992824201 0.03539874723785004 -0.15982520614197815 0.018348339867754655 0.037932976963250549 0.028222736747191241 0.035429926810535368
leaf_weight=89954.059558212757 15531.463625609875 34502.610695838928 102196.26138430834 5664.3221943974495 43630.147220432758 3120.8066205382347
leaf_count=101335 15575 22001 110155 3092 40204 1851
internal_value=0.00124115 0.000106568 -0.000167821 0.00349115 0.000741484 0.00213035
internal_weight=294600 195860 136699 98739.2 59161.6 8785.13
internal_count=294213 187935 132156 106278 55779 4943
is_linear=0
shrinkage=0.0362406


Tree=101
num_leaves=7
num_cat=0
split_feature=1 3 1 3 3 2
split_gain=573.051 25.2918 67.258 13.2877 8.50991 3.38419
threshold=0.03024999983608723 0.0074976186733692893 0.2152500003576279 0.00079428977915085863 0.0018159318133257332 0.030250000000000003
decision_type=2 2 2 2 2 2
left_child=3 4 -3 -1 -2 -5
right_child=1 2 -4 5 -6 -7
leaf_value=0.0095353377671086835 0.030061136074795405 -0.2168455761010272 0.016311689824248257 0.036558262708186011 0.024779582693321509 0.034145924621898222
leaf_weight=89954.059558212757 12672.969059824944 27458.7855052948 86939.77039706707 5664.3221943974495 68788.957964003086 3120.8066205382347
leaf_count=101335 12696 16285 94529 3092 64425 1851
internal_value=0.00124 0.000104832 -0.00024235 0.00349115 0.00059305 0.00213035
internal_weight=294600 195860 114399 98739.2 81461.9 8785.13
internal_count=294213 187935 110814 106278 77121 4943
is_linear=0
shrinkage=0.0362406


Tree=102
num_leaves=7
num_cat=0
split_feature=1 3 1 3 2 2
split_gain=572.174 24.1758 37.107 13.3568 3.43454 3.18508
threshold=0.03024999983608723 0.0029940410749986772 0.16025000065565112 0.00079428977915085863 0.030250000000000003 0.13225000000000003
decision_type=2 2 2 2 2 2
left_child=3 5 -3 -1 -5 -2
right_child=1 2 -4 4 -6 -7
leaf_value=0.0091897713021302316 0.035721276877630458 -0.070478815699603237 0.019749023849578322 0.035233368937416937 0.032908455456861191 0.0018608599808465065
leaf_weight=89954.059558212757 27970.214315235615 56089.59242016077 108024.20782881975 5664.3221943974495 3120.8066205382347 3776.4683619737625
leaf_count=101335 26781 40221 116650 3092 1851 4283
internal_value=0.00124138 0.000107084 -6.96957e-05 0.00349081 0.00212657 0.00102263
internal_weight=294600 195860 164114 98739.2 8785.13 31746.7
internal_count=294213 187935 156871 106278 4943 31064
is_linear=0
shrinkage=0.0362406


Tree=103
num_leaves=5
num_cat=0
split_feature=0 1 0 0
split_gain=648.469 17.3607 70.7953 14.1211
threshold=-3.498293280601501 0.052249999716877944 -2.8430203199386592 -2.3202432394027706
decision_type=2 2 2 2
left_child=-1 2 -2 -3
right_child=1 3 -4 -5
leaf_value=0.0088567283769187318 -0.019852707529455851 0.059425293722752341 -0.72597269872130632 -0.0011832961420089401
leaf_weight=99508.292237579823 20316.575456917286 35915.429480075836 1517.0103996992111 137342.36372506618
leaf_count=106410 16733 27385 491 143194
internal_value=0.00124274 2.81325e-05 -0.000934539 0.000149765
internal_weight=294600 195091 21833.6 173258
internal_count=294213 187803 17224 170579
is_linear=0
shrinkage=0.0362406


Tree=104
num_leaves=5
num_cat=0
split_feature=0 3 2 0
split_gain=648.534 20.7181 35.9009 33.8579
threshold=-3.498293280601501 0.68794232606887828 3.8265000000000007 -0.40609037876129145
decision_type=2 2 2 2
left_child=-1 2 -2 -3
right_child=1 3 -4 -5
leaf_value=0.0085357551307435019 -0.0014132811373913407 0.57449557292855291 0.15403047613039092 -0.40131811014835295
leaf_weight=99508.292237579823 174999.91635644436 1530.7765049934387 11655.899077117443 6904.7871232032776
leaf_count=106410 167282 162 14369 5990
internal_value=0.00124262 2.79537e-05 0.000107626 -0.00172833
internal_weight=294600 195091 186656 8435.56
internal_count=294213 187803 181651 6152
is_linear=0
shrinkage=0.0362406


Tree=105
num_leaves=7
num_cat=0
split_feature=1 3 1 3 1 3
split_gain=550.65 24.9175 67.1363 13.5599 8.4097 3.30232
threshold=0.03024999983608723 0.0090747554786503332 0.23125000298023227 0.00079428977915085863 0.20024999976158145 0.00279561709612608
decision_type=2 2 2 2 2 2
left_child=3 4 -3 -1 -2 -5
right_child=1 2 -4 5 -6 -7
leaf_value=0.0082264141510639613 0.016815571426363387 -0.25336657160499543 0.01816020951487388 0.031085518704371311 0.069713494460577882 0.10908402202995246
leaf_weight=89844.856540739536 74281.197512507439 23643.799362719059 81370.193365752697 2907.2489718198776 16135.020011365414 5887.1821376085281
leaf_count=101524 67689 12986 88408 2596 18694 2392
internal_value=0.0012822 0.000167769 -0.000211556 0.0034896 0.000608935 0.00211612
internal_weight=294069 195430 105014 98639.3 90416.2 8794.43
internal_count=294289 187777 101394 106512 86383 4988
is_linear=0
shrinkage=0.0362406


Tree=106
num_leaves=5
num_cat=0
split_feature=0 3 1 1
split_gain=626.384 19.7208 63.7966 20.9357
threshold=-3.498293280601501 0.08049460127949716 2.7007499933242802 0.81224998831748974
decision_type=2 2 2 2
left_child=-1 3 -3 -2
right_child=1 2 -4 -5
leaf_value=0.0079282838774371815 0.0058622269104537435 -0.34003163002006148 0.066571137657587029 0.070672509522112695
leaf_weight=99365.65194439888 136728.44797873497 16202.120357215405 19420.784641444683 22352.492980718613
leaf_count=106607 129998 8745 21631 27308
internal_value=0.00128216 8.70006e-05 -0.000683319 0.000259843
internal_weight=294069 194704 35622.9 159081
internal_count=294289 187682 30376 157306
is_linear=0
shrinkage=0.0362406


Tree=107
num_leaves=7
num_cat=0
split_feature=1 3 1 3 1 3
split_gain=546.128 22.2821 59.2469 15.5034 7.96119 3.76273
threshold=0.03024999983608723 0.0090747554786503332 0.23125000298023227 0.00079428977915085863 0.16025000065565112 0.016225347295403484
decision_type=2 2 2 2 2 2
left_child=3 4 -3 -1 -2 -5
right_child=1 2 -4 5 -6 -7
leaf_value=0.0076409580270281746 0.013807266077021421 -0.24334921023884321 0.018627542907092672 0.031912291864644442 0.058941698593582323 0.18672826485379404
leaf_weight=89844.856540739536 67834.041194915771 23643.799362719059 81370.193365752697 5839.9368412494659 22582.176328957081 2954.4942681789398
leaf_count=101524 61002 12986 88408 4564 25381 424
internal_value=0.00128217 0.000172323 -0.000186352 0.00348049 0.000589505 0.00201394
internal_weight=294069 195430 105014 98639.3 90416.2 8794.43
internal_count=294289 187777 101394 106512 86383 4988
is_linear=0
shrinkage=0.0362406


Tree=108
num_leaves=5
num_cat=0
split_feature=0 3 1 1
split_gain=626.604 18.5874 58.8673 19.5223
threshold=-3.498293280601501 0.08049460127949716 2.7007499933242802 0.81224998831748974
decision_type=2 2 2 2
left_child=-1 3 -3 -2
right_child=1 2 -4 -5
leaf_value=0.0073640450409400583 0.0059221792154097617 -0.32197136618647804 0.063483485433549217 0.067436221076537461
leaf_weight=99365.65194439888 136728.44797873497 16202.120357215405 19420.784641444683 22352.492980718613
leaf_count=106607 129998 8745 21631 27308
internal_value=0.00128175 8.63812e-05 -0.000661461 0.00025419
internal_weight=294069 194704 35622.9 159081
internal_count=294289 187682 30376 157306
is_linear=0
shrinkage=0.0362406


Tree=109
num_leaves=5
num_cat=0
split_feature=0 3 0 1
split_gain=625.563 16.6651 70.2325 23.1759
threshold=-3.498293280601501 0.16299287974834445 -1.0634867548942564 0.81224998831748974
decision_type=2 2 2 2
left_child=-1 3 -3 -2
right_child=1 2 -4 -5
leaf_value=0.0070971675506095412 0.00064684191568569968 0.76304528269356298 -0.2747522250047299 0.062696735041932336
leaf_weight=99365.65194439888 139875.42355471849 4631.0528599023819 18675.654773831367 31521.714769661427
leaf_count=106607 131231 583 17616 38252
internal_value=0.0012837 8.93181e-05 -0.00081941 0.000213209
internal_weight=294069 194704 23306.7 171397
internal_count=294289 187682 18199 169483
is_linear=0
shrinkage=0.0362406


Tree=110
num_leaves=5
num_cat=0
split_feature=0 3 0 1
split_gain=639.146 21.779 53.5193 30.7351
threshold=-3.498293280601501 0.39391489326953893 -0.4841026365756988 3.7775000333786015
decision_type=2 2 2 2
left_child=-1 3 -3 -2
right_child=1 2 -4 -5
leaf_value=0.0068399618635405684 0.0024291283022048042 0.57158594367766924 -0.37468059779205698 0.14717384703187056
leaf_weight=99237.576128363609 171955.04290521145 3032.4215241670609 9864.4554566144943 9886.394891679287
leaf_count=106209 166443 338 8726 12142
internal_value=0.00125633 4.97478e-05 -0.00138888 0.000152087
internal_weight=293976 194738 12896.9 181841
internal_count=293858 187649 9064 178585
is_linear=0
shrinkage=0.0362406


Tree=111
num_leaves=7
num_cat=0
split_feature=1 3 1 3 3 3
split_gain=559.141 26.9 80.6054 14.985 9.0182 4.65748
threshold=0.03024999983608723 0.016225347295403484 0.46725000441074377 0.00079428977915085863 0.0024115295382216577 0.0097110024653375166
decision_type=2 2 2 2 2 2
left_child=3 4 -3 -1 -2 -5
right_child=1 2 -4 5 -6 -7
leaf_value=0.0065920774676752865 0.029035927799799653 -0.29355361278104319 0.026761938511939132 0.027743146145859716 0.019094180561661518 0.17918915090636872
leaf_weight=89788.963914573193 22080.192053437233 23161.26808398962 57086.343225181103 5232.673796236515 93154.26157861948 3472.1882539987564
leaf_count=101147 22019 13623 63017 4277 89108 667
internal_value=0.00125679 0.000134609 -0.000374445 0.00348344 0.000489579 0.0020331
internal_weight=293976 195482 80247.6 98493.8 115234 8704.86
internal_count=293858 187767 76640 106091 111127 4944
is_linear=0
shrinkage=0.0362406


Tree=112
num_leaves=5
num_cat=0
split_feature=0 3 0 2
split_gain=638.452 19.6304 51.631 27.3706
threshold=-3.498293280601501 0.39391489326953893 -0.4841026365756988 2.3952500000000003
decision_type=2 2 2 2
left_child=-1 3 -3 -2
right_child=1 2 -4 -5
leaf_value=0.0063531765537269179 0.00052049736556605353 0.55354771135032621 -0.35119838188053787 0.10261179564147765
leaf_weight=99237.576128363609 165302.66081291437 3032.4215241670609 9864.4554566144943 16538.776983976364
leaf_count=106209 158112 338 8726 20473
internal_value=0.00125761 5.1689e-05 -0.0013141 0.000148862
internal_weight=293976 194738 12896.9 181841
internal_count=293858 187649 9064 178585
is_linear=0
shrinkage=0.0362406


Tree=113
num_leaves=5
num_cat=0
split_feature=0 3 1 1
split_gain=638.742 19.2146 85.0318 20.4002
threshold=-3.498293280601501 0.03036562912166119 0.6642499864101411 0.052249999716877944
decision_type=2 2 2 2
left_child=-1 3 -3 -2
right_child=1 2 -4 -5
leaf_value=0.0061229335548235765 -0.031132063103249383 -0.37860644356127698 0.031350351041942191 0.027676621545449892
leaf_weight=99237.576128363609 19896.5091573596 16976.019303262234 42807.747416615486 115058.03890043497
leaf_count=106209 16968 7878 47272 115531
internal_value=0.00125707 5.08776e-05 -0.000489642 0.000290728
internal_weight=293976 194738 59783.8 134955
internal_count=293858 187649 55150 132499
is_linear=0
shrinkage=0.0362406


Tree=114
num_leaves=5
num_cat=0
split_feature=0 3 0 2
split_gain=637.378 18.4286 48.2201 25.4668
threshold=-3.498293280601501 0.39391489326953893 -0.4841026365756988 4.4820000000000002
decision_type=2 2 2 2
left_child=-1 3 -3 -2
right_child=1 2 -4 -5
leaf_value=0.0059010347028356719 0.0042651559070405742 0.54864233056341671 -0.33210199470480811 0.14786987736295612
leaf_weight=99237.576128363609 174431.85614663363 3032.4215241670609 9864.4554566144943 7409.5816502571106
leaf_count=106209 169354 338 8726 9231
internal_value=0.0012596 5.46921e-05 -0.0012686 0.000148851
internal_weight=293976 194738 12896.9 181841
internal_count=293858 187649 9064 178585
is_linear=0
shrinkage=0.0362406


end of trees

feature_importances:
price_log=163
price_std_7d=161
price_lag_1d=134
price_lag_3d=87

parameters:
[boosting: gbdt]
[objective: quantile]
[metric: quantile]
[tree_learner: serial]
[device_type: cpu]
[data_sample_strategy: bagging]
[data: ]
[valid: ]
[num_iterations: 1000]
[learning_rate: 0.0362406]
[num_leaves: 23]
[num_threads: -1]
[seed: 73]
[deterministic: 0]
[force_col_wise: 0]
[force_row_wise: 0]
[histogram_pool_size: -1]
[max_depth: 3]
[min_data_in_leaf: 5]
[min_sum_hessian_in_leaf: 0.001]
[bagging_fraction: 0.7]
[pos_bagging_fraction: 1]
[neg_bagging_fraction: 1]
[bagging_freq: 5]
[bagging_seed: 5921]
[bagging_by_query: 0]
[feature_fraction: 0.65]
[feature_fraction_bynode: 1]
[feature_fraction_seed: 22355]
[extra_trees: 0]
[extra_seed: 3536]
[early_stopping_round: 0]
[early_stopping_min_delta: 0]
[first_metric_only: 0]
[max_delta_step: 0]
[lambda_l1: 1.5]
[lambda_l2: 1]
[linear_lambda: 0]
[min_gain_to_split: 0.1]
[drop_rate: 0.1]
[max_drop: 50]
[skip_drop: 0.5]
[xgboost_dart_mode: 0]
[uniform_drop: 0]
[drop_seed: 14602]
[top_rate: 0.2]
[other_rate: 0.1]
[min_data_per_group: 100]
[max_cat_threshold: 32]
[cat_l2: 10]
[cat_smooth: 10]
[max_cat_to_onehot: 4]
[top_k: 20]
[monotone_constraints: ]
[monotone_constraints_method: basic]
[monotone_penalty: 0]
[feature_contri: ]
[forcedsplits_filename: ]
[refit_decay_rate: 0.9]
[cegb_tradeoff: 1]
[cegb_penalty_split: 0]
[cegb_penalty_feature_lazy: ]
[cegb_penalty_feature_coupled: ]
[path_smooth: 0]
[interaction_constraints: ]
[verbosity: -1]
[saved_feature_importance_type: 0]
[use_quantized_grad: 0]
[num_grad_quant_bins: 4]
[quant_train_renew_leaf: 0]
[stochastic_rounding: 1]
[linear_tree: 0]
[max_bin: 63]
[max_bin_by_feature: ]
[min_data_in_bin: 3]
[bin_construct_sample_cnt: 200000]
[data_random_seed: 277]
[is_enable_sparse: 1]
[enable_bundle: 1]
[use_missing: 1]
[zero_as_missing: 0]
[feature_pre_filter: 0]
[pre_partition: 0]
[two_round: 0]
[header: 0]
[label_column: ]
[weight_column: ]
[group_column: ]
[ignore_column: ]
[categorical_feature: ]
[forcedbins_filename: ]
[precise_float_parser: 0]
[parser_config_file: ]
[objective_seed: 8155]
[num_class: 1]
[is_unbalance: 0]
[scale_pos_weight: 1]
[sigmoid: 1]
[boost_from_average: 1]
[reg_sqrt: 0]
[alpha: 0.1]
[fair_c: 1]
[poisson_max_delta_step: 0.7]
[tweedie_variance_power: 1.5]
[lambdarank_truncation_level: 30]
[lambdarank_norm: 1]
[label_gain: ]
[lambdarank_position_bias_regularization: 0]
[eval_at: ]
[multi_error_top_k: 1]
[auc_mu_weights: ]
[num_machines: 1]
[local_listen_port: 12400]
[time_out: 120]
[machine_list_filename: ]
[machines: ]
[gpu_platform_id: -1]
[gpu_device_id: -1]
[gpu_use_dp: 0]
[num_gpu: 1]

end of parameters

pandas_categorical:[]
