tree
version=v4
num_class=1
num_tree_per_iteration=1
label_index=0
max_feature_idx=38
objective=quantile
feature_names=price_lag_1d return_1d return_3d return_7d return_14d return_30d return_60d price_std_7d price_std_14d price_std_30d price_std_60d price_zscore_30d vol_regime_60_30 trend_divergence_30_60 price_accel_7d price_log price_tier log_return_1d log_return_7d autocorr_1d autocorr_7d bb_pct_b bb_width rsi_14 macd_line macd_signal macd_histogram volume_missing volume_lag_1d volume_lag_7d volume_std_30d volume_mean_60d volume_log_change_1d volume_log_change_7d volume_zscore_30d volume_price_conf_7d volume_price_conf_1d rsi_missing macd_missing
feature_infos=[0.029999999329447746:449.08499145507812] [-99.944244384765625:500] [-99.944244384765625:500] [-99.634101867675781:500] [-99.634101867675781:500] [-99.529632568359375:500] [-99.696243286132812:500] [0:82.714279174804688] [0:60.404327392578125] [0:66.041351318359375] [0:83.876434326171875] [-4.9878606796264648:5.2946515083312988] [0.70178574323654175:3191.88232421875] [-299759592013824:2771.76318359375] [-599.63409423828125:597.15875244140625] [-3.5065579414367676:6.1072120666503906] [0:4] [-7.4919800758361816:7.4919800758361816] [-5.610569953918457:7.4919800758361816] [-49972.125:104660.375] [-49817.05078125:133939.390625] [-0.54071199893951416:1.5621322393417358] [0.0016972259618341923:17.690479278564453] [0:99.998138427734375] [-23.050159454345703:37.798225402832031] [-20.377595901489258:34.973644256591797] [-9.5351839065551758:14.867011070251465] none [1:378600] [1:372357] [0:87607.3984375] [1:297578] [-6.308098316192627:10.422162055969238] [-6.7117404937744141:9.4828834533691406] [-4.9106183052062988:5.2923283576965332] [-99.39617919921875:500] [-99.944244384765625:500] [0:1] [0:1]
tree_sizes=5205 6244 5376 5280 4950 5194 4967 4947 5275 5300

Tree=0
num_leaves=49
num_cat=0
split_feature=1 15 18 38 18 5 18 18 1 10 34 23 1 1 30 28 1 21 33 14 15 26 15 5 15 1 34 7 28 19 15 21 4 30 4 32 32 34 5 13 32 9 7 7 6 7 13 30
split_gain=3393.71 848.814 469.132 456.325 428.737 171.441 104.842 102.167 97.8743 96.2832 63.3378 53.0732 48.1127 43.5625 36.2414 34.4376 26.4473 31.0205 26.2599 25.3372 22.7761 18.575 18.0132 16.1351 16.0445 14.5142 13.5184 13.4905 12.5852 10.7866 9.33062 8.97046 8.34478 9.85142 7.8828 6.21962 6.1981 5.80425 5.28342 5.10441 4.3095 3.93595 3.23782 2.72583 2.44625 2.25019 2.01448 0.158055
threshold=9.4791135787963885 -3.498293280601501 0.17241166532039645 1.0000000180025095e-35 0.37284190952777868 28.433695793151859 0.37284190952777868 0.088950440287590041 3.7750099897384648 0.0062876217998564252 1.0767267346382143 50.000465393066413 14.759599208831789 23.2382345199585 416.21464538574224 39.500000000000007 14.759599208831789 0.86915129423141491 0.68388766050338756 -21.316356658935543 -3.1641684770584102 -0.0076153373811393968 -2.9141628742218013 16.08036041259766 -2.9141628742218013 23.2382345199585 -0.4077379703521728 0.027687456458806995 850.50000000000011 -14.574874401092528 -1.5933192968368528 0.72924181818962108 8.4217143058776873 135.51982879638675 5.8651151657104501 0.57067659497261058 1.1039435267448428 0.37497001886367803 -1.0000000180025095e-35 1.1177291274070742 -0.3961316049098968 0.016257010400295261 0.0085370340384542959 0.022906253114342693 16.354107856750492 0.027687456458806995 0.65810993313789379 14.199664115905763
decision_type=2 2 2 2 2 2 2 2 2 2 2 2 2 2 2 2 2 2 2 2 2 2 2 2 2 2 2 2 2 2 2 2 2 2 2 2 2 2 2 2 2 2 2 2 2 2 2 2
left_child=1 -1 3 5 7 8 15 16 -3 14 12 -11 22 37 -5 30 26 23 32 -7 38 47 -9 -18 -17 -22 28 -23 -2 -28 -4 36 33 -15 -14 -19 -20 42 -12 -33 45 -42 46 -34 -44 -39 -6 -8
right_child=4 2 6 9 13 19 21 10 -10 11 20 -13 34 18 -16 24 17 35 31 -21 25 27 -24 -25 -26 -27 29 -29 -30 -31 -32 39 43 -35 -36 -37 -38 40 -40 -41 41 -43 44 -45 -46 -47 -48 -49
leaf_value=-7.5541495397652767 -8.1352498463142382 -7.7662530127281038 -8.3172770627776664 -7.7899136469596488 -8.845112506021426 -8.1031251563896856 -9.2212723187436954 -8.0629012007489216 -7.8641700920469448 -8.7603643928962605 -8.1052971672414049 -8.1785682843902805 -8.441362801443173 -10.772517347445699 -9.1972302944970235 -8.3005587752837435 -8.4994449820916671 -10.670762036266174 -10.385515884208615 -7.9039163264021086 -7.9854824738431827 -8.5653460451140777 -8.1201930644073705 -8.5472058112629306 -7.9774309401212316 -8.6138076606681722 -7.9814786112078284 -9.1733492121804368 -8.4924573165109063 -8.10475369142174 -8.1000445668319898 -10.944952785534866 -9.2572231032465861 -8.9949375637507583 -8.5259098817702696 -8.2100608018202994 -8.6564447947175349 -8.8107769664327478 -8.3808710125163906 -8.860544747734231 -8.6564447947175349 -8.3207978446844777 -10.483156577943429 -10.79971376270109 -9.0922877093872927 -9.6041195698776516 -8.9559733414988845 -7.6643790668373484
leaf_weight=99668.282076656818 1285.6605559587479 128925.36347585917 1313.7728159427643 2194.8706911206245 49.017025649547577 3777.2412172555923 20.992634654045105 559.43644255399704 18346.387047052383 7301.940637409687 17.838599741458893 1924.4897840619087 575.33051401376724 82.388412475585938 135.30736845731735 497.60144513845444 2240.4803393483162 241.1345357298851 35.15430223941803 7943.0806524753571 804.74554401636124 788.14055800437927 1619.190754711628 791.03220069408417 3746.8186836242676 210.81393003463745 1560.3655102849007 1381.0001056194305 82.742687165737152 821.6904284954071 813.63537031412125 572.17172628641129 431.78631728887558 26.23258900642395 2133.6189901232719 34.290049195289612 18.647224187850952 12.216823697090147 162.08178836107254 137.05153471231461 35.90210622549057 134.30956661701202 88.923148930072784 1806.7302489876747 223.34913045167923 37.848538756370544 50.563833117485046 52.335371017456055
leaf_count=106671 1018 137291 925 960 32 2751 4 499 18347 2523 17 933 414 23 44 442 1105 149 9 7151 725 544 1468 436 3728 173 1274 829 35 597 817 273 252 9 1731 39 4 10 135 82 36 108 48 466 164 25 43 7
internal_value=-7.81251 -7.81164 -7.813 -7.81262 -7.82691 -7.81216 -7.82053 -7.82409 -7.81185 -7.81896 -7.82724 -7.82048 -7.82891 -7.83679 -7.81295 -7.81836 -7.82138 -7.82354 -7.83841 -7.81601 -7.82038 -7.82668 -7.82522 -7.82256 -7.81663 -7.81842 -7.81946 -7.82724 -7.8221 -7.81793 -7.8218 -7.83293 -7.84017 -7.83046 -7.83187 -7.83421 -7.81929 -7.82875 -7.83124 -7.83393 -7.82412 -7.82134 -7.83116 -7.84063 -7.83294 -7.83287 -7.82525 -7.81054
internal_weight=295714 278831 179163 170549 16882.7 158992 8614.3 13140.5 147272 11556.6 6083.06 9226.43 4887.58 3742.29 2330.18 6371.83 7057.4 3306.94 3110.16 11720.3 1195.48 2242.47 2178.63 3031.51 4244.42 1015.56 3750.46 2169.14 1368.4 2382.06 2127.41 763.025 2347.14 108.621 2708.95 275.425 53.8015 632.13 179.92 709.223 220.277 170.212 411.853 2238.52 312.272 50.0654 99.5809 73.328
internal_count=295366 283967 177296 170000 11399 165540 7296 9815 155638 4460 5162 3456 4112 1584 1004 5912 4653 1729 1118 9902 1050 1384 1967 1541 4170 898 2924 1373 1053 1871 1742 368 750 32 2145 188 13 466 152 355 179 144 287 718 212 35 75 11
is_linear=0
shrinkage=1


Tree=1
num_leaves=57
num_cat=0
split_feature=1 22 2 2 38 5 0 1 37 0 31 18 0 18 0 22 12 34 1 24 1 2 4 34 1 0 21 33 34 22 22 35 32 11 28 28 12 19 1 0 21 12 21 5 19 34 12 22 18 20 11 32 24 9 11 1
split_gain=3205.9 808.383 445.118 434.373 269.434 184.966 141.284 136.177 136.158 126.494 89.1261 81.8603 74.7801 48.1379 46.165 43.3718 43.2657 42.0103 40.4514 29.4876 24.9183 23.3644 22.0826 20.0897 19.7861 18.8036 17.7874 16.5452 16.3104 16.1142 12.9963 12.5176 11.4995 13.1182 10.7123 10.5123 9.6207 9.58937 9.11088 8.74485 8.67179 7.51112 7.47779 7.13827 6.83368 6.11935 6.08996 5.47151 7.62603 7.5602 4.57827 3.62134 3.54764 3.06412 2.50849 1.79911
threshold=9.4791135787963885 0.22553574293851855 21.965879440307621 11.542535781860353 1.0000000180025095e-35 28.433695793151859 0.03024999983608723 23.2382345199585 1.0000000180025095e-35 0.03024999983608723 24.305171966552738 0.088950440287590041 0.034250000491738326 0.37284190952777868 0.03024999983608723 0.67172405123710643 0.7895849645137788 0.96622970700263988 3.7750099897384648 -0.00024411268532276151 -8.5905084609985334 7.9550316333770761 8.4217143058776873 0.49177943170070654 14.759599208831789 0.08624999970197679 0.86915129423141491 0.8651798963546754 -0.38016845285892481 0.12164807319641115 0.17212096601724627 53.821811676025398 -0.90441477298736561 -0.10005075857043265 21.500000000000004 51.500000000000007 0.71558824181556713 -180.36164093017575 6.2392175197601327 0.81224998831748974 0.78436750173568737 0.70710679888725292 0.51001912355422985 9.5963106155395526 -38.907890319824212 2.3840564489364628 0.87998777627944957 1.0516322255134585 0.063868235796690001 193.12809753417972 0.69572269916534435 -0.35994225740432734 -0.076788593083620058 0.027776333503425125 2.7095153331756596 2.9244389533996586
decision_type=2 2 2 2 2 2 2 2 2 2 2 2 2 2 2 2 2 2 2 2 2 2 2 2 2 2 2 2 2 2 2 2 2 2 2 2 2 2 2 2 2 2 2 2 2 2 2 2 2 2 2 2 2 2 2 2
left_child=1 6 11 4 5 9 -1 28 18 -3 34 21 55 -7 44 25 27 24 30 41 -14 32 26 -24 -16 42 -18 52 47 -12 -8 -21 37 -34 -10 -27 43 -2 -20 50 -29 -17 -5 -23 51 -38 -19 48 -4 -49 -30 -13 -9 -46 -41 -6
right_child=2 3 7 15 12 13 8 16 10 -11 29 14 20 -15 17 19 22 46 38 31 -22 36 23 -25 -26 35 -28 40 39 -31 -32 -33 33 -35 -36 -37 45 -39 -40 54 -42 -43 -44 -45 53 -47 -48 49 -50 -51 -52 -53 -54 -55 -56 -57
leaf_value=0.24980710531587619 -0.56889126632027687 0.24980710531587619 -0.68996713575535529 -0.23430054527796004 0.24980710531587619 -0.16879741197420203 0.094718873414273749 -0.96914844026918312 0.023882905972293287 -0.0098907348604898634 0.053442181793724751 -0.19047015467820363 -0.77559016208519782 -0.53957931620888033 -0.29539307559518491 -0.18681734224356497 -0.88117919528363164 -0.10955392478206626 0.0087586551554114881 -0.84135554505982912 -0.403082764220003 -1.6373202037335852 -2.3735490855020429 -1.6313561660794189 -0.67087013496162462 -0.28318652494904534 -3.0512057820135805 0.24402303914945447 -0.51910477562378776 -1.0398111044040499 0.050140756949835705 -1.6467524938717497 -0.19318758509780143 -0.30937196327647892 -2.6968760704575905 -0.13278849008933219 -0.36674268796162451 -0.21887775370875207 -0.051177200920659222 -0.2611419672271022 -2.8045385154226237 -0.34318950338613824 -0.40000368436630251 -0.44986479409744995 -0.27200139198670586 -0.066750199012875586 -0.26876075792651255 -1.86192199529622 -0.63747062871293825 -1.0289010593805259 -0.82508156233270291 -0.26920551651611285 -2.8818239742478395 -0.36481944767240093 -0.62190869969406026 -0.25767861993733393
leaf_weight=83525.128617167473 124.35069608688354 12850.470150768757 118.99986320734024 294.43386048078537 683.84846323728561 11225.818802416325 50073.536525547504 20.068395137786865 21.168792963027954 72347.219745635986 521.80168473720551 42.679226875305176 2662.1927567124367 802.8048934340477 1704.798116505146 80.097360610961914 383.96696090698242 280.21897673606873 5778.8283520936966 2063.6786761283875 3099.5880551338196 74.890501976013184 1244.3260194063187 565.64362746477127 1376.4086580276489 1183.7667747139931 174.64682573080063 16.470848083496094 269.98716115951538 2462.4500463604927 21215.219097197056 591.32770174741745 2008.6217245459557 1936.4444423913956 334.7070484161377 1893.9562704563141 1559.2924029231071 156.69671547412872 2680.7137855291367 135.3395681977272 299.01471668481827 957.3325309753418 1442.9522478580475 64.889754176139832 367.38087397813797 84.613554894924164 577.03212714195251 193.86727410554886 398.94248604774475 25.963126122951508 591.04612815380096 104.24908041954041 1783.5965609550476 118.75655901432037 79.542426526546478 38.217694342136383
leaf_count=99804 65 5451 68 279 281 9272 60321 3 8 63224 82 29 773 500 1521 9 157 125 6953 1070 1668 10 770 419 1094 1256 61 3 145 331 25240 316 1178 1414 50 2109 1325 134 3084 91 132 486 1380 9 373 81 595 63 365 12 550 77 423 14 93 20
internal_value=3.74378e-05 0.000884759 -0.013955 -0.00128475 -0.00069527 -0.000259788 0.00234607 -0.0209152 0.00138021 0.000282006 -0.00515872 -0.0098068 -0.00722178 -0.00409835 -0.0131467 -0.00846785 -0.0240114 -0.0117993 0.00165435 -0.0111708 -0.00847955 -0.00726174 -0.0208876 -0.022687 -0.0136042 -0.0063898 -0.0149979 -0.0274836 -0.0132359 -0.0032832 0.00191095 -0.0130247 -0.00591059 -0.00544002 -0.0207866 -0.00482304 -0.0104487 -0.0124148 -0.00050609 -0.0105794 -0.0201752 -0.00640235 -0.00915137 -0.0189078 -0.0214712 -0.00970827 -0.00528427 -0.0170681 -0.0150394 -0.0216832 -0.0120803 -0.0147173 -0.0287409 -0.0234441 -0.00446054 0.00278968
internal_weight=295714 278831 16882.7 112218 103710 97226.3 166614 6301.42 83088.4 85197.7 3340.13 10581.3 6483.85 12028.6 4571.52 8507.55 4487.73 3938.46 79748.3 3692.44 5761.78 6009.8 2368.58 1809.97 3081.21 4815.11 558.614 2119.15 1813.69 2984.25 71288.8 2655.01 4226.11 3945.07 355.876 3077.72 1783.69 281.047 8459.54 1075.92 315.486 1037.43 1737.39 139.78 633.066 1643.91 857.251 737.773 517.942 219.83 861.033 146.928 1803.66 486.137 214.882 722.066
internal_count=295366 283967 11399 88094 81189 78447 195873 3355 96069 68675 471 8044 2742 9772 3828 6905 1968 3335 95598 1881 2441 4216 1407 1189 2615 5024 218 561 1387 413 85561 1386 2791 2592 58 3365 1425 199 10037 879 135 495 1659 19 493 1406 720 508 433 75 695 106 426 387 184 301
is_linear=0
shrinkage=0.0330689


Tree=2
num_leaves=49
num_cat=0
split_feature=1 15 22 2 2 38 37 1 11 22 2 31 0 22 4 22 36 0 2 34 34 4 5 2 38 14 24 22 1 34 6 30 15 26 34 23 10 11 31 32 7 28 10 23 8 11 26 4
split_gain=3012.52 810.711 526.996 437.94 252.241 224.664 150.84 139.023 125.081 80.4718 76.6108 74.3373 65.8734 43.1738 40.0868 39.8961 36.337 33.2692 31.5885 26.9384 25.0973 27.8335 22.5498 21.451 20.0134 18.7313 16.9002 15.7574 15.5656 15.1868 11.2578 10.3066 8.28032 8.00931 7.99273 7.64988 6.96061 6.17995 6.10371 5.79744 5.56406 4.75081 4.55554 4.14013 3.13844 2.19049 1.40392 0.690677
threshold=9.4791135787963885 -3.498293280601501 0.33486993610858923 21.965879440307621 11.542535781860353 1.0000000180025095e-35 1.0000000180025095e-35 23.2382345199585 1.0000000180025095e-35 0.17212096601724627 7.1612205505371103 45.175001144409187 0.03024999983608723 2.5542645454406743 11.981972694396974 0.17713466286659243 -7.1417410373687735 0.039250001311302192 34.055976867675788 0.78077793121337902 1.7208421230316164 8.4217143058776873 2.5650140047073369 6.0246665477752694 1.0000000180025095e-35 26.381443977355961 -1.0000000180025095e-35 2.5542645454406743 14.759599208831789 -0.38016845285892481 7.3701078891754159 83.297775268554702 -0.1502418369054794 -0.00084884563693776716 1.5094250440597536 43.310558319091804 0.022638319060206417 -0.18254468590021131 34.658334732055671 0.046640858054161079 0.0138329747132957 850.50000000000011 0.27253343164920812 19.302588462829593 0.008399739861488344 2.7095153331756596 0.00053946202388033282 -23.052920341491696
decision_type=2 2 2 2 2 2 2 2 2 2 2 2 2 2 2 2 2 2 2 2 2 2 2 2 2 2 2 2 2 2 2 2 2 2 2 2 2 2 2 2 2 2 2 2 2 2 2 2
left_child=1 -1 6 12 5 8 10 29 -4 30 15 -11 22 20 23 -3 -7 -12 24 27 21 -9 33 28 -6 31 -20 -16 -14 39 -8 -15 42 47 -25 -35 40 -21 -22 43 -24 -27 -31 -5 -41 -34 -38 -2
right_child=3 2 4 7 18 16 9 13 -10 11 17 -13 14 25 19 -17 -18 -19 26 37 38 -23 36 34 -26 41 -28 -29 -30 32 -32 -33 45 35 -36 -37 46 -39 -40 44 -42 -43 -44 -45 -46 -47 -48 -49
leaf_value=0.24154626939545881 -0.33817161031086507 0.084394381129071966 -0.018766511656934041 -1.5161073962827958 -0.31983212270585121 -0.99031139255767997 0.032900161706443845 -1.3647406074303696 -0.18764293278318653 -2.5340164781964836 -0.20236347509879798 -1.2358452676762504 -0.16449958025492381 -2.777871677811818 -0.4491081268504768 0.029437023667593952 -0.47206472613264788 -0.049285273113326922 -0.34220158995943695 -0.77537690432421114 -1.6526605766990341 -1.6864227348977767 -0.26030319727263584 -0.30501820480142094 -1.0517398227441663 -2.8140556370153691 -1.3732548006196321 -1.3529917132338338 -0.49667377896711051 -0.58013808300223779 -0.045572134056288828 -2.4252922066363132 -0.14049468018165054 -0.16709512806328417 -0.21035570147710977 -0.3599030636477632 -0.35270160982367466 -0.24644775274787473 -0.91900557743235489 -0.088114509056980483 -0.068531764838696621 -2.7263066803157376 -0.85422561835571997 -0.99403070201993105 -0.41139159924341612 -0.60134288864894803 -0.25714135367339386 0.021533279905798387
leaf_weight=99668.282076656818 13.745028078556059 55052.166456341743 38501.204510509968 19.02274489402771 4968.3276813030243 1377.541802406311 926.88716053962708 442.40033978223801 15868.361831128597 450.4350802898407 368.22499722242355 1532.8404367566109 2073.8538216352463 129.80274999141693 2443.8417909145355 46365.72257566452 3732.5749096870422 8087.5016574263573 238.93265986442566 33.807227611541748 127.15626668930054 1855.9682392477989 509.84541594982147 2151.2571668028831 396.90826207399368 1471.283145904541 1271.6965956091881 269.44328808784485 1448.453980922699 823.8996547460556 23.651241183280945 86.034703731536865 137.50102323293686 54.995457410812378 299.1915488243103 217.40339320898056 119.00001859664917 829.71473211050034 326.3887522816658 37.097872376441956 12.575142145156859 48.699756741523743 30.123202264308929 621.57722669839859 60.074905514717102 84.391403794288635 58.629679262638092 45.565719604492188
leaf_count=106671 9 66223 23589 5 4067 414 283 193 15333 71 412 214 1562 17 2212 54480 1668 9518 141 11 81 1225 497 1809 176 171 677 39 730 677 30 14 93 26 261 142 14 699 255 25 4 12 10 425 53 99 15 14
internal_value=9.46025e-05 0.000915972 -0.0004139 -0.0134692 -0.0027524 -0.00205873 0.000961516 -0.020373 -0.00143521 -0.00643649 0.00115926 -0.0102275 -0.00935474 -0.0235009 -0.00849201 0.00141149 -0.00868795 -0.00186386 -0.00874936 -0.0112687 -0.0208803 -0.0222988 -0.0173079 -0.0068248 -0.00754995 -0.0276317 -0.0129905 -0.0128938 -0.00515853 -0.0126157 0.0014585 -0.0181488 -0.0100516 -0.0100614 -0.00921008 -0.012455 -0.0206987 -0.00613439 -0.0136222 -0.0163138 -0.0185864 -0.0289545 -0.0115417 -0.017485 -0.00832512 -0.00421624 -0.0266794 0.000681708
internal_weight=295714 278831 179163 16882.7 66355.5 59479.7 112807 6301.42 54369.6 2933.81 109874 1983.28 10581.3 4487.73 9549.56 101418 5110.12 8455.73 6875.87 3576.81 2751.91 2298.37 1031.76 5972.76 5365.24 1735.82 1510.63 2713.29 3522.31 1813.69 950.538 215.837 1075.92 331.71 2450.45 272.399 700.05 863.522 453.545 737.773 522.421 1519.98 854.023 640.6 97.1728 221.892 177.63 59.3107
internal_count=295366 283967 177296 11399 46065 41004 131231 3355 38922 598 130633 285 8044 1968 7323 120703 2082 9930 5061 2961 1754 1418 721 4362 4243 214 818 2251 2292 1387 313 31 879 191 2070 168 530 710 336 508 501 183 687 430 78 192 29 23
is_linear=0
shrinkage=0.0330689


Tree=3
num_leaves=48
num_cat=0
split_feature=1 0 22 2 2 38 21 37 18 31 1 2 1 12 22 0 2 0 30 16 2 0 0 38 4 1 1 0 19 18 33 29 31 5 33 4 21 22 25 33 0 1 30 13 16 21 13
split_gain=2839.24 754.406 460.554 436.967 234.243 202.456 128.205 100.002 97.066 86.3423 82.042 72.7967 54.0522 41.7233 37.2731 31.3278 30.3033 30.2946 28.3817 27.9885 24.6785 23.7238 16.3382 15.4762 14.7825 14.1433 10.8368 10.1144 9.54277 9.5042 9.48331 8.95591 8.81947 12.9536 8.03965 7.40045 8.87251 9.10282 7.17696 5.88879 10.276 5.40387 3.03292 2.65984 1.91558 0.936333 2.70089
threshold=9.4791135787963885 0.03024999983608723 0.33486993610858923 34.055976867675788 11.542535781860353 1.0000000180025095e-35 0.47986330091953283 1.0000000180025095e-35 0.088950440287590041 19.158332824707035 23.2382345199585 6.0246665477752694 14.759599208831789 0.71558824181556713 0.17713466286659243 0.28824999928474432 11.542535781860353 0.03024999983608723 60.693204879760749 1.0000000180025095e-35 34.055976867675788 0.052749998867511756 0.03024999983608723 1.0000000180025095e-35 31.172650337219242 -18.503632545471188 8.0890612602233904 0.068250000476837172 -32.052343368530266 -0.35235917568206782 0.30911092460155493 125.50000000000001 38.587963104248054 23.047642707824711 -0.12511476129293439 -36.740051269531243 0.67683193087577831 0.86368936300277721 0.018918058834970001 2.1694020032882695 0.062249999493360526 14.759599208831789 280.28167724609381 -0.53298303484916676 1.0000000180025095e-35 1.2083246707916262 0.36923597753047949
decision_type=2 2 2 2 2 2 2 2 2 2 2 2 2 2 2 2 2 2 2 2 2 2 2 2 2 2 2 2 2 2 2 2 2 2 2 2 2 2 2 2 2 2 2 2 2 2 2
left_child=1 26 7 8 5 6 -4 11 16 44 35 14 17 39 -3 -7 32 43 24 -11 23 -13 28 -6 -15 -22 -1 -20 -14 38 -24 -31 33 -2 -19 -5 42 -38 -18 -12 -41 -34 -37 -10 -9 46 -28
right_child=3 2 4 10 20 15 -8 9 12 19 13 21 22 18 -16 -17 29 34 27 -21 25 -23 30 -25 -26 -27 45 -29 -30 31 -32 -33 41 -35 -36 36 37 -39 -40 40 -42 -43 -44 -45 -46 -47 -48
leaf_value=0.23355860989257279 -0.24756557151767369 0.084843552002465211 -0.010863938519526819 -1.6052333798723102 -0.3092556393651914 -0.43383371020093131 -0.18314956533646901 -2.6165918234094097 -0.10161054643151604 -0.31653801946222831 -2.7230354523717262 -0.12719043479426306 -0.47848545690439448 -2.4420395959943346 0.031434938887613902 -0.73801915536390916 -0.70173721455074378 -0.34545380812665299 -2.5939888838776555 -1.7163115327997052 -2.6101724814201526 -0.026779398349953788 -0.55765338463022818 -1.0169599869357642 -2.3290185670663379 -0.9985795416100044 -0.0035509839761425537 -1.6256760869266 -0.39371265590008686 -0.42505227542845808 -0.56714221967165901 -0.22043363944013269 -0.1320991869440937 -0.64138739772719644 -0.21102683647962625 -0.49550515581612919 -0.67133422460971115 -1.7461594736027912 0.015845266670446057 -2.6029174131154389 -0.078226772757497454 -0.44395683695832039 -1.4659714547026448 -0.10481174394866735 -2.8579170556303022 -0.0010705167224102018 0.0036276024759269113
leaf_weight=96952.415607511997 1448.8753491640091 53792.880817830563 40017.632956564426 39.850627779960632 4968.3276813030243 2384.7270293235779 15901.796750485897 150.98507809638977 29.782445549964905 2396.5078837275505 1186.5738537311554 1136.9028298258781 127.33357310295105 403.51530790328979 44885.568493425846 2883.7355943918228 116.82082015275955 884.00686103105545 348.57039803266525 759.34706544876099 258.11015260219574 10536.041603326797 1729.3126217126846 396.90826207399368 1337.568351149559 1252.519102871418 7.985539674758912 388.7577868103981 356.21634250879288 1100.6531217694283 928.33111894130707 250.06844371557236 2021.5792076587677 296.96282625198364 1613.8499336838722 189.07628059387207 329.12628585100174 255.52813655138016 13.375294923782347 41.030003309249878 22.881604194641113 1146.6613698601723 16.097917497158051 260.33951562643051 117.30387210845947 17.204567909240723 14.359046161174774
leaf_count=105462 1087 64746 24506 12 4067 924 15087 21 20 363 182 1316 92 172 52668 1201 44 802 152 98 70 12456 1378 176 668 748 5 230 272 799 748 217 1557 196 1465 68 297 128 4 11 7 555 6 230 15 22 16
internal_value=0.000146832 0.000944231 -0.000311935 -0.0130211 -0.00246369 -0.00181295 -0.00122866 0.000975168 -0.00978168 -0.00458866 -0.0217713 0.001148 -0.0128332 -0.0238699 0.0014402 -0.00801003 -0.00694832 -0.00946075 -0.0213378 -0.00304785 -0.00825108 -0.00132066 -0.0158171 -0.00718953 -0.0236681 -0.0120032 0.00329943 -0.0157883 -0.021511 -0.011107 -0.0147672 -0.0102444 -0.00568967 -0.0075932 -0.00826815 -0.0123021 -0.0115344 -0.0136301 -0.0197842 -0.0288541 -0.017857 -0.00463346 -0.00544515 -0.0196082 -0.022573 -0.0137213 -0.00743844
internal_weight=295714 278831 181839 16882.7 68063.8 61187.9 55919.4 113776 12324.2 3424.14 4558.58 110351 5929.17 3728.9 98678.4 5268.46 6395 2787.98 2478.41 3155.85 6875.87 11672.9 3141.19 5365.24 1741.08 1510.63 96992 737.328 483.55 1480.92 2657.64 1350.72 4914.08 1745.84 2497.86 829.679 789.829 584.654 130.196 1250.49 63.9116 3168.24 205.174 290.122 268.289 39.5492 22.3446
internal_count=295366 283967 178462 11399 46779 41718 39593 131683 9466 497 1933 131186 5007 1422 117414 2125 4459 2517 1222 461 5061 13772 2490 4243 840 818 105505 382 364 1064 2126 1016 3395 1283 2267 511 499 425 48 200 18 2112 74 250 36 43 21
is_linear=0
shrinkage=0.0330689


Tree=4
num_leaves=45
num_cat=0
split_feature=1 15 22 2 38 2 6 3 1 0 1 12 31 36 1 30 2 1 23 4 22 32 3 0 5 31 33 29 4 32 7 33 0 7 23 30 30 20 1 22 22 8 21 32
split_gain=2692.03 772.672 452.622 442.926 357.094 221.685 124.822 100.216 82.0861 55.7257 46.7643 46.4612 38.6937 36.7968 35.8321 31.7771 29.4998 26.4201 25.9699 15.9015 12.3445 12.0967 10.752 9.94672 9.31621 10.2848 8.31791 7.84358 7.79812 10.1851 7.42023 7.10474 9.24538 6.28661 6.05532 5.85612 5.74636 5.17171 4.96833 5.38297 4.35672 3.71949 3.1875 2.24925
threshold=9.4791135787963885 -3.498293280601501 0.21600311249494555 34.055976867675788 1.0000000180025095e-35 11.542535781860353 47.541807174682624 9.3026485443115252 23.2382345199585 0.03024999983608723 14.759599208831789 0.71558824181556713 14.672316551208498 -12.600644111633299 5.0233771800994882 83.297775268554702 11.542535781860353 -18.503632545471188 41.199926376342781 26.030408859252933 0.17212096601724627 -0.074792683124542222 -29.697243690490719 0.03024999983608723 25.455875396728519 38.587963104248054 -0.12511476129293439 125.50000000000001 -36.740051269531243 -0.3961316049098968 0.20926556736230853 2.1694020032882695 0.062249999493360526 0.39725400507450109 78.777839660644545 904.69653320312511 1.0000000180025095e-35 -58.95875167846679 6.9770436286926278 0.076886713504791274 0.61395353078842174 0.010943536646664144 0.46506662666797643 -0.29842376708984369
decision_type=2 2 2 2 2 2 2 2 2 2 2 2 2 2 2 2 2 2 2 2 2 2 2 2 2 2 2 2 2 2 2 2 2 2 2 2 2 2 2 2 2 2 2 2
left_child=1 -1 14 7 5 6 -4 16 28 37 26 31 18 -14 20 19 24 -7 -6 -13 36 -12 30 -17 34 -26 -11 -24 -5 40 -18 -10 -33 -31 -2 -22 -3 41 43 -40 -30 -9 -39 -16
right_child=3 2 4 8 12 17 -8 9 11 10 21 15 13 -15 38 23 22 -19 -20 -21 35 -23 27 -25 25 -27 -28 -29 29 33 -32 32 -34 -35 -36 -37 -38 42 39 -41 -42 -43 -44 -45
leaf_value=0.22583509317480915 -0.21769371192147377 -0.31369280345918993 -0.010936032149874856 -1.5521501437156189 0.13702207525784343 -1.8293467678790922 -0.21428422000866054 -0.38032839821292819 -2.6329877771901962 -0.33403004488577509 -0.593311704040276 -2.5382655047434555 -1.049924149406561 -0.66794917013832344 -0.046558698461950071 -2.6022994734681464 -0.68962319741665279 -0.29295785970310589 -2.4018747637821622 -2.2030987221504166 0.04646969299130306 -0.49945304618408559 -0.41099628170292096 -1.9450967417589735 -0.61745227182668838 -0.23307768259206754 -0.20404841979784846 -0.21314415051845931 -0.60952432211893737 -0.76823385063796068 -0.68697146415772947 -2.5168419044266264 -0.075639902646191637 -0.10677171697716879 -0.40058033180502783 -0.10445395210509667 0.08274808019338209 -0.3672366654456144 -0.0036301052328810593 -0.050282015767834642 -1.6721989740061167 -0.77992182454608694 -0.34191269592716134 0.0016892995262769873
leaf_weight=99668.282076656818 4258.0488809943199 7.820258140563964 76660.415766537189 39.850627779960632 60.967298984527588 484.47339701652527 9591.7036706209183 139.73899519443512 1186.5738537311554 884.00686103105545 1065.1691197156906 400.47163331508636 1162.2784376740456 6813.1953127384186 573.0463992357254 52.704456090927124 99.113851726055145 7425.1259483098984 268.00683635473251 1525.0860600471497 18832.04645305872 1592.4746209383011 1100.6531217694283 500.14969444274902 268.71715039014816 353.50087887048721 1613.8499336838722 250.06844371557236 83.844935238361359 405.55212092399597 31.082263350486755 41.030003309249878 22.881604194641113 85.538762867450714 33.811842679977417 164.4815821647644 52856.047937989235 96.666415452957153 14.858490467071531 1627.7141559720039 214.89280146360397 25.623775362968445 511.64269077777863 2620.7959127426147
leaf_count=106671 2968 1 68686 12 29 188 7803 106 182 802 882 158 291 2644 594 17 36 6610 46 775 22399 1244 799 272 175 246 1465 217 68 282 12 11 7 36 6 164 62965 13 19 1789 113 9 486 3068
internal_value=0.000196283 0.000972737 -0.000325558 -0.0126258 -0.00176364 -0.00118364 -0.000697492 -0.00936444 -0.0214351 -0.0124646 -0.0112116 -0.0235341 -0.00833713 -0.00787321 0.00159548 -0.0208674 -0.00648601 -0.00648209 -0.0194761 -0.0228914 0.001781 -0.0142738 -0.0105884 -0.0137594 -0.00524445 -0.00905526 -0.00794246 -0.00967576 -0.0119648 -0.0111802 -0.0197842 -0.0287852 -0.0169391 -0.0081539 -0.00468614 0.00105609 0.00204117 -0.0207679 -0.00115743 -0.00263656 -0.016056 -0.0150652 -0.0222638 -0.000390965
internal_weight=295714 278831 179163 16882.7 102466 94161.7 86252.1 12324.2 4558.58 5929.17 5155.5 3728.9 8304.45 7975.47 76696.8 2478.41 6395 7909.6 328.974 1925.56 71860.4 2657.64 1480.92 552.854 4914.08 622.218 2497.86 1350.72 829.679 789.829 130.196 1250.49 63.9116 491.091 4291.86 18996.5 52863.9 773.672 4836.41 1642.57 298.738 165.363 608.309 3193.84
internal_count=295366 283967 177296 11399 86297 83287 76489 9466 1933 5007 4393 1422 3010 2935 90999 1222 4459 6798 75 933 85529 2126 1064 289 3395 421 2267 1016 511 499 48 200 18 318 2974 22563 62966 614 5470 1808 181 115 499 3662
is_linear=0
shrinkage=0.0330689


Tree=5
num_leaves=47
num_cat=0
split_feature=1 15 22 4 26 22 38 4 38 1 22 4 6 31 1 1 22 11 0 0 14 34 34 30 14 1 12 19 8 24 22 34 22 34 26 31 21 31 21 29 1 13 8 10 34 16
split_gain=2463.83 758.821 446.321 417.272 195.172 110.889 127.362 93.5782 113.593 92.9852 74.9966 67.5433 64.0546 41.6446 32.1238 29.984 29.6999 27.553 27.2792 25.9563 24.8323 23.506 22.2731 18.1261 16.3334 16.2394 16.0127 15.8057 10.5113 10.3077 9.9612 9.44628 9.27285 8.9718 9.47879 7.82196 7.53525 7.62471 7.17188 7.12981 6.49077 5.94883 5.60483 2.71649 1.8888 1.43672
threshold=9.4791135787963885 -3.498293280601501 0.39755931496620184 59.953170776367195 -2.8942370590812058e-05 0.20997694134712222 1.0000000180025095e-35 59.953170776367195 1.0000000180025095e-35 14.759599208831789 2.5542645454406743 11.981972694396974 54.77241516113282 9.3750000000000018 4.1540527343750009 5.0233771800994882 2.5542645454406743 1.4010179042816164 1.2555000185966494 0.03024999983608723 56.945711135864265 -0.15104751288890836 0.87061420083045971 32.076774597167976 20.201884269714359 6.2392175197601327 0.73783251643180858 25.409186363220218 0.0012849504710175099 -0.00039526012551505113 0.7559441626071931 0.37497001886367803 0.13998270779848102 0.62674695253372203 -0.0001425504306098446 75.153949737548842 0.52549895644187938 14.672316551208498 0.74693122506141674 39.500000000000007 8.0890612602233904 0.58085864782333385 2.3075896501541142 0.0057125592138618239 1.9967454075813296 1.5000000000000002
decision_type=2 2 2 2 2 2 2 2 2 2 2 2 2 2 2 2 2 2 2 2 2 2 2 2 2 2 2 2 2 2 2 2 2 2 2 2 2 2 2 2 2 2 2 2 2 2
left_child=1 -1 5 9 12 14 15 8 -6 21 20 17 25 -8 32 -7 -9 24 36 42 33 27 -21 38 -11 -4 -14 29 43 -2 -19 -25 -3 34 -5 -30 41 -38 -22 -29 -16 -12 -13 -23 -35 -20
right_child=3 2 4 10 7 6 13 16 -10 11 18 19 26 -15 40 -17 -18 30 45 22 23 28 -24 31 -26 -27 -28 39 35 -31 -32 -33 -34 44 -36 -37 37 -39 -40 -41 -42 -43 -44 -45 -46 -47
leaf_value=0.21836698434167462 -0.19067855971400557 0.088012218355952132 -0.0081946562803475939 -0.28324485094165575 -0.16422954771333068 0.011866595501366151 -2.3154123381780436 -0.61203668370615583 -0.65806856784107048 -0.54042080411919946 -1.3387106131411701 -0.5017212152600693 0.041537734674755432 -0.84428947175409508 -0.0078301120551916813 -0.094658540934056859 -2.2763318624785072 -0.40355296797989493 -1.3567717233361551 -0.55693086354630228 0.81046462226081106 -0.090039076474744836 -0.38124553609649725 -1.5483976525206711 -0.56572730134147375 -0.092317427395080504 -0.26609794684097837 -0.68984170349087481 -0.18171136645801905 -0.25342761918417089 -2.615976445144331 -1.4547580970948588 0.059052557232487618 -0.3951649937028025 -0.99092565249074316 -0.10261451687405605 -1.2593653995887057 -2.5429498026695518 -1.7072215540084426 -0.39085598558845197 -0.064341710694167095 -0.60669234423964558 0.17114214229116656 -0.09244492426231822 -0.11838737759492028 0.3494553101283121
leaf_weight=99549.309878468513 1032.9322794079781 35492.374534487724 24224.319578528404 63.596400797367096 18401.119551479816 40998.605415463448 175.82377737760544 1920.1018113493919 5306.9199352264404 2110.6670256853104 67.222118854522705 577.96852630376816 328.05069506168365 2529.5982058644295 6200.6036752462387 4593.3531731963158 502.98290133476257 224.72914063930511 17.033228635787964 2184.7531351447105 9.5920093059539777 45.747821927070618 606.21974885463715 262.02356439828873 1043.2526761889458 1756.8003739118576 3023.4644780158997 384.30417621135712 1686.0778289437294 1388.3088689446449 214.30910778045654 288.83711463212967 31714.980023443699 111.59853863716125 385.82464551925659 1491.0096636414528 14.515066862106321 1407.6514581441879 526.1236560344696 496.71849519014359 678.52666556835175 61.403225421905518 9.6431846618652326 26.001259565353394 66.457523286342621 27.084970474243164
leaf_count=106685 876 42100 13442 27 14420 48252 35 1404 2161 1084 9 453 36 766 7025 5257 127 239 4 1664 3 56 531 149 661 885 2088 270 1400 1186 58 202 38034 89 272 1299 4 173 271 385 775 7 1 10 58 7
internal_value=0.000249447 0.000994928 -0.000298986 -0.012035 -0.00275983 0.000816133 -0.00041644 -0.00483827 -0.00420414 -0.00945597 -0.0225634 -0.0121173 -0.000907567 -0.00738623 0.00161987 -2.33786e-06 -0.0110316 -0.00894559 -0.0277503 -0.0154817 -0.017714 -0.00661988 -0.0141243 -0.0207677 -0.00785058 -0.000351775 -0.00520978 -0.00859082 -0.00460941 -0.00718888 -0.0167385 -0.0164083 0.00184023 -0.0123752 -0.0148886 -0.00431627 -0.0284801 -0.0292166 -0.0251806 -0.0124124 -0.000530507 -0.0200459 -0.0218661 -0.0171249 -0.00589116 -0.00166837
internal_weight=294229 277397 177848 16831.6 55463.8 122384 48297.4 26131.1 23708 13522.6 3308.96 6971.54 29332.6 2705.42 74086.5 45592 2423.08 3592.96 1594.91 3378.58 1714.05 6551.1 2790.97 1086.58 3153.92 25981.1 3351.52 3302.26 3248.84 2421.24 439.038 550.861 67207.4 627.477 449.421 3177.09 1550.79 1422.17 535.716 881.023 6879.13 128.625 587.612 71.7491 178.056 44.1182
internal_count=294940 283492 176807 11448 34563 142244 54310 18112 16581 10173 1275 4691 16451 801 87934 53509 1531 2042 204 2649 1071 5482 2195 625 1745 14327 2124 2717 2765 2062 297 351 80134 446 299 2699 193 177 274 655 7800 16 454 66 147 11
is_linear=0
shrinkage=0.0330689


Tree=6
num_leaves=45
num_cat=0
split_feature=1 15 22 18 38 11 22 38 4 18 22 31 0 6 1 18 7 1 34 34 21 31 4 12 1 25 22 7 30 22 21 21 22 30 21 34 7 0 6 18 19 8 4 11
split_gain=2336.47 782.89 433.895 393.099 193.549 188.76 98.6398 120.372 79.6908 78.9972 63.2809 43.845 42.1168 40.6797 34.5962 33.0888 32.7676 31.111 24.73 24.0178 20.2406 19.6337 15.9414 15.39 14.5135 12.5039 11.5214 15.6589 10.9797 10.7983 12.1828 9.34121 9.0767 8.92548 8.09196 7.31758 6.86963 6.72279 6.66032 6.40123 5.33672 5.01814 4.69022 3.6837
threshold=11.384126186370851 -3.498293280601501 0.36305762827396398 0.37284190952777868 1.0000000180025095e-35 1.0000000180025095e-35 0.20997694134712222 1.0000000180025095e-35 11.981972694396974 0.37284190952777868 2.5542645454406743 9.3750000000000018 0.03024999983608723 65.644931793212905 4.1540527343750009 0.37284190952777868 0.016235616058111194 5.5560002326965341 -0.21519058942794797 0.37497001886367803 0.78436750173568737 377.17498779296881 26.030408859252933 0.71558824181556713 23.2382345199585 0.00091172824613749992 0.43810600042343145 0.11064486205577852 54.564630508422859 0.7559441626071931 0.86915129423141491 1.2083246707916262 0.13998270779848102 24.770477294921879 1.0960869789123537 1.0767267346382143 0.047653511166572578 0.37025000154972082 54.77241516113282 0.023699952289462093 25.409186363220218 2.3075896501541142 -1.0000000180025095e-35 -0.55391445755958546
decision_type=2 2 2 2 2 2 2 2 2 2 2 2 2 2 2 2 2 2 2 2 2 2 2 2 2 2 2 2 2 2 2 2 2 2 2 2 2 2 2 2 2 2 2 2
left_child=1 -1 6 8 5 13 14 17 20 -7 19 -9 41 -4 32 21 -12 -8 23 24 26 -6 31 -14 42 38 39 -28 -20 35 -31 -18 -3 -27 -26 -22 -17 -24 -21 -2 -16 43 -5 -10
right_child=3 2 4 10 15 9 7 11 12 -11 16 -13 18 -15 40 36 22 -19 28 25 29 -23 37 -25 34 33 27 -29 -30 30 -32 -33 -34 -35 -36 -37 -38 -39 -40 -41 -42 -43 -44 -45
leaf_value=0.21114583734586787 -0.021412125964357178 0.085101754724779113 -0.020648234525126551 -0.57485863840974949 -0.52603234125555254 -0.193720600488058 0.013137195357391128 -2.2419854165003086 0.29100938322765568 -0.79630914757326565 0.0037577825263074073 -0.81626495522686304 -0.42729453834794878 -0.30245943443523443 -0.012093704492303518 -2.4305363315286557 -2.3438723364169496 -0.096213683178776405 -0.37615597668910611 -1.7130727606385321 -0.31263590122488244 -0.73861346735548006 -2.4502334316516756 -0.49506815427675438 -1.0576961942760632 -1.6652398492923488 -0.49457865730210204 -0.39384444657497797 -0.25709003158694005 -1.7516576167224409 -2.6846705652949518 -2.4181716486352944 0.057099756549089137 -0.76280137225340683 -1.5860971617965274 -0.16033911009325902 -1.963597637184886 -2.461663949871181 -1.5993618559112266 -0.18822461735399243 -0.087090271498163216 0.16548266693417718 -0.85277478842152954 -0.4050303224519165
leaf_weight=99549.309878468513 616.24200624227524 35492.374534487724 36312.028640329838 29.406815707683563 4165.2972990274429 16654.700209259987 37422.900379538536 173.10921156406403 6.9220666885375968 2043.6164509057999 37.604157209396362 2451.5252529978752 151.05422353744507 1439.3160957098007 6935.3006343245506 49.187583982944489 54.145969390869141 4102.7097180485725 1448.6091773509979 198.47986298799515 670.83541089296341 1455.8942624330521 1450.2919462919235 1758.1019678711891 275.91124713420868 120.61050742864609 2543.4403146505356 769.87715780735016 515.5654171705246 87.153826951980591 87.070829510688782 28.929553985595703 31714.980023443699 330.08320587873459 636.51364463567734 144.6766522526741 137.76761984825134 62.608695864677429 133.44128996133804 539.2894384264946 492.12659102678299 9.6431846618652326 268.53628706932068 661.35189116001129
leaf_count=106685 568 42100 20990 13 1684 15800 44153 32 3 1375 5 725 20 848 7898 25 10 4679 1174 129 607 600 171 1458 129 72 1356 261 484 21 20 3 38034 261 390 148 38 17 72 585 568 1 200 528
internal_value=0.000301368 0.000951077 -0.000344113 -0.0130654 -0.00258033 -0.00198842 0.000827808 -0.000410882 -0.00968127 -0.00470559 -0.0223962 -0.00727766 -0.0129173 -0.000642075 0.00156077 -0.00832891 -0.0272519 2.29001e-05 -0.0115709 -0.0183962 -0.00697825 -0.00786617 -0.0279714 -0.0142685 -0.0213491 -0.0137868 -0.00602013 -0.00701594 -0.00893449 -0.0112773 -0.0188538 -0.0132581 0.00179752 -0.0100807 -0.0234621 -0.00961726 -0.0220382 -0.0287592 -0.0187241 -0.00314687 -0.000579144 -0.0205572 -0.0147661 -0.0209011
internal_weight=294229 280592 181043 13636.4 62257.8 56449.7 118785 44150.2 10009.8 18698.3 3626.56 2624.63 4551.25 37751.3 74634.8 5808.15 1633.58 41525.6 3873.33 1992.98 5458.59 5621.19 1595.98 1909.16 1210.37 782.615 4468.85 3313.32 1964.17 989.737 174.225 83.0755 67207.4 450.694 912.425 815.512 186.955 1512.9 331.921 1155.53 7427.43 677.917 297.943 668.274
internal_count=294940 286234 179549 8706 41360 39013 138189 49589 7234 17175 1472 757 3668 21838 88600 2347 206 48832 3136 1266 3566 2284 201 1478 732 534 2770 1617 1658 796 41 13 80134 333 519 755 63 188 201 1153 8466 532 213 531
is_linear=0
shrinkage=0.0330689


Tree=7
num_leaves=45
num_cat=0
split_feature=2 15 1 1 38 5 12 10 15 3 2 1 11 3 3 34 19 1 34 1 19 7 34 9 1 7 29 30 26 38 2 33 19 5 29 11 19 28 28 9 20 6 1 15
split_gain=2342.25 677.438 592.27 213.939 198.94 151.751 93.8016 76.2866 63.1744 50.1268 47.4489 45.2464 42.0942 41.0994 35.9473 27.4156 22.2515 21.0475 20.0442 19.2388 18.1297 17.4396 16.3727 15.6944 14.196 13.4374 12.4947 11.2468 10.9002 10.6717 10.1956 12.7925 10.0625 9.40639 9.03994 8.11247 8.03784 7.84461 6.03499 5.87536 4.20239 4.17275 2.86699 1.09913
threshold=11.542535781860353 -3.498293280601501 23.2382345199585 6.9770436286926278 1.0000000180025095e-35 28.433695793151859 0.73783251643180858 0.0088018039241433161 -3.263633012771606 -13.634693145751951 16.675724029541019 1.0000000180025095e-35 1.4010179042816164 22.67962741851807 16.162512779235843 0.37497001886367803 -394.57060241699213 11.384126186370851 -0.11601413786411284 14.759599208831789 33.628753662109382 0.20926556736230853 -0.27087041735649103 0.12949556112289431 6.2392175197601327 0.030575433745980266 42.500000000000007 20.659931182861332 -0.09379506483674048 1.0000000180025095e-35 21.965879440307621 1.5225663781166079 -2.8146580457687373 23.047642707824711 96.500000000000014 2.7095153331756596 47.141702651977546 15.500000000000002 42.500000000000007 0.063772484660148634 66.476745605468764 -8.4327535629272443 11.384126186370851 1.9123902916908266
decision_type=2 2 2 2 2 2 2 2 2 2 2 2 2 2 2 2 2 2 2 2 2 2 2 2 2 2 2 2 2 2 2 2 2 2 2 2 2 2 2 2 2 2 2 2
left_child=1 -1 8 4 5 9 28 20 24 -3 17 -9 21 -7 22 35 23 26 -18 36 -6 25 33 -12 39 -8 -10 -17 -4 -19 38 -32 -21 -5 40 -14 -16 -24 -30 41 -26 -2 -36 -23
right_child=2 3 6 14 7 13 12 11 10 -11 16 -13 15 -15 19 27 18 29 -20 32 -22 43 37 -25 34 -27 -28 -29 30 -31 31 -33 -34 -35 42 -37 -38 -39 -40 -41 -42 -43 -44 -45
leaf_value=0.20416348544123417 -0.1625207751464004 -0.066085204070241432 -0.012426368801962049 -0.19134167791614404 0.026201647806546987 -0.11749479550128278 -0.53722482862091947 -0.78985305733553102 -0.25959723176816302 0.041218155143181522 -0.8957689924694251 -0.19109252674889668 -1.2418226173950095 -0.35535267072106336 -0.17496870635586567 -2.3602738033461188 -0.54834174519729151 -0.25043611505072949 -0.35420136263386404 -0.59910646016384783 -0.53827918518265794 0.014307745153450881 -0.38566348147472673 -2.5063145744630391 -0.19729128151943565 -1.6304561317728998 -0.095471077083640221 -1.7423748540537227 -0.66886476142888851 -0.77447581644114138 -2.3738879882605444 -2.6137171265314931 -0.95441040878498828 -0.34432633407775876 -0.079543278457800584 -2.2314491612964273 -0.3819533189308828 -0.0718447970322207 -0.28151520218772236 0.18309020229465769 -0.32544257308416069 -0.24761199391971869 -0.19729128151943565 -0.41301553454496281
leaf_weight=99549.309878468513 75.319856405258179 12068.543542325497 30.641151189804077 3696.2150585055351 2506.8155670762062 10399.157819747925 712.65485841035843 6207.5623962283134 1583.862707555294 128401.12812411785 471.50099509954453 1909.4318104982376 525.56231379508972 1837.870539188385 977.32972675561905 272.44780647754669 3873.1510321497917 923.53291290998459 2984.8595833182335 524.30908572673798 78.51876038312912 81.370046496391296 1024.4671415686607 138.53534454107285 420.82124203443527 241.35670548677444 3190.649606525898 476.47656685113907 23.108164310455322 52.533722996711731 1556.7541106343269 135.4151958823204 223.99166017770767 756.55534213781357 26.95926970243454 786.53848946094513 167.09623676538467 4765.4567353725433 24.365212202072144 31.181648254394531 23.720821738243103 323.47454530000687 123.55600410699844 24.431795239448547
leaf_count=106685 71 10652 4 2977 1081 9033 379 2117 1380 139064 202 966 311 1429 868 167 2885 836 2619 353 24 23 813 37 322 77 3057 377 5 22 313 52 140 566 30 524 113 3939 5 4 22 269 115 12
internal_value=0.000349319 0.00112754 -0.0108375 -0.000108145 0.00020637 0.000511935 -0.0207668 -0.00415169 -0.00742552 0.000819716 -0.006809 -0.00572744 -0.0172916 -0.00301953 -0.00434427 -0.0200605 -0.00855024 -0.00454374 -0.00800427 -0.0085368 0.000789493 -0.0118776 -0.00356716 -0.0146378 -0.0153456 -0.0132899 -0.00363195 -0.0149096 -0.0268707 -0.00897863 -0.0272187 -0.0276521 -0.0126781 -0.00507813 -0.0186985 -0.0229744 -0.0058058 -0.00240162 -0.011178 -0.0106343 -0.0211256 -0.0117217 -0.0113289 0.000707034
internal_weight=294229 275094 19134.8 175544 163409 152707 4891.12 10702.3 14243.7 140470 13218.6 8116.99 3120.84 12237 12135.4 2061.03 7468.05 5750.58 6858.01 1892.73 2585.33 1059.81 10242.7 610.036 1025.03 954.012 4774.51 748.924 1770.28 976.067 1739.64 1692.17 748.301 4452.77 595.057 1312.1 1144.43 5789.92 47.4734 429.976 444.542 398.794 150.515 105.802
internal_count=294940 280820 14120 174135 164366 160178 2249 4188 11871 149716 11038 3083 1870 10462 9769 1379 5743 5295 5504 1474 1105 491 8295 239 833 456 4437 544 379 858 375 365 493 3543 489 835 981 4752 10 344 344 340 145 35
is_linear=0
shrinkage=0.0330689


Tree=8
num_leaves=48
num_cat=0
split_feature=2 15 1 22 3 5 1 0 24 2 22 1 34 34 34 22 35 29 32 25 34 15 11 1 35 11 34 12 29 22 2 2 1 1 30 7 19 20 34 11 34 7 0 0 9 20 23
split_gain=2159.42 670.611 564.429 320.755 133.77 111.995 89.4969 76.8021 66.4771 37.9852 35.4462 32.3495 19.1763 18.5379 18.4443 18.1264 18.0115 16.7469 15.1138 14.1093 12.756 12.0865 11.9418 11.7374 11.3134 10.0261 15.524 11.1099 9.88349 9.24987 8.55558 7.2838 7.17157 5.78616 9.04416 4.77207 4.73468 4.40427 4.35172 3.61116 3.37373 3.22743 3.18096 3.10706 2.71978 2.27193 0.375087
threshold=11.542535781860353 -3.498293280601501 23.2382345199585 0.21600311249494555 29.463113784790043 88.926731109619155 6.9770436286926278 0.034250000491738326 -0.00039526012551505113 16.675724029541019 2.5542645454406743 4.1540527343750009 -0.27087041735649103 -0.35341800749301905 0.040891010314226157 0.67172405123710643 53.821811676025398 42.500000000000007 -0.68262049555778492 0.0019344707834534349 -0.041205942630767815 -2.8259984254837032 -0.20251636952161786 11.384126186370851 -30.220445632934567 0.80255013704299938 2.3840564489364628 0.81001481413841259 101.50000000000001 0.13544357568025592 34.055976867675788 34.055976867675788 14.759599208831789 8.0890612602233904 558.48370361328136 0.042149040848016746 149.78632354736331 193.12809753417972 -0.38016845285892481 1.0000000180025095e-35 0.080556370317935957 1.7094160914421084 0.03024999983608723 0.34524999558925634 0.051664074882864959 -16.79948806762695 55.147901535034187
decision_type=2 2 2 2 2 2 2 2 2 2 2 2 2 2 2 2 2 2 2 2 2 2 2 2 2 2 2 2 2 2 2 2 2 2 2 2 2 2 2 2 2 2 2 2 2 2 2
left_child=1 -1 7 11 6 12 8 28 -5 17 14 29 22 24 31 32 -15 20 -8 -16 -9 -17 37 -19 -11 27 -27 -14 36 41 -24 -7 -6 40 -35 -12 44 -4 -31 45 -13 -3 -41 -37 -2 -30 -38
right_child=2 3 5 4 15 10 18 9 -10 13 35 33 25 16 19 21 -18 23 -20 -21 -22 -23 30 -25 -26 26 -28 -29 39 38 -32 -33 -34 34 -36 43 46 -39 -40 42 -42 -43 -44 -45 -46 -47 -48
leaf_value=0.19741203194659504 -0.19961774069275118 0.083477870521760811 0.02058163774998931 0.0037046213715781996 -0.16560602222951504 -1.5817238012942962 -0.36228707168927826 -0.35965894730840015 -0.097123683527866322 -1.955272479787882 -1.6368751998820241 -0.022594903333375597 -1.0454432394739743 -0.32366497754619578 -1.571223238919546 -0.95298250052064803 -1.8193566157744396 -0.09033530707428987 -0.17439306747839017 -1.2690151331493389 -0.15265911292222134 -0.58515464928408334 -0.53996189396813743 -0.19762130018171276 -0.54078233304956536 -1.8627519285563336 -0.64512989291403455 -0.41941353809170018 -0.30875192528567513 0.037112723046845209 -0.84482213959688168 -1.5413055598602057 -0.56535656418205271 -0.052721705185822428 -0.25514814657800827 -2.3013669165456316 0.037722026053435123 -0.68147753565314462 0.069670199850876996 -0.21822955734370783 0.026204840924067843 -0.19727711249871357 -0.21080673582805162 -2.3017577650769101 -0.22497721658563266 0.2129915368513246 -0.47568926046363741
leaf_weight=99549.309878468513 397.33990168571472 32913.760553538799 46.378818511962891 42279.393829524517 599.43656444549561 45.933706998825073 1031.0011900067329 1331.786892592907 44663.034177184105 83.996378421783447 54.105888247489929 3348.6956194639206 181.34027105569839 3717.2532458901405 133.66390895843506 358.39482688903809 627.7954728603363 3327.0870912671089 8122.9409784674644 262.98555862903595 786.3833087682724 1727.974837243557 467.3942922949791 546.81531101465225 3109.9251185059547 691.54985529184341 193.93757688999176 337.88962018489838 18.202686309814453 14230.499845445156 727.41648501157761 376.43537956476212 79.283209085464478 1413.9556034803391 28.985999345779419 1297.3940435647964 10.369749546051024 14.322091698646544 21796.280390322208 58.779130637645721 2780.1379510164261 170.67397111654282 80.981961786746979 60.374919533729553 107.59096002578735 33.983258843421936 5.3688244819641104
leaf_count=106685 394 38945 28 36478 616 24 737 1094 38050 28 8 3692 34 3062 58 191 393 3154 5977 174 708 1048 335 516 2315 499 194 165 12 17338 388 177 69 1687 13 146 7 6 25847 63 3248 199 96 13 12 12 5
internal_value=0.000391316 0.00113855 -0.01035 -9.0893e-05 -0.00133592 -0.0200431 -0.00112933 -0.0070192 -0.000801606 -0.00645902 -0.0255223 0.001514 -0.0154341 -0.00802407 -0.01993 -0.00850659 -0.00660365 -0.00448618 -0.00423972 -0.0146393 -0.0068571 -0.0100384 -0.0184432 -0.0031841 -0.00994859 -0.0127217 -0.0148956 -0.00896112 -0.0176086 0.00173887 -0.0191735 -0.0248132 -0.00376565 -0.000536277 -0.00241995 -0.0287383 -0.0200215 -0.00372209 0.0013709 -0.0109079 -8.97753e-05 0.00213901 -0.0137025 -0.0291541 -0.02058 -0.00299594 -0.000958496
internal_weight=294229 275094 19134.8 175544 98861.5 4891.12 96096.4 14243.7 86942.4 13531 2230.89 76683 2660.23 7538.97 819.019 2765.09 4345.05 5992.07 9153.94 396.649 2118.17 2086.37 1255.51 3873.9 3193.92 1404.72 885.487 519.23 712.616 69111.2 1194.81 422.369 678.72 7571.78 1442.94 1411.87 520.669 60.7009 36026.8 191.947 6128.83 33084.4 139.761 1357.77 504.931 52.1859 15.7386
internal_count=294940 280820 14120 174135 83166 2249 81242 11871 74528 11270 600 90969 1649 5798 433 1924 3455 5472 6714 232 1802 1239 757 3670 2343 892 693 199 601 82329 723 201 685 8640 1700 167 418 34 43185 183 6940 39144 159 159 406 24 12
is_linear=0
shrinkage=0.0330689


Tree=9
num_leaves=48
num_cat=0
split_feature=2 15 17 22 5 38 11 0 22 37 31 17 22 2 17 17 17 17 2 34 34 2 17 29 34 17 19 22 34 26 29 30 9 34 2 22 7 17 9 19 34 0 0 22 9 6 13
split_gain=1990.56 662.54 547.793 302.187 129.628 106.559 120.366 77.6414 74.8666 102.297 47.8594 46.2804 40.2384 35.604 33.8595 32.4595 28.6179 28.0347 24.7915 21.4449 20.4654 22.855 21.4686 19.1467 17.8254 17.6866 17.0447 14.8181 14.1312 13.805 12.2027 11.1957 10.7304 8.9324 8.14434 8.12637 4.77207 4.72793 4.09413 5.94276 3.9541 3.66345 3.10706 2.0397 1.92625 1.88601 0.264156
threshold=11.542535781860353 -3.498293280601501 0.20894917100667956 0.37937115132808691 88.926731109619155 1.0000000180025095e-35 -1.0000000180025095e-35 0.034250000491738326 0.20997694134712222 1.0000000180025095e-35 24.305171966552738 0.10781463980674745 2.5542645454406743 34.055976867675788 0.07778534293174745 0.10781463980674745 0.040700893849134452 0.060523133724927909 34.055976867675788 0.040891010314226157 -1.0066784620285032 -11.645920753479002 -0.054374748840928071 30.500000000000004 -0.70221617817878712 -0.20461174845695493 47.141702651977546 2.5542645454406743 0.49177943170070654 -0.01029358198866248 125.50000000000001 89.183788299560561 0.47879944741725927 -0.29997493326663965 34.055976867675788 0.13544357568025592 0.042149040848016746 0.067444078624248519 0.0093600088730454462 -180.36164093017575 -0.18436331301927564 0.03024999983608723 0.34524999558925634 0.41687577962875372 0.014020776841789486 7.3701078891754159 0.051394520327448852
decision_type=2 2 2 2 2 2 2 2 2 2 2 2 2 2 2 2 2 2 2 2 2 2 2 2 2 2 2 2 2 2 2 2 2 2 2 2 2 2 2 2 2 2 2 2 2 2 2
left_child=1 -1 7 8 18 6 14 30 16 17 -11 -8 19 15 -5 23 35 -10 29 34 21 -7 -22 -9 45 27 -26 -15 -17 46 38 -21 -27 -31 -6 -3 -14 -18 41 -40 44 -2 -38 -42 -32 -20 -4
right_child=2 3 4 5 12 20 11 13 9 10 -12 -13 36 25 -16 28 37 -19 24 31 22 -23 -24 -25 26 32 -28 -29 -30 33 40 -33 -34 -35 -36 -37 42 -39 39 -41 43 -43 -44 -45 -46 -47 -48
leaf_value=0.19088384131500791 -0.18010550664642419 0.08022121375165911 -0.99764329003445451 -0.012441872227104245 -1.529418000074636 -0.80376058253186689 -0.17372024477270159 -0.34643340063464306 0.016147678512390219 -2.0831420722709799 -1.0458704036595292 -0.50019103618269523 -1.582745604843774 -1.141064416788873 -0.20013299757810285 -0.36166043792600139 0.0024012074485632823 -0.091671007307600541 -1.6067795359736272 -1.5006378102054214 -0.61173626376207468 -0.59187551784115777 -0.34196440900463038 -0.15706657687689971 -1.2217558628378951 -0.79979444933545984 -0.92133016853664407 -2.3333870437871536 -0.18493879747852662 -0.54427031918527835 -0.1351492745615788 -0.99680002532476264 -0.42791637835713481 -0.31041127520851597 -1.4903363437639212 0.055140473052703469 -2.2252633386821401 -0.044590095145611505 -0.24567770160712743 -0.21272676535865154 -0.18707638798989765 -0.28184899372843997 -2.225641262298482 0.00016539430048928319 -0.32604090585139667 -0.78101279578277305 0.0058404807231470087
leaf_weight=99549.309878468513 199.05841928720474 33084.434524655342 6.4583519697189322 33063.972041904926 45.933706998825073 218.19631880521774 13637.840768456459 2472.7223942875862 39412.894410848618 220.96195197105408 1612.3081887960434 1495.6964191794395 54.105888247489929 119.91784560680389 2505.8525878787041 1782.0743139982224 5092.1264962553978 3806.0243839621544 108.92885684967041 212.72848927974701 2596.7804534435272 238.12388688325882 2659.2952029109001 6239.6269248723984 656.78566288948059 1753.9301728606224 589.44063645601273 179.45625066757202 728.52739876508713 442.82996845245361 56.34261566400528 183.920978307724 254.78751826286316 579.69731330871582 376.43537956476212 33765.899026155472 1297.3940435647964 2134.0428844690323 16.891606628894806 138.9251167178154 64.434558510780334 189.16935855150223 60.374919533729553 33.320610105991364 14.474187850952147 202.0143671631813 74.073853850364685
leaf_count=106685 221 39144 3 18512 24 66 12602 2085 46083 30 224 1060 8 46 1333 1438 5783 4191 51 116 864 101 1154 5730 356 1130 316 25 690 337 64 116 126 430 177 40552 146 2436 5 31 69 189 13 17 5 139 17
internal_value=0.000434212 0.00115164 -0.00987861 -7.03843e-05 -0.0194277 -0.0020642 -0.0015813 -0.00659727 0.000873699 -0.000188984 -0.00783792 -0.00405151 -0.0253188 -0.00603415 -0.000529772 -0.00526081 0.00152022 0.000135262 -0.0144735 -0.019376 -0.00634656 -0.0130897 -0.00575561 -0.00430143 -0.0171819 -0.00978338 -0.0153533 -0.0173371 -0.00858045 -0.010623 -0.017243 -0.0136996 -0.00864129 -0.0116633 -0.0246227 0.00173397 -0.0287383 -0.00045486 -0.019683 -0.0246227 -0.00920102 -0.0175998 -0.0291541 -0.00456945 -0.0152115 -0.0243852 0.00236352
internal_weight=294229 275094 19134.8 175544 4891.12 56415.8 50703.4 14243.7 119129 45052.2 1833.27 15133.5 2230.89 13531 35569.8 11223 74076.5 43218.9 2660.23 819.019 5712.4 456.32 5256.08 8712.35 1557.17 2308.09 1246.23 299.374 2510.6 1103.06 712.616 396.649 2008.72 1022.53 422.369 66850.3 1411.87 7226.17 544.045 155.817 168.572 388.228 1357.77 97.7552 70.8168 310.943 80.5322
internal_count=294940 280820 14120 174135 2249 35692 33507 11871 138443 50528 254 13662 600 11270 19845 9943 87915 50274 1649 433 2185 167 2018 7815 862 1327 672 71 2128 787 601 232 1256 767 201 79696 167 8219 446 36 155 410 159 86 69 190 20
is_linear=0
shrinkage=0.0330689


end of trees

feature_importances:
return_1d=51
bb_width=39
volume_zscore_30d=35
price_lag_1d=28
return_3d=28
return_14d=16
price_log=16
price_std_7d=15
price_zscore_30d=15
bb_pct_b=15
volume_std_30d=15
macd_missing=14
log_return_7d=13
autocorr_1d=13
volume_mean_60d=13
return_30d=12
vol_regime_60_30=10
volume_log_change_1d=10
log_return_1d=9
volume_lag_7d=9
return_60d=8
price_std_30d=8
volume_log_change_7d=8
macd_histogram=7
volume_lag_1d=7
return_7d=6
trend_divergence_30_60=6
rsi_14=6
price_std_14d=5
price_std_60d=5
autocorr_7d=5
macd_line=5
price_accel_7d=4
rsi_missing=4
price_tier=3
macd_signal=3
volume_price_conf_7d=3
volume_price_conf_1d=2

parameters:
[boosting: gbdt]
[objective: quantile]
[metric: quantile]
[tree_learner: serial]
[device_type: cpu]
[data_sample_strategy: bagging]
[data: ]
[valid: ]
[num_iterations: 1000]
[learning_rate: 0.0330689]
[num_leaves: 63]
[num_threads: -1]
[seed: 13]
[deterministic: 0]
[force_col_wise: 0]
[force_row_wise: 0]
[histogram_pool_size: -1]
[max_depth: 6]
[min_data_in_leaf: 5]
[min_sum_hessian_in_leaf: 0.001]
[bagging_fraction: 0.7]
[pos_bagging_fraction: 1]
[neg_bagging_fraction: 1]
[bagging_freq: 5]
[bagging_seed: 16376]
[bagging_by_query: 0]
[feature_fraction: 0.75]
[feature_fraction_bynode: 1]
[feature_fraction_seed: 20348]
[extra_trees: 0]
[extra_seed: 30076]
[early_stopping_round: 0]
[early_stopping_min_delta: 0]
[first_metric_only: 0]
[max_delta_step: 0]
[lambda_l1: 0.5]
[lambda_l2: 1]
[linear_lambda: 0]
[min_gain_to_split: 0.1]
[drop_rate: 0.1]
[max_drop: 50]
[skip_drop: 0.5]
[xgboost_dart_mode: 0]
[uniform_drop: 0]
[drop_seed: 24096]
[top_rate: 0.2]
[other_rate: 0.1]
[min_data_per_group: 100]
[max_cat_threshold: 32]
[cat_l2: 10]
[cat_smooth: 10]
[max_cat_to_onehot: 4]
[top_k: 20]
[monotone_constraints: ]
[monotone_constraints_method: basic]
[monotone_penalty: 0]
[feature_contri: ]
[forcedsplits_filename: ]
[refit_decay_rate: 0.9]
[cegb_tradeoff: 1]
[cegb_penalty_split: 0]
[cegb_penalty_feature_lazy: ]
[cegb_penalty_feature_coupled: ]
[path_smooth: 0]
[interaction_constraints: ]
[verbosity: -1]
[saved_feature_importance_type: 0]
[use_quantized_grad: 0]
[num_grad_quant_bins: 4]
[quant_train_renew_leaf: 0]
[stochastic_rounding: 1]
[linear_tree: 0]
[max_bin: 63]
[max_bin_by_feature: ]
[min_data_in_bin: 3]
[bin_construct_sample_cnt: 200000]
[data_random_seed: 81]
[is_enable_sparse: 1]
[enable_bundle: 1]
[use_missing: 1]
[zero_as_missing: 0]
[feature_pre_filter: 0]
[pre_partition: 0]
[two_round: 0]
[header: 0]
[label_column: ]
[weight_column: ]
[group_column: ]
[ignore_column: ]
[categorical_feature: ]
[forcedbins_filename: ]
[precise_float_parser: 0]
[parser_config_file: ]
[objective_seed: 11872]
[num_class: 1]
[is_unbalance: 0]
[scale_pos_weight: 1]
[sigmoid: 1]
[boost_from_average: 1]
[reg_sqrt: 0]
[alpha: 0.1]
[fair_c: 1]
[poisson_max_delta_step: 0.7]
[tweedie_variance_power: 1.5]
[lambdarank_truncation_level: 30]
[lambdarank_norm: 1]
[label_gain: ]
[lambdarank_position_bias_regularization: 0]
[eval_at: ]
[multi_error_top_k: 1]
[auc_mu_weights: ]
[num_machines: 1]
[local_listen_port: 12400]
[time_out: 120]
[machine_list_filename: ]
[machines: ]
[gpu_platform_id: -1]
[gpu_device_id: -1]
[gpu_use_dp: 0]
[num_gpu: 1]

end of parameters

pandas_categorical:[]
