tree
version=v4
num_class=1
num_tree_per_iteration=1
label_index=0
max_feature_idx=38
objective=quantile
feature_names=price_lag_1d return_1d return_3d return_7d return_14d return_30d return_60d price_std_7d price_std_14d price_std_30d price_std_60d price_zscore_30d vol_regime_60_30 trend_divergence_30_60 price_accel_7d price_log price_tier log_return_1d log_return_7d autocorr_1d autocorr_7d bb_pct_b bb_width rsi_14 macd_line macd_signal macd_histogram volume_missing volume_lag_1d volume_lag_7d volume_std_30d volume_mean_60d volume_log_change_1d volume_log_change_7d volume_zscore_30d volume_price_conf_7d volume_price_conf_1d rsi_missing macd_missing
feature_infos=[0.029999999329447746:449.08499145507812] [-99.944244384765625:500] [-99.944244384765625:500] [-99.634101867675781:500] [-99.634101867675781:500] [-99.529632568359375:500] [-99.696243286132812:500] [0:82.714279174804688] [0:60.404327392578125] [0:66.041351318359375] [0:83.876434326171875] [-4.9878606796264648:5.2946515083312988] [0.70178574323654175:3191.88232421875] [-299759592013824:2771.76318359375] [-599.63409423828125:597.15875244140625] [-3.5065579414367676:6.1072120666503906] [0:4] [-7.4919800758361816:7.4919800758361816] [-5.610569953918457:7.4919800758361816] [-49972.125:104660.375] [-49817.05078125:133939.390625] [-0.54071199893951416:1.5621322393417358] [0.0016972259618341923:17.690479278564453] [0:99.998138427734375] [-23.050159454345703:37.798225402832031] [-20.377595901489258:34.973644256591797] [-9.5351839065551758:14.867011070251465] none [1:378600] [1:372357] [0:87607.3984375] [1:297578] [-6.308098316192627:10.422162055969238] [-6.7117404937744141:9.4828834533691406] [-4.9106183052062988:5.2923283576965332] [-99.39617919921875:500] [-99.944244384765625:500] [0:1] [0:1]
tree_sizes=6642 6745 6835 6785 6868 6842 6824

Tree=0
num_leaves=63
num_cat=0
split_feature=0 17 2 7 17 2 37 30 21 0 34 34 31 17 21 17 2 21 4 34 17 7 34 4 2 38 3 31 34 33 2 17 30 10 10 7 2 32 31 21 34 3 32 34 8 31 5 12 2 17 12 34 21 31 19 3 0 25 30 2 34 5
split_gain=12257.7 648.509 244.33 203.08 163.707 131.961 119.011 115.088 80.2744 62.739 62.0734 57.202 53.3534 47.7777 47.2705 35.2995 32.8623 30.0089 28.4342 26.3666 25.9997 24.8233 24.6799 24.5793 23.4152 28.4622 22.6611 19.6198 19.1398 18.632 17.8713 17.6165 17.1114 22.0879 16.6968 16.6392 16.3768 16.2412 15.0811 14.9274 14.1182 13.3 10.9392 10.4161 10.2257 9.49357 9.35912 8.88966 8.88241 8.54346 7.99796 7.80046 7.62486 7.62055 7.28473 6.56931 6.37803 6.16242 5.94557 6.10217 5.67708 5.49044
threshold=0.03024999983608723 0.040700893849134452 -1.0000000180025095e-35 1.0000000180025095e-35 -0.040809182450175278 16.675724029541019 1.0000000180025095e-35 103.94732666015626 0.43734486401081091 0.052749998867511756 -0.18436331301927564 0.96622970700263988 201.87500000000003 0.20894917100667956 0.45190571248531347 -0.20461174845695493 11.542535781860353 0.36209079623222357 3.2897465229034428 -0.27087041735649103 -0.067436739802360521 0.0097318203188478964 -0.27087041735649103 -3.5585005283355708 -7.3817512989044181 1.0000000180025095e-35 -2.0542534589767452 60.838233947753913 0.31960773468017584 0.68388766050338756 -24.041337966918942 0.067444078624248519 67.918594360351577 0.071501996368169798 1.0000000180025095e-35 0.01496762363240123 -13.688602447509764 -0.32708525657653803 38.587963104248054 0.43734486401081091 -0.54821616411209095 -2.3651199340820308 -0.3961316049098968 3.0869361162185673 0.02549003250896931 36.691667556762702 32.078548431396491 0.71558824181556713 -4.4774539470672599 -0.067436739802360521 0.81001481413841259 -0.46393977105617518 0.30836795270442968 36.691667556762702 -32.052343368530266 -29.697243690490719 0.81224998831748974 0.014833127148449423 5.4749691486358651 3.8839050531387334 1.5094250440597536 -2.563287496566772
decision_type=2 2 2 2 2 2 2 2 2 2 2 2 2 2 2 2 2 2 2 2 2 2 2 2 2 2 2 2 2 2 2 2 2 2 2 2 2 2 2 2 2 2 2 2 2 2 2 2 2 2 2 2 2 2 2 2 2 2 2 2 2 2
left_child=3 2 4 34 7 8 9 14 22 26 16 24 19 28 20 -12 -11 38 40 39 -2 42 52 -23 25 -10 49 -8 47 -20 44 -26 36 -34 -1 50 -13 -32 -5 -6 -15 51 -9 -28 -24 -21 -43 -7 -16 -4 -19 -14 54 -37 -3 -49 -31 60 -29 -60 -30 -52
right_child=1 5 6 17 12 13 27 21 11 10 15 32 41 18 48 -17 -18 35 29 45 -22 23 30 -25 31 -27 43 58 57 56 37 -33 33 -35 -36 53 -38 -39 -40 -41 -42 46 -44 -45 -46 -47 -48 55 -50 -51 61 -53 -54 -55 -56 -57 -58 -59 59 -61 -62 -63
leaf_value=0 0.17980488490398783 0.068692185716784857 0.12736178512316848 0 0.01008140787751647 -0.48362827855848411 -0.19224185050621154 0.17623946785025657 -0.081294757818349564 -0.010243575143816583 -0.073661584141448952 0.35640638840671435 -0.03322481321333879 -1.0854824412359179 0 0.0031914916326214347 -0.15039030670109468 0 -1.6568585884381 0.049142810189132941 0.065876785879722913 0.0046145576754172786 -0.18340064644669782 -0.16937304852135671 -0.079601114563277175 1.217083509967992 0 -0.072928579590973722 -0.21627474011097947 -0.79070528521532368 0.23953363499475838 -0.17771411665799672 0 0.12129694298424973 0 0 -0.056189023116386828 0 0 -0.0079106702193793982 -0.057550871518253513 0 0 0.17771411665799672 0.73380630837905181 0.019104268223956521 -0.094342063728985903 -0.67337200710545142 0.058782364817130638 0 0 0 -0.093191554533842771 0 -0.069178082084968437 -0.30274788495492094 -0.044858088975121661 0.026542980730050882 0 0.038208536447913041 -0.013116822254498679 0
leaf_weight=68260.68723154068 10756.784924089909 479.7565336227417 541.7393781542778 632.7503450512886 10148.465194165707 178.3647940158844 868.89082980155945 411.26818406581879 1044.0104413628578 30076.768704235554 1528.1891931295395 85.319809198379517 4301.8319654464722 158.28031957149506 2338.8472706079483 31474.101482212543 2805.8102224469185 3434.2927559614182 2325.9101989865303 3728.6652563810349 7223.9159423708916 1104.7300300598145 60.850488007068634 1561.3632714748383 8139.9052790999413 189.72002995014191 4609.9050846099854 46.921548843383789 658.44873362779617 715.44758224487305 305.20907557010651 8140.8023254871368 692.50024056434631 234.12258946895599 19401.196048080921 175.6315770149231 2745.1557865142822 2988.9932070374489 1080.5643765926361 6913.9345677495003 364.7923709154129 7967.9994774460793 1961.3968780636787 79.202555000782013 238.55020922422409 16915.289493024349 591.14490336179733 119.54868650436401 1613.4196712374687 1719.1311646699905 711.85091572999954 6397.9827254414558 1894.9752927422523 2453.3525431156158 517.47736877202988 2710.2094514369965 84.071370184421539 295.71731507778168 2058.0736168622971 121.51601189374924 417.02143424749374 2383.6278100013733
leaf_count=84533 8459 469 377 482 10645 34 145 383 627 31402 350 33 5153 52 2175 33305 2233 2440 1024 3760 6788 996 32 948 7884 37 4072 6 603 400 210 6947 788 125 14844 32 2563 2849 957 6698 142 9174 2136 70 69 17648 602 41 1759 1506 631 7456 1431 319 570 2277 69 285 282 43 384 2103
internal_value=-0.00705376 -0.00151872 -0.000477698 -0.0180439 0.00094268 -0.00616825 -0.00204835 0.003395 -0.00491771 -0.00173583 -0.0013708 -0.00605273 -0.000217785 -0.0104868 0.00459176 -0.000198876 -0.00254581 -0.0131053 -0.0137303 0.000617145 0.00542373 -0.00180666 -0.00118911 -0.004339 -0.00697114 -0.00185367 -0.0051904 -0.00938823 -0.00777463 -0.0151171 0.000916772 -0.00735652 -0.00176084 0.00272242 -0.0186559 -0.0139801 -0.00324226 9.21061e-05 -0.00840349 -0.000492519 -0.00536457 -0.00185442 0.00102307 -0.00670882 0.0098476 0.00153613 -0.000725642 -0.00948933 0.000796854 -0.00202346 -0.0129173 -0.00275372 -0.0038186 -0.0166024 -0.00106515 -0.00893772 -0.00995661 -0.00398295 -0.00744899 -0.00774637 -0.00533044 -0.011439
internal_weight=294186 195652 159867 98534 83937 35785.2 75930.2 26971.7 27757.3 72834.8 65884.9 21271.5 56965.3 8027.81 21933 33002.3 32882.6 10872.1 3648.5 37706.4 17980.7 5038.76 6485.81 2666.09 17514.4 1233.73 6949.98 3095.4 4379.31 3125.43 3593.6 16280.7 3757.1 926.623 87661.9 9158.76 2830.48 3294.2 1713.31 17062.4 523.073 19259 2372.67 4689.11 299.401 20644 8559.14 3008.12 3952.27 2260.87 6529.77 10699.8 2892.21 2628.98 997.234 2829.76 799.519 1371.19 2226.51 2179.59 1075.47 3095.48
internal_count=294857 188516 158571 106341 84780 29945 73791 23644 24634 73315 67290 19004 61136 5311 19181 33655 33635 6964 1687 38751 15247 4463 5630 1944 15495 664 6025 476 3624 1493 3160 14831 3509 913 99377 5525 2596 3059 1439 17343 194 22385 2519 4142 101 21408 9776 2352 3934 1883 5174 12609 2470 351 1039 2318 469 1272 331 325 987 2734
is_linear=0
shrinkage=0.0382085


Tree=1
num_leaves=63
num_cat=0
split_feature=0 1 7 1 3 11 23 0 11 34 22 34 0 11 1 1 30 7 3 1 3 30 11 11 11 1 10 34 10 30 22 33 33 14 30 19 13 10 7 14 7 7 15 3 5 34 6 11 22 15 30 19 15 34 11 19 30 11 30 26 9 35
split_gain=13291.6 557.83 203.08 202.949 138.957 110.23 98.6775 75.5355 74.9812 66.3244 57.4949 51.0393 45.1857 40.6494 36.9549 31.5717 25.1217 24.3815 22.4199 22.0584 25.6301 20.7989 19.8307 19.7309 28.0812 18.0935 17.0075 14.946 13.8058 13.5203 13.0347 14.5943 12.5936 12.1539 11.5507 11.5344 11.4125 20.7458 13.1107 11.0991 10.8573 10.3467 10.3092 10.2946 9.49172 9.29914 8.10873 7.83839 7.41074 7.29988 7.22078 7.00951 6.81322 6.78812 6.48686 7.16558 6.96859 6.46804 6.14658 5.82547 5.70286 4.65741
threshold=0.03024999983608723 3.7750099897384648 1.0000000180025095e-35 -1.6665523648262022 45.185478210449226 0.089563962072134032 30.77406215667725 0.034250000491738326 -0.20251636952161786 -0.041205942630767815 0.33486993610858923 0.12433474510908128 0.20024999976158145 -0.33508959412574763 -5.8822724819183341 23.2382345199585 51.808610916137702 0.0020044543780386452 45.185478210449226 6.9770436286926278 2.3983027935028081 123.43832778930665 -0.18257769942283628 -0.18257769942283628 -0.18254468590021131 8.0890612602233904 0.0094839665107429045 -0.95154687762260426 0.0020332634449005131 30.796401977539066 2.5542645454406743 0.18926459550857547 0.68388766050338756 10.754312515258791 89.183788299560561 -47.68537521362304 0.4856430739164353 0.15404038131237033 0.39725400507450109 15.055649757385256 0.13299015164375308 0.01496762363240123 -3.263633012771606 1.0000000180025095e-35 3.6834397315979008 0.26788304746150976 -25.444977760314938 0.28282696008682257 2.5542645454406743 -1.3384574651718137 33.474445343017585 149.78632354736331 -2.9141628742218013 3.0869361162185673 -0.63554462790489186 -10.988359928131102 33.474445343017585 0.38096617162227636 72.193008422851577 0.00012988546950509774 0.0042076148092746743 53.821811676025398
decision_type=2 2 2 2 2 2 2 2 2 2 2 2 2 2 2 2 2 2 2 2 2 2 2 2 2 2 2 2 2 2 2 2 2 2 2 2 2 2 2 2 2 2 2 2 2 2 2 2 2 2 2 2 2 2 2 2 2 2 2 2 2 2
left_child=2 3 22 5 8 6 21 17 27 19 42 23 36 34 -9 45 25 -8 53 44 -21 33 -1 29 49 -11 -18 -3 -26 46 57 -32 39 -2 54 40 37 -13 -38 50 -29 58 -7 -31 -10 -6 -5 -20 -37 -25 -17 -23 -41 -12 56 -56 60 -14 -15 -44 -4 -34
right_child=1 4 13 11 15 10 7 14 9 16 18 12 30 41 -16 32 26 -19 47 20 -22 51 -24 24 28 -27 -28 35 -30 43 31 -33 61 -35 -36 48 38 -39 -40 52 -42 -43 59 -45 -46 -47 -48 -49 -50 -51 -52 -53 -54 -55 55 -57 -58 -59 -60 -61 -62 -63
leaf_value=0 -0.0011310193405099135 -0.1110138865143154 0 -0.020494952584732672 -0.40096005968581711 -0.10551230506855389 0 0.099716339209549948 -0.1110138865143154 -0.046706944086329881 -0.054583624798393626 -0.00012194222436822558 0.017431749404661311 0 0.04169127009811642 -3.3600565758389007 -0.073477952605303931 -0.0023560005513819961 0.21498127491364946 -0.17303324442722015 -0.26135056128551448 -0.034114764360292898 0 0 -0.12086156865721975 -0.17500176367917719 0.02454712825284347 0.0031061537171266731 -0.02169446784925309 -0.019673105835904328 -0.13180784558697656 0.12740017906543469 0.27409597427438082 0.076719328027230665 0 -0.037523736697540576 0 -0.078103902212889792 0.062579628906937898 -0.5281293139671468 0.17410998199280955 0 0 0.00039139201423945197 -0.075739041020442724 -0.15416247304253333 0.0027311677309719644 -0.41066963758908404 0.00088937107459177429 -0.73528614178958662 -1.0392266178558844 -0.43469270544621186 -2.4193485187039752 0.3055463493589361 0.11237804623277366 0 0 0.0043573702579672814 0 0.030005124171734638 0.12736178512316848 -1.0092776924142508
leaf_weight=7700.7093862891197 5162.2088090777397 978.74119859933853 155.01064628362656 1635.6132022738457 686.3582352399826 269.43063354492188 1077.1133630871773 17378.973942160606 2622.3444623351097 4609.0499615073204 6565.0646822452545 6171.5087822675705 12174.523928284645 3384.2629027366638 22888.839734733105 29.420193672180176 1252.4235969185829 701.5107045173645 39.696666479110718 2584.4592377543449 5078.3918513655663 2285.1870658397675 79961.173893332481 1270.7919478416443 405.20394021272659 3599.8167074322701 2305.4547175168991 2222.7165638804436 29526.725613474846 10285.459594786167 124.6325957775116 257.24723219871521 47.494717001914978 1213.7206146121025 1036.8417209386826 4844.1422353982925 5658.3461536765099 730.87379848957062 86.788661956787109 59.255686461925507 525.55395662784576 2490.3143200874329 2496.0102133154869 3499.976839363575 4023.1920655369759 377.96650272607803 9136.4965452551842 1024.482877612114 572.32391983270645 1000.9930419921875 45.329699456691742 360.69437164068222 1645.648208796978 76.314256131649017 70.056672990322113 1383.083831012249 329.79247653484344 7707.8171772956848 1683.7020192742348 5763.9189667105675 339.00573360919952 566.20080536603928
leaf_count=5420 4835 934 184 1551 477 332 948 12586 2164 4445 6303 6217 14287 2872 21762 9 1497 476 13 1510 4514 1906 93957 167 320 2966 1984 1728 32359 11364 22 31 42 866 767 5037 5420 167 9 35 251 322 2993 3760 3994 303 9349 595 94 128 17 123 554 62 42 1229 309 9456 1034 7283 205 271
internal_value=-0.00659968 -0.000835942 -0.0180439 0.000176512 -0.00494614 0.00176252 0.00263457 0.00341276 -0.00422676 -0.00527118 -0.000978218 -0.00101343 0.00018263 -0.0131053 0.00375363 -0.0122608 -0.00314014 -0.00428197 -0.00337165 -0.00702084 -0.00842709 -0.000987971 -0.0186559 -0.0017076 -0.00233041 -0.00430291 -0.000446393 -0.001244 -0.00201764 -0.000889286 0.00130213 0.00830619 -0.0147092 0.000188194 -0.00954086 -0.000703645 -0.00160802 -0.00265592 -0.000342271 -0.0163715 0.0013044 -0.0146622 0.00117964 -0.00168196 -0.00539307 -0.00671475 0.000121605 -0.00853446 -0.00172959 -0.00643316 -0.00138407 -0.00383618 -0.0170056 -0.00253805 -0.00797115 -0.00953907 -0.00515498 0.00116547 -0.0136257 0.00142344 -0.00217871 -0.00981725
internal_weight=294186 195652 98534 156976 38676.3 67303.2 51068.2 42046.4 35218.6 26075.1 16234.9 89673 32911.7 10872.1 40267.8 3457.67 11766.7 1778.62 7705.56 14308.4 7662.85 9021.81 87661.9 56761.3 32203.7 8208.87 3557.88 9143.48 29931.9 24557.5 20264.2 381.88 2393.35 6375.93 3313.79 8164.74 12647.5 6902.38 5745.13 1779.65 2748.27 7558.28 8529.36 13785.4 6645.54 1064.32 10772.1 1064.18 5416.47 2271.78 74.7499 2645.88 1704.9 6641.38 2276.95 1453.14 823.809 19882.3 5067.96 8259.93 494.016 613.696
internal_count=294857 188516 106341 155690 32826 61083 43502 35772 31118 23074 17581 94607 35609 6964 34348 1708 10892 1424 6973 12182 6024 7730 99377 58998 32974 7411 3481 8044 32679 26024 23796 53 928 5701 2736 7110 11813 6384 5429 615 1979 4228 10608 15124 6158 780 10900 608 5131 295 26 2029 589 6365 1969 1271 698 23743 3906 10276 389 313
is_linear=0
shrinkage=0.0382085


Tree=2
num_leaves=63
num_cat=0
split_feature=15 1 7 21 2 1 1 30 1 19 34 2 11 23 1 2 37 34 3 34 12 12 21 23 22 21 1 35 23 11 11 6 34 7 12 2 7 15 7 15 30 2 23 30 11 23 7 34 22 1 30 30 34 15 21 34 30 34 7 32 5 11
split_gain=12912.8 730.198 495.829 210.584 178.015 142.276 139.591 90.0402 85.6526 72.6707 58.2751 52.6779 47.1042 46.2195 40.0622 37.794 36.1362 34.8627 33.5354 33.2933 29.7104 28.4078 24.7724 23.8563 23.5569 22.8457 21.1476 21.2838 20.2972 19.8307 19.5653 19.4738 18.9267 21.2034 18.461 17.6152 16.6519 16.3016 15.9601 15.636 15.3866 13.2139 11.9323 11.8551 11.6415 11.6318 11.2964 10.4456 10.3219 10.2481 9.98601 9.84092 9.21587 9.18722 11.7408 8.95501 9.96622 8.27877 8.11974 7.95927 7.93377 7.86414
threshold=-3.498293280601501 6.2392175197601327 1.0000000180025095e-35 0.44409851729869848 6.0246665477752694 -3.9987699985504146 -1.0000000180025095e-35 112.86614990234376 23.2382345199585 -2.8146580457687373 -0.15104751288890836 -1.7110505700111387 -0.14481028169393537 30.77406215667725 2.9244389533996586 7.9550316333770761 1.0000000180025095e-35 1.0767267346382143 45.185478210449226 -0.54821616411209095 0.81001481413841259 0.7895849645137788 0.43734486401081091 43.310558319091804 0.67172405123710643 0.36209079623222357 1.6951205134391787 6.4739456176757821 40.427709579467781 -0.18257769942283628 0.69572269916534435 -25.444977760314938 -0.27087041735649103 0.061147946864366538 0.71558824181556713 6.0246665477752694 0.012844305485486986 -0.1502418369054794 0.0138329747132957 -2.8259984254837032 12.31495237350464 -13.688602447509764 26.089925765991214 416.21464538574224 -0.51340293884277333 46.179880142211921 0.011957265436649324 1.3463041782379153 0.15304718911647799 -1.8361932039260862 25.959406852722172 47.097654342651374 2.3840564489364628 0.41689947247505194 0.72924181818962108 -1.139443516731262 14.199664115905763 -0.27087041735649103 0.0022160127991810445 -1.3650606274604795 32.078548431396491 -0.18254468590021131
decision_type=2 2 2 2 2 2 2 2 2 2 2 2 2 2 2 2 2 2 2 2 2 2 2 2 2 2 2 2 2 2 2 2 2 2 2 2 2 2 2 2 2 2 2 2 2 2 2 2 2 2 2 2 2 2 2 2 2 2 2 2 2 2
left_child=2 3 29 5 12 7 9 13 17 11 14 36 32 38 15 16 -5 34 26 28 47 -8 58 41 59 -15 35 -28 -7 -1 57 44 55 61 -6 -12 -4 -35 -2 -19 -33 -14 -11 -26 -21 -36 48 -10 -23 -30 -16 -50 -32 54 -20 -3 -57 -22 -13 -9 -49 -34
right_child=1 4 6 10 8 19 21 24 20 42 18 22 23 25 50 -17 -18 39 53 31 30 46 -24 -25 43 -27 27 -29 49 -31 52 40 33 37 45 -37 -38 -39 -40 -41 -42 -43 -44 -45 -46 -47 -48 60 51 -51 -52 -53 -54 -55 -56 56 -58 -59 -60 -61 -62 -63
leaf_value=0 0.095491880528531997 -0.15454807563869655 -0.00029517650739558347 -0.0084957878172154007 -0.31750877090172447 -0.030241784954426539 0 0.23047653825543551 -2.4819128450848416 0.016432656584551335 0.013299943193376209 0 1.1931821037210635 0.13114144023888441 -0.098851699201510726 -0.11427046467854066 -0.11150807153092174 -0.2315668853547154 -0.043957823042932859 4.6592339243129372e-06 -0.59798863633878596 0 -0.0034186233669010972 -0.13490590621332929 -0.087734564592321956 0.082511457654335402 -0.022081374324000518 0.017271822939825265 0.038650828322923401 0 -0.94307459914631675 0.046992861746806946 -0.0048663074089498517 0.95052139352299914 -0.15798035814584366 -0.018364672135408364 0.0065615156306611834 0.025138849076064569 -0.044927772391592742 -0.02669689857659753 0.0095063596624483018 -0.018007557309138937 0.00075168058137480129 -0.37356334219526854 -0.054938508484622436 -0.21890380600645196 0 0.029273781865166808 0 -0.0030679697960283303 -0.056984344741041602 0 -0.45418175457919607 0.081060419806731412 -0.41098778076545678 0.061422617709908825 -0.089749523213312421 -0.052411300517849604 -0.0034186233669010972 0.014828295525628006 -1.2673970561982091 0.013598700172522755
leaf_weight=7700.7093862891197 1217.5814824104309 235.8217881321907 489.60272574424744 30980.24124109745 884.41790807247162 8792.8795762658119 4315.210045337677 106.68434906005859 1888.7310212850571 131.50597494840622 20780.544295608997 448.78324711322784 125.64311957359314 11648.632669746876 3291.5687727928162 4302.3917436003685 1981.718268930912 429.34518045186996 217.0021932721138 4907.7810424566269 264.79613238573074 722.3250253200531 636.85093808174133 5462.0851744413376 1261.3729218244553 6308.3721585273743 9752.5283904671669 3877.3353408575058 2829.6714907288551 79961.173893332481 1845.3745574951172 4962.470748603344 1576.5440789461136 382.00892955064774 1276.3690601587296 3614.6639897823334 119.49508500099182 268.66384851932526 2072.6161257624626 1547.8178341388702 28845.148138999939 263.19278907775879 861.36107403039932 592.28326964378357 1371.7446895837784 6863.3691783547401 550.32313776016235 26.699119508266449 1971.3559242486954 6936.1273418664932 4796.3205125331879 1007.6933206319809 235.16055548191071 129.18418616056442 660.06866049766541 449.67444944381714 1230.7184285521507 364.24712818861008 428.78315341472626 2342.4362155199051 356.60968720912933 284.57136654853821
leaf_count=5420 1003 166 369 33345 240 9960 2056 106 523 37 22570 376 18 11629 3246 3773 281 354 77 5925 127 861 312 4775 586 3121 10289 4117 2828 93957 1169 5029 1255 96 1047 3493 24 249 1637 1472 29876 177 584 240 530 6605 123 13 1224 6890 4809 800 194 111 451 281 815 188 257 2557 134 80
internal_value=-0.00645938 -0.000743172 -0.0176699 0.000179825 -0.00666939 0.00153195 -0.010268 0.00391173 -0.0091931 -0.00332612 -0.00116884 -0.00732268 -0.00274125 0.00493277 -0.00210036 -0.0015697 -0.00112854 -0.00730264 -8.54674e-05 0.00049448 -0.0133592 -0.0127884 -0.0111422 -0.00499152 -0.00112127 0.00569589 9.57744e-05 -0.00110854 -0.000842313 -0.0186559 -0.010614 0.00111432 0.000223729 0.00241331 -0.00831144 0.000770213 0.00211268 0.00834997 0.000756021 -0.00267803 0.00147766 0.00409178 0.00518253 -0.00437514 -0.000835758 -0.00772995 -0.0105386 -0.0166131 -0.0097492 0.000353318 -0.00454037 -0.00871811 -0.0124103 -0.00696896 -0.0083793 -0.00262634 -0.00161901 -0.00460708 -0.00689917 0.00132627 -0.0105869 0.000315562
internal_weight=294186 194841 99345.2 168579 26261.9 84195.8 11683.3 25550 15982.9 3116.38 84383.6 2123.52 10278.9 21247.2 45352.2 37264.4 32962 11001.3 39031.3 58645.8 4981.62 8566.91 1514.42 5850.92 4302.78 17957 38025.1 13629.9 18558.7 87661.9 2709.58 40087.1 4428 2511.79 9024.16 24395.2 609.098 650.673 3290.2 1977.16 33807.6 388.836 992.867 1853.66 6279.53 8139.74 4251.7 2272.04 3701.37 9765.8 8087.89 2979.05 2080.54 1006.26 877.071 1916.21 1680.39 629.043 877.566 2449.12 383.309 1861.12
internal_count=294857 188457 106400 168479 19978 81917 7023 20879 12066 1959 86562 1338 7912 17390 45454 37399 33626 9718 41108 61038 2348 5064 945 4970 3489 14750 40469 14406 19678 99377 1678 41360 2942 1680 7892 26063 393 345 2640 1826 34905 195 621 826 6455 7652 3008 670 2885 9718 8055 2024 1363 639 528 1262 1096 315 633 2663 147 1335
is_linear=0
shrinkage=0.0382085


Tree=3
num_leaves=63
num_cat=0
split_feature=0 1 7 21 3 31 21 1 3 15 8 1 12 33 33 1 3 21 1 1 7 3 23 12 1 31 10 31 7 33 32 10 30 33 30 0 0 14 5 10 20 30 12 12 1 26 26 32 31 26 26 23 14 12 30 10 22 23 32 26 23 21
split_gain=13703.4 545.675 224.815 135.54 130.791 113.956 81.2961 75.3872 54.723 54.0624 39.838 37.3757 35.0243 30.2026 33.2105 29.8876 29.5369 29.154 28.9023 28.8162 28.7424 27.9393 27.6221 23.6324 19.2965 17.6636 17.7425 17.634 17.5808 17.327 17.1091 16.6968 14.4041 14.2189 14.0827 12.6688 18.7199 11.6151 11.4931 11.0532 9.71552 9.5117 8.98597 8.57731 12.3483 8.45559 8.17052 8.12713 7.77244 7.45688 6.82214 6.7376 6.63393 6.34888 6.19786 5.88223 5.86441 5.68825 5.38355 5.35403 4.63526 6.6047
threshold=0.03024999983608723 4.1540527343750009 1.0000000180025095e-35 0.44409851729869848 45.185478210449226 135.60833740234378 0.44409851729869848 -3.3113759756088252 45.185478210449226 -3.498293280601501 0.009571162052452566 9.4791135787963885 0.7895849645137788 1.0000000180025095e-35 -0.014142845291644333 -1.4998611211776731 2.3983027935028081 0.37454472482204443 23.2382345199585 -18.503632545471188 0.017615435644984249 1.0000000180025095e-35 39.599939346313484 0.70710679888725292 1.0000000180025095e-35 49.808332443237312 0.65411323308944713 922.29791259765636 0.080479662865400328 0.28145892918109899 1.3866302967071535 1.0000000180025095e-35 49.332628250122077 0.68388766050338756 123.43832778930665 0.074250001460313811 0.15025000274181369 15.055649757385256 -1.4199540615081785 0.024378892034292225 -80.402381896972642 416.21464538574224 0.71558824181556713 0.71558824181556713 5.5560002326965341 -0.0076153373811393968 -7.7234104537637891e-05 -0.3961316049098968 14.672316551208498 -0.0076153373811393968 -0.022152272984385487 50.000465393066413 56.945711135864265 0.70710679888725292 33.474445343017585 0.011610020417720081 1.397558391094208 54.001356124877937 1.9832742214202883 0.001807886175811291 43.310558319091804 0.42773342132568365
decision_type=2 2 2 2 2 2 2 2 2 2 2 2 2 2 2 2 2 2 2 2 2 2 2 2 2 2 2 2 2 2 2 2 2 2 2 2 2 2 2 2 2 2 2 2 2 2 2 2 2 2 2 2 2 2 2 2 2 2 2 2 2 2
left_child=2 3 31 5 6 7 35 9 13 17 15 29 53 14 24 23 22 -2 47 30 -11 -16 -13 -7 -5 42 -27 -21 38 34 -12 -1 -18 37 -8 43 39 54 58 -37 57 49 -9 44 -3 -17 55 -6 -39 -10 -42 -45 -43 -4 -20 -40 -38 -15 -14 -31 61 -55
right_child=1 4 12 8 18 10 11 25 41 20 19 16 28 40 21 45 32 -19 33 27 -22 -23 -24 -25 -26 26 -28 -29 -30 59 -32 -33 -34 -35 -36 36 56 48 46 -41 50 52 -44 51 -46 -47 -48 -49 -50 -51 -52 -53 -54 60 -56 -57 -58 -59 -60 -61 -62 -63
leaf_value=0 0.12481600893392107 0.037400767385654843 0 -0.00043044824783261727 -0.43769806603853112 0.13862411272842187 -0.082877415425645848 0.056710885088372812 2.023648642166854 0.13965399333470577 -0.0032880027713851692 0.77335537582763447 0 -0.00077721406676212689 -0.027808438361392782 -0.013551451797480497 -0.28181930145694889 -0.0008648934631450562 -3.1956402314993269 -0.0016690779619767658 0.062927567062114984 0.00071849742685265957 -0.18210445084069854 0.03926953925708937 -0.024460863295054404 0.013390419186962516 -0.030371502900259927 -0.052462581883165847 0 -0.056343387724615314 0.0022200815461426732 0 -0.14529511930687061 -0.85468539361742646 -0.037333844423142561 -0.029496326642191439 -0.015976277046693441 -0.78337957238376454 0 -0.1535184952562445 0.037519259252085595 -0.28038013294856279 0.02725173830008968 0.0080403657425280918 0.0084418711842376964 -0.00036322408964962625 0 -0.2458104678201605 -2.327281172817246 -0.2779501905458599 0.0011535254840040745 -0.10161981409025828 -0.57870099082661952 0 -0.96348578955531328 0 0.084563715087125513 -0.056556099092961366 0.49385707404344364 0.0075503964588683912 0 0
leaf_weight=68260.68723154068 747.59394824504852 100.33472466468811 1839.5621629953384 20473.942907094955 363.75790750980377 315.65361112356186 9904.5483330488205 706.14429306983948 19.286369323730469 10522.56241184473 1141.7579425573349 331.7268180847168 1511.8801658153534 2560.4531858563423 4530.5800979137421 67.502292633056641 4748.6943912506104 893.37713849544525 29.420193672180176 16528.463311553001 8442.1592553257942 1529.9590066671371 2497.439035654068 8333.8418471217155 16173.217346131802 14505.83288782835 2283.7821969985962 1886.1051622033119 427.02355813980103 2629.3007606863976 231.3752920627594 19401.196048080921 1784.5473773479462 613.69552236795425 1531.3998420834541 647.53557997941971 2698.0087785124779 125.82644546031952 899.1386724114418 1127.3079727888107 659.75034517049789 67.787301480770111 9072.8738263845444 2073.0148030519485 256.15958023071289 8094.8956254720688 2258.3344123959541 664.36337983608246 1579.077449798584 1308.070439517498 26692.108145296574 368.74076920747757 272.29057455062866 183.28555804491043 45.329699456691742 188.06175291538239 506.65063118934631 1805.9227849245071 55.535863161087036 1158.2809375524521 3375.0681467056274 134.18003088235855
leaf_count=84533 534 12 886 21467 248 61 9551 124 2 8298 294 72 1337 2013 1158 7 4095 577 9 17223 6841 1665 1513 9262 18226 14694 1865 1880 48 2467 55 14844 1673 313 1569 783 2843 63 818 421 492 44 9508 1687 30 9600 1933 504 526 863 29847 174 112 127 17 56 172 1859 41 1203 1682 36
internal_value=-0.00639195 -0.000539612 -0.0180121 0.00041485 -0.0048046 0.00147531 -0.00405163 0.00271659 -0.000752151 0.00445178 -0.000123582 -0.00512892 -0.0128173 -0.000598199 -0.00126168 0.00124285 -0.0070339 -0.00218475 -0.0119142 -0.00128645 0.00502808 -0.00388332 -0.00374734 0.00280833 -0.000827035 0.00136934 0.000614474 -0.000885803 -0.0105832 -0.00395466 -0.0066293 -0.0186559 -0.00845087 -0.0142296 -0.0046984 -0.000641225 -0.00180052 -0.0159889 -0.00991758 -0.00494811 0.000293961 -0.00759864 0.00266136 0.00140804 0.00694993 -0.000411453 -0.0112038 -0.00648297 -0.0166365 -0.00608073 0.000562139 0.00058203 -0.0133934 -0.0149657 -0.000699317 -0.00836721 -4.48595e-05 -0.00137708 -0.00714526 -0.00169866 -0.013984 -0.00919671
internal_weight=294186 195652 98534 159867 35785.2 83773.9 32363.7 47174.3 76093.4 20605.7 36599.6 24585.9 10872.1 74425.9 42707.7 16811.9 9362.41 1640.97 3421.47 19787.7 18964.7 6060.54 2829.17 8649.5 36647.2 26568.6 16789.6 18414.6 5339.97 15223.5 1373.13 87661.9 6533.24 2393.35 11435.9 7777.75 4979.5 1779.65 4912.95 1774.84 31718.2 1667.43 9779.02 2798.25 356.494 8162.4 3345.53 1028.12 1704.9 1327.36 27351.9 2441.76 340.078 5532.1 74.7499 1087.2 3204.66 4366.38 1567.42 3787.58 3692.53 317.466
internal_count=294857 188516 106341 158571 29945 80823 28265 42441 77748 16250 38382 22143 6964 76727 42516 18930 7353 1111 1680 19452 15139 2823 1585 9323 39693 26191 16559 19103 4233 14790 349 99377 5768 928 11120 6122 4219 615 4185 1204 34211 1021 9632 1903 42 9607 2807 752 589 865 30339 1861 156 2731 26 874 3015 3872 1378 3670 1845 163
is_linear=0
shrinkage=0.0382085


Tree=4
num_leaves=63
num_cat=0
split_feature=0 1 8 3 11 1 11 3 1 34 29 11 3 12 34 15 0 37 1 29 34 1 3 29 34 1 4 24 29 4 34 1 34 1 15 9 24 26 19 19 24 25 5 11 34 5 8 5 3 10 19 34 10 11 19 10 26 26 29 4 0 8
split_gain=13790.4 531.683 182.369 124.61 114.111 87.8886 80.0647 76.4247 95.097 65.2396 58.3042 48.4284 46.1187 36.3973 35.9459 44.7803 113.428 35.0769 35.0554 32.9412 31.9389 26.7045 25.7775 21.0453 19.9872 19.3132 20.1192 18.4658 17.2812 16.6149 15.9802 15.3621 15.3129 14.2882 13.9502 15.2208 13.7924 13.6876 11.3174 10.5413 13.2623 10.4194 9.54873 9.20352 9.03435 9.01335 8.65321 9.01421 8.525 8.0708 7.80097 7.79824 7.74941 7.4639 7.38708 7.24664 6.21884 5.96282 5.85752 5.83705 4.95099 4.82071
threshold=0.03024999983608723 4.1540527343750009 1.0000000180025095e-35 45.185478210449226 0.18660134077072146 -3.3113759756088252 -0.20251636952161786 -0.49493873119354242 -12.815038681030272 1.0767267346382143 208.50000000000003 -0.40094737708568567 45.185478210449226 0.71558824181556713 -0.54821616411209095 -3.498293280601501 0.091249998658895506 1.0000000180025095e-35 -6.5213146209716788 208.50000000000003 -0.15104751288890836 23.2382345199585 -7.8809559345245352 235.50000000000003 -0.51976409554481495 1.530751705169678 7.6934077739715585 -0.0054242273326963178 88.500000000000014 26.030408859252933 -0.27087041735649103 -0.42187580466270441 0.70310631394386303 9.4791135787963885 -2.7449811697006221 0.12949556112289431 0.019361605867743496 0.00034437485737726098 -10.988359928131102 -81.629520416259751 -6.5577496570767821e-05 0.2714728862047196 25.455875396728519 -0.18257769942283628 0.26788304746150976 19.04852390289307 0.0079194088466465491 1.9804208874702456 5.556596279144288 1.0000000180025095e-35 149.78632354736331 0.78077793121337902 0.071501996368169798 0.089563962072134032 47.141702651977546 0.0088018039241433161 0.017825515009462837 -0.0035769080277532335 156.50000000000003 -10.408677101135252 0.61524999141693126 0.0016078427433967593
decision_type=2 2 2 2 2 2 2 2 2 2 2 2 2 2 2 2 2 2 2 2 2 2 2 2 2 2 2 2 2 2 2 2 2 2 2 2 2 2 2 2 2 2 2 2 2 2 2 2 2 2 2 2 2 2 2 2 2 2 2 2 2 2
left_child=2 4 49 6 5 7 30 10 13 19 18 28 20 -9 27 16 -16 -17 -2 24 23 44 -12 31 -8 43 46 42 38 53 34 -6 -31 48 35 -3 -35 58 -4 40 -32 59 -7 -13 -5 -29 47 -27 -11 -1 -41 -39 -21 -23 -10 -25 -51 -36 -22 -14 -34 -40
right_child=1 3 11 21 12 14 9 8 54 33 22 25 41 -15 15 17 -18 -19 -20 52 37 29 -24 55 -26 26 -28 45 -30 32 39 -33 60 36 57 -37 -38 51 61 50 -42 -43 -44 -45 -46 -47 -48 -49 -50 56 -52 -53 -54 -55 -56 -57 -58 -59 -60 -61 -62 -63
leaf_value=0 0.16190267006124517 -0.049867592873908455 0.11846863160167642 -0.37650141119482133 -0.019593542362286005 -0.021801219627445335 -0.17273931227425396 -0.0032549564579750297 0.043193668664501438 -0.02659137428831362 -0.0084200724208431648 0 0.078492944301566836 -0.0036463484722144821 -0.00089968048089227308 0.0077067132864104843 0.0010625197306908193 -0.13768804150817324 0.047730635514152686 -0.067491510341684019 -0.024750900808915729 -0.79392828855305819 0.057244572583155476 0.002088139270760579 -0.11254420560908629 -0.058376382989195667 -0.79923567610284174 -0.00020067681008730827 0 -2.1330089896015618 0.021993453313780508 -0.040269214918817811 -1.017290749877789 -0.12075010451625022 -0.030208909227807251 0.035449862945033266 0.096548293498860266 0.00053567049977233162 0 -0.013591700430293696 0.34342369013520729 0.2477662833870844 -0.18334048858737642 0 -0.14968000411943644 0.036880624721227218 -0.23049722863119332 -0.12240964726626266 0.052109401911968979 0 0.92232657280047681 0.026494259485797197 0.010886880184573068 -0.57067545058456592 -0.002422710542898482 -0.010153172220093848 0.6368089165062174 -0.10177779370657181 0.00011161186784440692 -0.36767327713536035 0.02410581798865891 0
leaf_weight=68260.68723154068 10988.076176941395 888.72490948438644 106.52567052841187 664.73108756542206 8663.4082599878311 10517.970770835876 6399.209980070591 867.83458566665649 6541.9950690865517 1013.2661988735199 2965.0965800881386 7083.0305022597313 23.567240715026855 3061.3953610658646 480.04732131958008 47418.873053014278 641.26116752624512 1617.9567883014679 9031.8839858174324 2560.4197199344635 4182.1222769618034 22.100481510162354 2018.4533367753029 2037.1859853863716 10387.596324145794 318.18216466903687 1434.3147556781769 10681.311923980713 1434.8822239637375 1588.6792961359024 735.62977439165115 10303.268405675888 528.22719234228134 1304.9865034222603 847.99782812595367 114.06213510036469 252.10571628808975 9772.666089951992 552.41034573316574 3315.3612067103386 392.18640428781509 81.260804772377014 161.09870475530624 3798.3771657347679 363.39019978046417 854.54272711277008 281.34187376499176 593.20004540681839 1337.116800904274 13167.470294356346 134.15726029872894 5298.3521913290024 823.5691556930542 187.39210760593414 703.82206106185913 5620.1415432095528 12.771287918090819 1857.3004176020622 3889.3680537343025 1444.3290817737579 66.950233161449432 1490.7600415349007
leaf_count=84533 8450 739 72 461 9775 11023 5195 174 5007 924 3095 3815 10 1246 350 46701 82 212 8454 2956 4416 6 2244 2592 8622 237 858 11055 1256 529 613 11933 258 1132 761 14 214 11950 637 3203 126 60 36 2136 291 502 61 595 1385 10945 60 6505 678 84 299 6658 5 1643 4832 910 51 1191
internal_value=-0.00635621 -0.000485332 -0.0180132 -0.0046953 0.000456812 0.00115884 -0.00396028 0.0026967 6.64068e-05 -0.00507532 0.00387073 -0.0144144 -0.00102748 -0.00471614 0.000389533 0.000956592 0.00850808 0.00078305 0.00479133 -0.00595087 -0.000824488 -0.0116351 0.000164713 -0.00172708 -0.00664551 -0.0154683 -0.0124578 -0.000889076 -0.0104305 -0.0138616 -0.000715137 -0.00240966 -0.0148528 -0.000545732 -0.00258173 0.00123807 -0.00339072 0.000212248 -0.00821484 0.000788755 0.00399663 -0.0075217 -0.00203424 -0.016191 -0.00641066 0.000167769 -0.00871129 -0.00681751 0.0013231 -0.0187679 -0.000249408 0.000893638 -0.00249322 -0.00333587 0.00266528 -3.13407e-05 -0.0178445 -0.00401172 -0.00105528 -0.00826968 -0.00946378 -0.00885346
internal_weight=294186 195652 98534 35785.2 159867 108552 32363.7 36178.6 11175 24078.3 25003.5 17093 51315.7 3929.23 72373.1 50158.1 1121.31 49036.8 20020 20170.8 49766.5 3421.47 4983.55 26624 16786.8 13508.4 2627.04 22214.9 3584.58 2393.35 8285.42 18966.7 2183.86 3907.48 3708.09 1002.79 1557.09 23142.5 2149.7 4577.33 1127.82 1549.16 10679.1 10881.4 1028.12 11535.9 1192.72 911.382 2350.38 81440.9 3449.52 15071 3383.99 209.493 7245.82 7657.33 13180.2 2705.3 8071.49 1467.9 595.177 2043.17
internal_count=294857 188516 106341 29945 158571 98930 28265 28969 6726 21106 22243 10858 59641 1420 69961 47345 432 46913 16904 17451 58661 1680 5339 30958 13817 7702 1751 22616 3156 928 7159 21708 838 3655 3157 753 1346 27703 1900 4002 739 980 11059 5951 752 11557 893 832 2309 95483 3263 18455 3634 90 5306 9250 10950 2404 9248 920 309 1828
is_linear=0
shrinkage=0.0382085


Tree=5
num_leaves=63
num_cat=0
split_feature=37 1 1 38 9 1 6 6 4 4 1 4 34 14 12 16 1 31 23 11 31 20 11 5 34 1 1 9 22 20 31 6 34 34 31 11 1 1 6 4 29 1 11 26 23 9 11 22 4 9 6 31 1 9 6 32 38 28 12 6 11 9
split_gain=10965.1 783.566 507.01 431.469 368.031 365.712 336.642 441.319 116.919 104.875 92.7315 78.8047 78.2191 63.6082 60.8379 62.4878 57.9752 53.4976 51.928 57.5716 41.4505 38.614 56.0503 36.11 30.4881 28.7668 27.4111 26.1476 24.2133 23.7814 23.5087 24.51 22.483 22.3131 21.0415 20.4712 18.9946 18.9945 18.7634 17.8539 17.321 16.6432 16.4518 16.3325 15.9978 15.0091 14.2139 13.8499 13.1345 12.8914 12.4417 11.2643 10.9861 13.2645 10.9651 10.601 10.4155 9.59414 9.53446 9.53315 8.45589 7.99808
threshold=1.0000000180025095e-35 -1.0000000180025095e-35 1.0000000180025095e-35 1.0000000180025095e-35 0.00054837757488712679 9.4791135787963885 1.0000000180025095e-35 -1.0000000180025095e-35 -1.0000000180025095e-35 1.0792832374572756 -6.5213146209716788 1.0000000180025095e-35 -0.27087041735649103 39.808166503906257 1.1984818577766421 1.0000000180025095e-35 23.2382345199585 24.305171966552738 50.000465393066413 -0.40094737708568567 169.75833129882815 -1.0000000180025095e-35 -0.22951653599739072 19.04852390289307 0.87061420083045971 3.7750099897384648 2.9244389533996586 0.0010957728954963388 0.18751537799835208 -1.6652610898017881 142.60833740234378 -2.9994829893112178 1.3463041782379153 1.5094250440597536 24.305171966552738 -0.20251636952161786 -18.503632545471188 -3.3113759756088252 -37.498687744140618 1.5161092281341555 93.500000000000014 3.7750099897384648 -0.25438576936721796 0.017825515009462837 28.575837135314945 0.006678021978586913 1.0000000180025095e-35 0.39755931496620184 -4.0398807525634757 0.030061289668083194 6.5004389286041269 57.867294311523445 11.384126186370851 0.006678021978586913 20.635931015014652 -0.24921270459890363 1.0000000180025095e-35 209.50000000000003 0.73783251643180858 31.316483497619632 0.69572269916534435 0.047012135386466987
decision_type=2 2 2 2 2 2 2 2 2 2 2 2 2 2 2 2 2 2 2 2 2 2 2 2 2 2 2 2 2 2 2 2 2 2 2 2 2 2 2 2 2 2 2 2 2 2 2 2 2 2 2 2 2 2 2 2 2 2 2 2 2 2
left_child=1 8 6 39 34 12 7 27 10 29 30 21 25 23 52 17 32 -16 19 -9 37 43 28 46 26 57 -14 -3 -23 42 31 48 -11 -18 -5 -27 -24 54 -29 -2 -31 49 -7 -10 -22 -26 -13 -32 -1 -41 -39 -17 55 -54 -12 -6 -33 -4 -15 -8 -57 -25
right_child=3 2 5 4 14 9 59 18 11 16 20 13 24 58 15 51 33 -19 -20 -21 44 22 36 61 45 35 -28 38 -30 40 47 56 -34 -35 -36 -37 -38 50 -40 41 -42 -43 -44 -45 -46 -47 -48 -49 -50 -51 -52 -53 53 -55 -56 60 -58 -59 -60 -61 -62 -63
leaf_value=0.22153463002219845 0 0 -0.029987780984285953 0 -0.21809298932501933 -0.033848376185838573 0.0020155854498013254 0 0.031273478241849305 -0.25468937349991377 0.062424790365983952 0.041997717028691282 0.00013425857059496174 -0.57147410495000983 -1.500371290263091 -1.8013092597346463 -1.0733368320862677 0.0010219224068340924 -0.011353811467204478 0 -0.02953854633677587 0.019334405044711307 -0.0030380058751929505 -0.0028329468688901072 -0.013500697021496316 -0.039170521541206614 -0.038716703035938722 0 -0.015693361360335407 -0.14454637058237149 0.080827785160793558 0.10664142006792883 -0.073240511869677116 -0.45704632650872928 0 -0.090011503010153093 -0.015176144736871832 0.02439562463348376 0 -0.11639896237979355 0.17105890201847262 -1.0903582834686902 -0.23210131892845984 -0.18023273781943427 0.0022371538160264764 0.024521267864266522 0.0023100048733029127 -0.0037021156702949322 0.063759846817599219 0.047600436806610968 -0.0019115941785066779 -0.045482871318609355 0.28996850654622225 -0.40779265477953747 -0.0045311299507292818 0 -0.018103104911264462 -0.01239662034395847 -0.22914979550063783 -0.036159696479808899 -0.040701912835688456 -0.04547977190156454
leaf_weight=4247.5571637153625 77329.334692180157 339.83299767971039 15678.935650765896 103.22740745544434 402.66465085744858 900.31693649291992 3738.8704466223717 2590.2882394790649 2094.589753985405 5560.9311896562576 7349.8377524614334 10105.214236497879 16308.288283884525 334.45285600423813 187.68619537353516 265.8887767791748 3729.3514195680618 1517.1300792694092 430.19896101951599 10735.778903365135 3735.4513667225838 1227.4311134815216 524.35508608818054 4023.3104823231697 2525.5800395011902 2997.8194128870964 12301.024100482464 1142.7565708756447 3640.1811389923096 1031.1760609149933 1599.7642856240273 4086.7063329219818 1011.8556473255157 699.88972580432892 3372.877336025238 7377.0528746843338 1094.4581276774406 11601.350633323193 5795.0527409911156 136.74998420476913 1288.9058179855347 668.34678065776825 1589.3645894527435 67.181175351142883 10872.124191403389 10492.441687345505 14460.921514213085 1366.1210952997208 628.94757813215256 43.171009063720703 3606.3058431148529 391.01290702819824 74.292452335357666 214.76723909378052 947.58331805467606 86.70103907585144 304.28439337015152 6446.957361638546 1145.4734409451485 1091.1184773445129 797.55884838104248 4011.9784688353539
leaf_count=3498 93540 434 16575 33 68 746 3610 2239 1887 4856 6964 8334 18029 141 24 34 1733 194 385 5913 4453 609 130 4111 3094 2792 12028 1007 1273 740 1940 3054 910 426 1685 6798 558 12443 5465 169 451 426 1124 9 12429 10715 17661 971 560 12 3670 50 14 34 821 37 189 7578 774 1046 107 3321
internal_value=-0.00641273 -0.00169283 -0.00379089 -0.0179308 -0.00911054 -0.00243453 -0.00850595 -0.0105949 0.000917159 -0.00771032 0.00216488 -0.000552082 -0.00130862 0.000273451 -0.00110129 0.00276664 -0.00976927 0.00663585 -0.014621 -0.0150431 0.00123449 -0.00380964 -0.00528406 0.000626271 -0.00021093 -0.00271335 -0.000909235 -0.00297892 -0.00322423 -0.00299214 0.00506018 0.00600991 -0.00747791 -0.0131597 -0.0181709 -0.00437629 -0.0114513 0.00222804 -0.00246473 -0.0187667 -0.000191726 -0.013087 -0.00558588 0.000596908 -0.000361645 0.00132075 0.00135436 0.0020792 0.00788233 -0.00250863 0.00142159 -0.00721416 -0.00692092 -5.53048e-05 0.00370135 -0.00843272 0.00392109 -0.00193179 -0.00747061 0.000583229 -0.00600902 -0.00159491
internal_weight=294471 208879 115804 85591.4 7413.81 89939.9 25863.9 21033.9 93075.6 15811.8 50346 42729.5 74128.1 34081.4 3937.7 2361.72 11002 1704.82 13756.3 13326.1 38112.7 8648.2 6486.43 32601.4 41627.3 32500.8 28609.3 7277.64 4867.61 4809.76 12233.4 9267.5 6572.79 4429.24 3476.1 10374.9 1618.81 23505.1 6937.81 78177.6 2320.08 848.268 2489.68 2161.77 14607.6 13018 24566.1 2965.89 4876.5 179.921 15207.7 656.902 1575.98 289.06 8297.42 1286.92 4390.99 22125.9 1479.93 4829.99 884.26 8035.29
internal_count=294921 198494 108694 96427 2280 88595 20099 15443 89800 10986 50992 38808 77609 34342 562 302 7925 218 8537 8152 40780 4466 2570 33427 43866 33743 30057 6906 1882 3061 10212 7301 5766 2159 1718 9590 688 23898 6472 94147 1191 607 1870 1896 16882 13809 25995 2911 4058 181 16113 84 260 48 7785 212 3243 24153 915 4656 144 7432
is_linear=0
shrinkage=0.0382085


Tree=6
num_leaves=63
num_cat=0
split_feature=0 2 8 1 1 15 38 1 2 19 15 0 2 12 2 12 31 22 1 3 15 24 8 23 19 28 14 28 26 0 31 14 14 1 3 32 23 3 12 8 35 1 3 28 9 26 12 3 1 2 28 13 9 32 22 13 32 15 1 10 0 22
split_gain=13727 500.603 200.281 165.403 146.363 68.8475 78.0031 65.3495 58.5588 100.882 58.2449 51.8297 48.5177 45.9174 42.3545 41.4678 36.8607 31.5874 26.5118 38.9534 26.3135 23.5872 21.8763 21.0219 18.8064 18.598 26.6205 18.5748 18.4486 17.014 16.9965 16.132 15.51 14.1049 19.386 12.3251 14.4071 11.7748 11.5646 11.3232 12.2465 11.2123 13.2102 10.4637 19.716 10.1493 12.4239 10.0606 9.67836 9.24969 9.06499 13.63 9.21141 8.59623 8.28512 8.09619 7.63697 7.36018 7.20178 7.07395 7.00273 6.95643
threshold=0.03024999983608723 7.9550316333770761 1.0000000180025095e-35 11.384126186370851 2.6787352561950688 -2.1520144939422603 1.0000000180025095e-35 -3.3113759756088252 -1.7110505700111387 -180.36164093017575 -3.498293280601501 0.05725000053644181 -0.62975600361824025 0.71558824181556713 -1.0000000180025095e-35 0.76651698350906383 308.75833129882818 0.16718012839555743 -6.5213146209716788 8.5054507255554217 -1.2199331521987913 -0.036494545638561242 0.010943536646664144 50.000465393066413 149.78632354736331 96.500000000000014 56.945711135864265 222.50000000000003 -0.037489853799343102 0.074250001460313811 95.307895660400405 56.945711135864265 -0.79355251789093006 1.530751705169678 4.6245298385620126 0.38572400808334356 42.647726058959968 -1.1361644864082334 0.73783251643180858 0.35711947083473211 3.5324977636337285 3.7750099897384648 -5.7691266536712638 45.500000000000007 0.006678021978586913 0.001807886175811291 0.71558824181556713 6.0607674121856698 -3.6356294155120845 16.675724029541019 61.500000000000007 1.0003823637962344 0.035601176321506507 -0.20656255632638928 2.5542645454406743 0.48563739657402044 0.81140482425689708 -2.1520144939422603 23.2382345199585 1.0000000180025095e-35 0.89024999737739574 2.5542645454406743
decision_type=2 2 2 2 2 2 2 2 2 2 2 2 2 2 2 2 2 2 2 2 2 2 2 2 2 2 2 2 2 2 2 2 2 2 2 2 2 2 2 2 2 2 2 2 2 2 2 2 2 2 2 2 2 2 2 2 2 2 2 2 2 2
left_child=2 4 59 25 5 8 7 16 18 10 -10 -11 23 55 43 31 -7 30 19 -2 -19 -20 33 24 29 28 45 41 53 -6 -8 50 -9 -16 -35 36 -17 48 -39 40 -29 56 -43 44 -15 49 -47 57 -30 -27 52 -52 -5 -3 -37 -4 -14 -25 -38 -1 -33 -28
right_child=1 3 13 15 12 6 17 32 9 11 -12 -13 27 14 22 35 -18 20 21 -21 -22 -23 -24 47 -26 26 61 39 37 -31 -32 60 -34 34 -36 54 58 38 -40 -41 -42 42 -44 -45 -46 46 -48 -49 -50 -51 51 -53 -54 -55 -56 -57 -58 -59 -60 -61 -62 -63
leaf_value=0 0.15722926873162363 -0.10991160688251321 0 -0.36822290895582876 0.064994328296584122 0.044816986654763157 -0.046229771990370358 -0.0052532948104614475 -0.0029219281169816664 -0.0010067355580245139 -0.017809323137418502 0.0036190946141508255 -0.029869933919312485 0 0 -0.13805598434124836 -0.030018155672036823 -0.040830593870908587 -0.097926340266412282 -0.091920537664775356 -0.24044859358657475 0.049272174440402564 0 0.017297192783752996 1.5097253664927028 -0.038668455122556178 -0.26259914959397096 -0.038918471514996188 0.097410561487955211 -0.0036129560558574767 0.016023635509166606 -2.8968436169904352 0.0029423123184095564 -0.1132851198005259 -0.40087925720959477 -0.19543683302314688 -0.27765126226293374 -0.25723783773277675 -0.10487139854770021 0.064902100844578037 0.015557039591135732 -0.028743978887909929 -0.07451753586602794 0 0.075915488845875706 0.072372579598404499 -0.0054683315280895121 -0.10046154014426122 -0.082180640740409344 -0.21163900768582339 -0.3473712387531927 -0.0063417118152847953 -0.42728288362920874 0.11901121337270089 -1.2297961991067299 0 0.056239697193295406 -0.033344678100669163 -0.78673753586481532 0 -0.52130967057346145 -0.81362187585105417
leaf_weight=68343.581967830658 7732.4894320964813 95.416468679904938 373.30832993984222 81.79224169254303 1914.0305975079536 16938.643865287304 518.48311471939087 32247.403597295284 842.62412345409393 5583.8810030221939 1003.9463458061218 13587.921540617943 4312.8169717788696 791.1355008482933 4882.6977687478065 381.87097072601318 2275.8741223812103 1331.4242920875549 495.52662551403046 737.97506493330002 3542.8893861174583 14812.13365060091 1809.0503117442131 1200.8022008538246 181.18247616291046 3687.8369427919388 421.66055136919022 3761.5909207463264 537.17116212844849 3992.0382712483406 1179.2949275970459 1194.4463014006615 34041.735247075558 544.45614331960678 794.79169094562531 1553.5558735728264 2343.967871427536 928.71532475948334 7171.0226145386696 132.27078855037689 1311.8453653454781 1403.3885751366615 10362.307984054089 988.05387306213379 436.8350173830986 160.4949489235878 2975.0677688717842 1604.4319323301315 1383.9459997415543 935.03845596313477 195.58949714899063 102.79751229286194 450.07899343967438 276.51393014192581 136.321404337883 6605.5118288397789 261.89726412296295 1557.9144213795662 1565.7990571260452 13219.221651375294 60.635505378246307 173.63129377365112
leaf_count=84720 5528 58 65 42 1458 17679 204 37754 343 4840 447 10952 4486 811 4720 238 2584 462 78 456 1300 13075 408 927 40 3607 364 3929 351 3595 590 257 39997 481 740 1299 2207 193 6938 61 1482 1102 9588 705 169 22 3447 1261 1102 674 74 37 70 100 22 2845 236 1612 977 11041 31 40
internal_value=-0.00638023 -0.00051857 -0.0179906 -0.00536846 0.000251294 0.000795366 0.000197185 0.000505909 0.00202401 0.000552464 -0.00797264 0.00137576 -0.00207488 -0.0142369 -0.0125919 -0.0099455 0.00246791 -0.00381326 0.00332312 0.00504224 -0.00537731 0.00236922 -0.0138888 5.79136e-05 0.00151225 -0.00339665 -0.00204569 -0.00311108 -0.00447872 0.00113263 0.000654883 -0.01461 -6.22335e-05 -0.0127885 -0.00922032 -0.00831184 -0.00941317 -0.00479058 -0.00543139 -0.00111288 -0.0014076 -0.00374528 -0.00437248 -0.00787258 -0.00545067 -0.00144213 0.00022468 -0.00196229 -0.00206825 -0.00258084 -0.0103519 -0.00480774 -0.0133831 0.00381633 -0.00549032 -0.0166456 -0.00212352 -0.000546987 -0.0101078 -0.0187829 -0.0173911 -0.00983998
internal_weight=294471 195682 98788.6 26813.4 168869 136872 92075.7 85503.7 44796.5 21018.4 1846.57 19171.8 31996.5 17225.8 10247 8066.86 19214.5 6572.09 23778.1 8470.46 4874.31 15307.7 8031 10450.4 6087.25 18746.5 8353.73 21546.1 10392.8 5906.07 1697.78 2085.34 66289.1 6221.95 1339.25 5981.52 4291.64 10020.9 8099.74 5205.71 5073.44 16340.4 11765.7 2216.02 1227.97 7758.44 3135.56 4363.15 1921.12 4622.88 830.258 298.387 531.871 371.93 1689.88 6978.82 4574.71 2758.72 3909.77 81562.8 1255.08 595.292
internal_count=294921 188216 106705 22150 166066 136289 100570 98014 35719 16582 790 15792 29777 10944 8034 5254 20263 2556 19137 5984 1762 13153 6349 8893 5093 16896 8154 20884 8742 5053 794 511 77751 5941 1221 4743 3422 8584 7131 5472 5411 15412 10690 1685 980 7750 3469 3800 1453 4281 223 111 112 158 1321 2910 4722 2539 3184 95761 288 404
is_linear=0
shrinkage=0.0382085


end of trees

feature_importances:
return_1d=48
volume_zscore_30d=34
price_zscore_30d=25
return_7d=22
volume_std_30d=20
return_3d=18
price_std_7d=17
vol_regime_60_30=17
price_lag_1d=16
volume_mean_60d=16
price_log=14
rsi_14=14
price_std_60d=13
bb_pct_b=13
macd_histogram=12
autocorr_1d=11
bb_width=11
return_14d=10
price_std_30d=10
volume_log_change_1d=10
return_30d=9
return_60d=9
price_std_14d=8
price_accel_7d=8
log_return_1d=7
volume_log_change_7d=7
volume_lag_7d=6
volume_lag_1d=5
macd_line=4
rsi_missing=4
macd_missing=4
trend_divergence_30_60=3
autocorr_7d=3
volume_price_conf_7d=3
macd_signal=2
price_tier=1

parameters:
[boosting: gbdt]
[objective: quantile]
[metric: quantile]
[tree_learner: serial]
[device_type: cpu]
[data_sample_strategy: bagging]
[data: ]
[valid: ]
[num_iterations: 1000]
[learning_rate: 0.0382085]
[num_leaves: 63]
[num_threads: -1]
[seed: 42]
[deterministic: 0]
[force_col_wise: 0]
[force_row_wise: 0]
[histogram_pool_size: -1]
[max_depth: 7]
[min_data_in_leaf: 10]
[min_sum_hessian_in_leaf: 0.001]
[bagging_fraction: 0.7]
[pos_bagging_fraction: 1]
[neg_bagging_fraction: 1]
[bagging_freq: 5]
[bagging_seed: 400]
[bagging_by_query: 0]
[feature_fraction: 0.6]
[feature_fraction_bynode: 1]
[feature_fraction_seed: 30056]
[extra_trees: 0]
[extra_seed: 12879]
[early_stopping_round: 0]
[early_stopping_min_delta: 0]
[first_metric_only: 0]
[max_delta_step: 0]
[lambda_l1: 1]
[lambda_l2: 0.5]
[linear_lambda: 0]
[min_gain_to_split: 0.1]
[drop_rate: 0.1]
[max_drop: 50]
[skip_drop: 0.5]
[xgboost_dart_mode: 0]
[uniform_drop: 0]
[drop_seed: 17869]
[top_rate: 0.2]
[other_rate: 0.1]
[min_data_per_group: 100]
[max_cat_threshold: 32]
[cat_l2: 10]
[cat_smooth: 10]
[max_cat_to_onehot: 4]
[top_k: 20]
[monotone_constraints: ]
[monotone_constraints_method: basic]
[monotone_penalty: 0]
[feature_contri: ]
[forcedsplits_filename: ]
[refit_decay_rate: 0.9]
[cegb_tradeoff: 1]
[cegb_penalty_split: 0]
[cegb_penalty_feature_lazy: ]
[cegb_penalty_feature_coupled: ]
[path_smooth: 0]
[interaction_constraints: ]
[verbosity: -1]
[saved_feature_importance_type: 0]
[use_quantized_grad: 0]
[num_grad_quant_bins: 4]
[quant_train_renew_leaf: 0]
[stochastic_rounding: 1]
[linear_tree: 0]
[max_bin: 63]
[max_bin_by_feature: ]
[min_data_in_bin: 3]
[bin_construct_sample_cnt: 200000]
[data_random_seed: 175]
[is_enable_sparse: 1]
[enable_bundle: 1]
[use_missing: 1]
[zero_as_missing: 0]
[feature_pre_filter: 0]
[pre_partition: 0]
[two_round: 0]
[header: 0]
[label_column: ]
[weight_column: ]
[group_column: ]
[ignore_column: ]
[categorical_feature: ]
[forcedbins_filename: ]
[precise_float_parser: 0]
[parser_config_file: ]
[objective_seed: 16083]
[num_class: 1]
[is_unbalance: 0]
[scale_pos_weight: 1]
[sigmoid: 1]
[boost_from_average: 1]
[reg_sqrt: 0]
[alpha: 0.5]
[fair_c: 1]
[poisson_max_delta_step: 0.7]
[tweedie_variance_power: 1.5]
[lambdarank_truncation_level: 30]
[lambdarank_norm: 1]
[label_gain: ]
[lambdarank_position_bias_regularization: 0]
[eval_at: ]
[multi_error_top_k: 1]
[auc_mu_weights: ]
[num_machines: 1]
[local_listen_port: 12400]
[time_out: 120]
[machine_list_filename: ]
[machines: ]
[gpu_platform_id: -1]
[gpu_device_id: -1]
[gpu_use_dp: 0]
[num_gpu: 1]

end of parameters

pandas_categorical:[]
