tree
version=v4
num_class=1
num_tree_per_iteration=1
label_index=0
max_feature_idx=3
objective=quantile
feature_names=price_log price_lag_1d price_lag_3d price_std_7d
feature_infos=[-3.5065579414367676:5.9753527641296387] [0.029999999329447746:394.7659912109375] [0.029999999999999999:409.81] [0:80.011871337890625]
tree_sizes=668 695 694 693 693 694 694 693 694 799 901 800 913 1028 802 1030 700 802 700 1029 915 910 697 911 915 698 912 1025 805 1034 702 907 696 908 693 698 696 695 695 911 692 698 695 909 697 1033 704 695 698 1022 697 1036 698 913 697 697 699 1022 698 913 696 1026 696 696 697 913 695 1032 695 911 697 698 698 694 702 1030 696 913 698 911 702 913 701 914 700 699 700 905 694 701 695 696 696 912 699 904 701 1032 702 701 707 1027 696 1027 700 915 705 699 702 815 700 923 701 924

Tree=0
num_leaves=5
num_cat=0
split_feature=0 2 2 0
split_gain=1586.01 810.795 200.335 120.62
threshold=-3.3888024091720577 0.03425000000000001 0.092250000000000013 -3.095567941665649
decision_type=2 2 2 2
left_child=-1 3 -3 -2
right_child=1 2 -4 -5
leaf_value=-10.550629296187411 -11.456644566486627 -11.320742275941745 -11.012467732335082 -14.10197048056455
leaf_weight=102541.53729152679 2496.268061041832 49711.642188727856 137629.18609625101 1164.3048551678658
leaf_count=108969 2049 36469 145832 373
internal_value=-10.9474 -10.9493 -10.949 -10.9662
internal_weight=293543 191001 187341 3660.57
internal_count=293692 184723 182301 2422
is_linear=0
shrinkage=1


Tree=1
num_leaves=5
num_cat=0
split_feature=0 2 2 0
split_gain=1539.04 773.672 219.201 39.3113
threshold=-3.3888024091720577 0.030250000000000003 0.092250000000000013 -2.8430203199386592
decision_type=2 2 2 2
left_child=-1 3 -3 -2
right_child=1 2 -4 -5
leaf_value=0.38236125014448263 -0.74947893685316713 -0.37756873552573095 -0.062739878980752048 -3.0604265299847833
leaf_weight=102541.53729152679 1456.4882707595825 51232.718530476093 137629.18609625101 683.00830370187759
leaf_count=108969 1093 37669 145832 129
internal_value=4.19325e-05 -0.0018806 -0.00163473 -0.0235481
internal_weight=293543 191001 188862 2139.5
internal_count=293692 184723 183501 1222
is_linear=0
shrinkage=0.0362406


Tree=2
num_leaves=5
num_cat=0
split_feature=0 2 2 0
split_gain=1461.03 581.381 181.292 97.5857
threshold=-3.3888024091720577 0.030250000000000003 0.092250000000000013 -3.2901258468627925
decision_type=2 2 2 2
left_child=-1 3 -3 -2
right_child=1 2 -4 -5
leaf_value=0.36850424488841865 -0.16165278575095685 -0.36388541392677581 -0.06046614744422061 -2.8944066591423336
leaf_weight=102541.53729152679 730.09723716974258 51232.718530476093 137629.18609625101 1409.3993372917175
leaf_count=108969 598 37669 145832 624
internal_value=0.000130524 -0.00174264 -0.00152946 -0.0205258
internal_weight=293543 191001 188862 2139.5
internal_count=293692 184723 183501 1222
is_linear=0
shrinkage=0.0362406


Tree=3
num_leaves=5
num_cat=0
split_feature=0 2 2 0
split_gain=1410.13 552.267 154.556 97.3758
threshold=-3.3888024091720577 0.030250000000000003 0.092250000000000013 -3.095567941665649
decision_type=2 2 2 2
left_child=-1 3 -3 -2
right_child=1 2 -4 -5
leaf_value=0.35514942596685911 -0.42505660523114908 -0.35069798426050341 -0.058274817327395506 -2.8330868611747713
leaf_weight=102541.53729152679 1257.0620772242546 51232.718530476093 137629.18609625101 882.43449723720551
leaf_count=108969 974 37669 145832 248
internal_value=0.000191857 -0.00164838 -0.0014406 -0.0199552
internal_weight=293543 191001 188862 2139.5
internal_count=293692 184723 183501 1222
is_linear=0
shrinkage=0.0362406


Tree=4
num_leaves=5
num_cat=0
split_feature=0 2 2 0
split_gain=1380.31 537.799 141.685 88.5852
threshold=-3.3888024091720577 0.030250000000000003 0.10425000000000002 -3.095567941665649
decision_type=2 2 2 2
left_child=-1 3 -3 -2
right_child=1 2 -4 -5
leaf_value=0.34227859384030007 -0.40965229422791044 -0.30772570164711288 -0.051730220983592361 -2.7304140628424349
leaf_weight=102541.53729152679 1257.0620772242546 58971.920913994312 129889.98371273279 882.43449723720551
leaf_count=108969 974 44344 139157 248
internal_value=0.000228301 -0.00159237 -0.00138733 -0.0196578
internal_weight=293543 191001 188862 2139.5
internal_count=293692 184723 183501 1222
is_linear=0
shrinkage=0.0362406


Tree=5
num_leaves=5
num_cat=0
split_feature=0 2 2 0
split_gain=1355.8 537.803 127.596 108.929
threshold=-3.3888024091720577 0.030250000000000003 0.092250000000000013 -3.1881225109100337
decision_type=2 2 2 2
left_child=-1 3 -3 -2
right_child=1 2 -4 -5
leaf_value=0.32987420853166588 -0.26581461784079913 -0.31558148453351864 -0.057072945164603296 -2.5896397125505266
leaf_weight=102296.80128604174 1043.5324046015739 51445.23926961422 137427.09006303549 1086.6200340986252
leaf_count=108964 817 37845 145733 392
internal_value=0.000251961 -0.00155106 -0.00134647 -0.0196565
internal_weight=293299 191002 188872 2130.15
internal_count=293751 184787 183578 1209
is_linear=0
shrinkage=0.0362406


Tree=6
num_leaves=5
num_cat=0
split_feature=0 1 0 1
split_gain=1293.57 272.134 273.756 56.0182
threshold=-3.498293280601501 0.03024999983608723 -3.2901258468627925 0.095249999314546599
decision_type=2 2 2 2
left_child=-1 2 -2 -3
right_child=1 3 -4 -5
leaf_value=0.3179193657233636 -0.029623595079845952 -0.21604767333206348 -2.5420193623967813 -0.073100457026986601
leaf_weight=98857.27649384737 1988.3711394071579 53538.775570511818 1062.1228060126305 137852.73704761267
leaf_count=106250 1531 41305 426 144239
internal_value=0.000247934 -0.00146797 -0.0122074 -0.00129645
internal_weight=293299 194442 3050.49 191392
internal_count=293751 187501 1957 185544
is_linear=0
shrinkage=0.0362406


Tree=7
num_leaves=5
num_cat=0
split_feature=0 2 0 2
split_gain=1256.81 301.584 281.654 93.6515
threshold=-3.498293280601501 0.030250000000000003 -3.2901258468627925 0.092250000000000013
decision_type=2 2 2 2
left_child=-1 2 -2 -3
right_child=1 3 -4 -5
leaf_value=0.30639777372059523 -0.021793895433787298 -0.27776543017705119 -2.3987750528997629 -0.05206499382039359
leaf_weight=98857.27649384737 2181.7579095363617 53367.165346801281 1413.9765808582306 137479.1067263484
leaf_count=106250 1763 39368 628 145742
internal_value=0.00029624 -0.00139511 -0.0117934 -0.00119885
internal_weight=293299 194442 3595.73 190846
internal_count=293751 187501 2391 185110
is_linear=0
shrinkage=0.0362406


Tree=8
num_leaves=5
num_cat=0
split_feature=0 2 0 2
split_gain=1215.6 275.858 282.479 78.9551
threshold=-3.498293280601501 0.030250000000000003 -3.1881225109100337 0.092250000000000013
decision_type=2 2 2 2
left_child=-1 2 -2 -3
right_child=1 3 -4 -5
leaf_value=0.29529373124953351 -0.057507960983765885 -0.26769904132498556 -2.3445544660380113 -0.050178126642421189
leaf_weight=98857.27649384737 2509.1144562959671 53367.165346801281 1086.6200340986252 137479.1067263484
leaf_count=106250 1999 39368 392 145742
internal_value=0.000351246 -0.00131213 -0.0112571 -0.00112442
internal_weight=293299 194442 3595.73 190846
internal_count=293751 187501 2391 185110
is_linear=0
shrinkage=0.0362406


Tree=9
num_leaves=6
num_cat=0
split_feature=0 2 0 2 0
split_gain=1189.78 467.473 116.269 85.3012 11.9726
threshold=-3.3888024091720577 0.030250000000000003 -3.1881225109100337 0.092250000000000013 -3.498293280601501
decision_type=2 2 2 2 2
left_child=4 2 -2 -3 -1
right_child=1 3 -4 -5 -6
leaf_value=0.2845921060601051 -0.15233882105383625 -0.27654695350355596 -2.2595863801068647 -0.048650028420813882 0.016056935844236037
leaf_weight=98857.27649384737 1043.5324046015739 51445.23926961422 1086.6200340986252 137427.09006303549 3439.5247921943665
leaf_count=106250 817 37845 392 145733 2714
internal_value=0.000395853 -0.00129315 -0.0181732 -0.00110239 0.00354998
internal_weight=293299 191002 2130.15 188872 102297
internal_count=293751 184787 1209 183578 108964
is_linear=0
shrinkage=0.0362406


Tree=10
num_leaves=7
num_cat=0
split_feature=0 1 0 1 0 1
split_gain=1166.76 491.836 96.0327 44.2056 8.79597 1.11427
threshold=-3.3888024091720577 0.03024999983608723 -3.0108587741851802 0.17324999719858172 -3.498293280601501 0.03024999983608723
decision_type=2 2 2 2 2 2
left_child=4 2 -2 -3 -1 -6
right_child=1 3 -4 -5 5 -7
leaf_value=0.27427831430422228 -0.19075310827604758 -0.16418409368658299 -2.2512089626235423 -0.0442208487301331 0.0087189002155537623 0.10153728234694974
leaf_weight=99338.622253715992 1053.4113441109657 83146.936759889126 713.77256006002426 106226.33830165863 1338.8596274852753 2019.7429729700089
leaf_count=106297 790 68193 131 115617 1059 1616
internal_value=0.000445672 -0.00122804 -0.0202547 -0.0010501 0.0035613 0.00170567
internal_weight=293838 191140 1767.18 189373 102697 3358.6
internal_count=293703 184731 921 183810 108972 2675
is_linear=0
shrinkage=0.0362406


Tree=11
num_leaves=6
num_cat=0
split_feature=0 2 0 2 0
split_gain=1141.2 474.18 120.054 87.8648 8.79597
threshold=-3.3888024091720577 0.030250000000000003 -2.9327684640884395 0.10425000000000002 -3.498293280601501
decision_type=2 2 2 2 2
left_child=4 2 -2 -3 -1
right_child=1 3 -4 -5 -6
leaf_value=0.26433830066136016 -0.18115236875339649 -0.24083054286394087 -2.140276488520104 -0.035340365594539305 0.042195077839365248
leaf_weight=99338.622253715992 1404.1477768421173 59225.999634623528 802.69680547714233 129707.61474877596 3358.6026004552841
leaf_count=106297 1057 44259 160 139255 2675
internal_value=0.000479995 -0.00117528 -0.0178746 -0.000979839 0.0035613
internal_weight=293838 191140 2206.84 188934 102697
internal_count=293703 184731 1217 183514 108972
is_linear=0
shrinkage=0.0362406


Tree=12
num_leaves=7
num_cat=0
split_feature=3 3 0 0 0 0
split_gain=1217.69 158.462 272.988 176.059 73.7575 15.1842
threshold=0.0036539272405207161 0.037276636809110648 0.40713033080101019 -1.7942637801170347 -3.498293280601501 -3.1881225109100337
decision_type=2 2 2 2 2 2
left_child=4 3 -3 -2 -1 -6
right_child=1 2 -4 -5 5 -7
leaf_value=0.25475851918439468 -0.20007443413928153 -0.92091032564773445 -0.089238359824548724 0.03488633803714513 0.0070147754379307039 0.15041710107657458
leaf_weight=93353.95546901226 44603.670869350433 24578.108665049076 31421.414512872696 58757.86128115654 6655.699345946312 34466.973676502705
leaf_count=104237 34153 13562 35601 65679 6476 33995
internal_value=0.000519763 -0.00162311 -0.00317599 -0.000781234 0.00305956 0.0017781
internal_weight=293838 159361 55999.5 103362 134477 41122.7
internal_count=293703 148995 49163 99832 144708 40471
is_linear=0
shrinkage=0.0362406


Tree=13
num_leaves=8
num_cat=0
split_feature=3 2 3 3 3 2 3
split_gain=1153.69 319.426 185.379 157.121 68.8012 16.8022 7.97306
threshold=0.0036539272405207161 0.11725000000000002 0.011941324453800918 0.02272139769047499 0.0018159318133257332 0.03425000000000001 0.00079428977915085863
decision_type=2 2 2 2 2 2 2
left_child=4 2 -2 -3 6 -6 -1
right_child=1 3 -4 -5 5 -7 -8
leaf_value=0.24552591483959954 -0.20356577395715877 0.057672605988566633 -1.5103204684470253 -0.17204316124349281 -0.006931356353960254 0.12300189056992471 0.16282156029903741
leaf_weight=91559.643206596375 29524.81022143364 54497.800245642662 14952.114843964577 60386.330017387867 2762.0461748242378 27522.773183107376 12632.165926933289
leaf_count=102745 21438 60768 3927 62862 2392 26918 12653
internal_value=0.000579217 -0.00150657 -0.00411437 -0.000496474 0.00305137 0.00152765 0.00349372
internal_weight=293838 159361 44476.9 114884 134477 30284.8 104192
internal_count=293703 148995 25365 123630 144708 29310 115398
is_linear=0
shrinkage=0.0362406


Tree=14
num_leaves=6
num_cat=0
split_feature=0 2 0 2 0
split_gain=1052.15 436.449 130.564 69.5636 4.08536
threshold=-3.3888024091720577 0.030250000000000003 -2.4859117269515987 0.10425000000000002 -3.498293280601501
decision_type=2 2 2 2 2
left_child=4 2 -2 -3 -1
right_child=1 3 -4 -5 -6
leaf_value=0.23662790571564507 -0.20402031935343878 -0.20845615942387566 -2.0257524525190886 -0.024722336009818359 0.054113159758399101
leaf_weight=99338.622253715992 1630.2299857139587 59225.999634623528 576.6145966053009 129707.61474877596 3358.6026004552841
leaf_count=106297 1145 44259 72 139255 2675
internal_value=0.00062183 -0.000967529 -0.0169884 -0.000780019 0.00358046
internal_weight=293838 191140 2206.84 188934 102697
internal_count=293703 184731 1217 183514 108972
is_linear=0
shrinkage=0.0362406


Tree=15
num_leaves=8
num_cat=0
split_feature=3 2 3 3 3 3 2
split_gain=1085.2 249.831 152.383 145.489 66.9873 6.88505 0.523419
threshold=0.0036539272405207161 0.11025000000000001 0.025012734346091751 0.0085136448033154028 0.00079428977915085863 0.0022160127991810445 0.030250000000000003
decision_type=2 2 2 2 2 2 2
left_child=4 3 -3 -2 6 -6 -1
right_child=1 2 -4 -5 5 -7 -8
leaf_value=0.22805236587735317 -0.15906542440259852 0.049543751985613387 -0.18698244904188396 -1.0163551132479229 0.1390027018022115 0.097869793968712163 0.22805236587735317
leaf_weight=88802.106889486313 22875.767763793468 59086.056162655354 58096.137303590775 18752.470359265804 19847.160858213902 23299.513851821423 2813.7969962954521
leaf_count=101068 16908 65592 60087 6496 19505 22407 1613
internal_value=0.000657427 -0.00137206 -0.000514782 -0.00378389 0.00304946 0.00186939 0.0036046
internal_weight=293573 158810 117182 41628.2 134763 43146.7 91615.9
internal_count=293676 149083 125679 23404 144593 41912 102681
is_linear=0
shrinkage=0.0362406


Tree=16
num_leaves=5
num_cat=0
split_feature=0 1 0 1
split_gain=997.218 187.995 244.186 27.1257
threshold=-3.498293280601501 0.03024999983608723 -3.0108587741851802 0.81224998831748974
decision_type=2 2 2 2
left_child=-1 2 -2 -3
right_child=1 3 -4 -5
leaf_value=0.21978760884084333 -0.081156659958583455 -0.084969696335260844 -1.9188267884556374 0.0036239919223032802
leaf_weight=99499.402708947659 2399.8228736519814 142063.07514989376 653.38904058933258 48957.320412039757
leaf_count=106296 1865 129798 128 55589
internal_value=0.000673507 -0.000838641 -0.00976021 -0.000695707
internal_weight=293573 194074 3053.21 191020
internal_count=293676 187380 1993 185387
is_linear=0
shrinkage=0.0362406


Tree=17
num_leaves=6
num_cat=0
split_feature=0 2 0 2 0
split_gain=979.13 333.105 148.316 50.8875 12.162
threshold=-3.3888024091720577 0.030250000000000003 -2.8430203199386592 0.092250000000000013 -3.498293280601501
decision_type=2 2 2 2 2
left_child=4 2 -2 -3 -1
right_child=1 3 -4 -5 -6
leaf_value=0.21182237164754911 -0.14755801212507025 -0.20719571017430938 -1.8398749417195817 -0.024142314209005464 0.031777129717062022
leaf_weight=99499.402708947659 1397.2138788104057 51072.976986050606 693.50630325078964 137512.20198500156 3397.7083230614662
leaf_count=106296 1070 37352 135 146117 2706
internal_value=0.000701162 -0.000836095 -0.01522 -0.000676263 0.00355032
internal_weight=293573 190676 2090.72 188585 102897
internal_count=293676 184674 1205 183469 109002
is_linear=0
shrinkage=0.0362406


Tree=18
num_leaves=5
num_cat=0
split_feature=0 1 0 1
split_gain=964.787 146.854 259.693 23.4916
threshold=-3.498293280601501 0.03024999983608723 -3.0108587741851802 0.81224998831748974
decision_type=2 2 2 2
left_child=-1 2 -2 -3
right_child=1 3 -4 -5
leaf_value=0.20414579951540213 -0.071184924151800846 -0.077866302977889962 -1.7826091418940841 0.0043675884548101665
leaf_weight=99499.402708947659 2399.8228736519814 142063.07514989376 653.38904058933258 48957.320412039757
leaf_count=106296 1865 129798 128 55589
internal_value=0.000721877 -0.000765473 -0.00865085 -0.000639106
internal_weight=293573 194074 3053.21 191020
internal_count=293676 187380 1993 185387
is_linear=0
shrinkage=0.0362406


Tree=19
num_leaves=8
num_cat=0
split_feature=3 2 3 3 3 3 2
split_gain=1009.84 215.239 267.301 142.967 64.4081 6.55597 0.523419
threshold=0.0036539272405207161 0.16425000000000003 0.012838975060731174 0.037276636809110648 0.00079428977915085863 0.0022160127991810445 0.030250000000000003
decision_type=2 2 2 2 2 2 2
left_child=4 2 -2 -3 6 -6 -1
right_child=1 3 -4 -5 5 -7 -8
leaf_value=0.19674743104626627 -0.11688229620706073 0.062208997478585007 -1.2508064988123959 -0.1810967466119118 0.14379126799857492 0.10491010307838021 0.19674743104626627
leaf_weight=88802.106889486313 38585.405410170555 57574.853514313698 16762.703001916409 45887.469662904739 19847.160858213902 23299.513851821423 2813.7969962954521
leaf_count=101068 30579 65793 4937 47774 19505 22407 1613
internal_value=0.000752742 -0.00120499 -0.00302918 -0.000228577 0.00306022 0.00190298 0.0036046
internal_weight=293573 158810 55348.1 103462 134763 43146.7 91615.9
internal_count=293676 149083 35516 113567 144593 41912 102681
is_linear=0
shrinkage=0.0362406


Tree=20
num_leaves=7
num_cat=0
split_feature=3 3 0 0 0 0
split_gain=958.868 142.377 207.037 84.32 77.3072 16.1631
threshold=0.0036539272405207161 0.047265209257602699 0.40713033080101019 -1.730195105075836 -3.498293280601501 -3.1881225109100337
decision_type=2 2 2 2 2 2
left_child=4 3 -3 -2 -1 -6
right_child=1 2 -4 -5 5 -7
leaf_value=0.18961718396946389 -0.13284479671938718 -0.97221476981324795 -0.080660030158616738 0.034892751072663736 0.0013335795757980229 0.14736755878895555
leaf_weight=93178.643310844898 47304.710868835449 19912.366271436214 29735.694064378738 61938.074519276619 6778.1045300364494 34669.559587419033
leaf_count=104215 36440 9534 33386 69611 6600 34067
internal_value=0.000793283 -0.00111313 -0.00272249 -0.000381195 0.00304369 0.00173899
internal_weight=293517 158891 49648.1 109243 134626 41447.7
internal_count=293853 148971 42920 106051 144882 40667
is_linear=0
shrinkage=0.0362406


Tree=21
num_leaves=7
num_cat=0
split_feature=1 2 1 1 2 2
split_gain=648.51 26.1014 54.2381 21.5267 9.55994 5.11963
threshold=0.03024999983608723 0.82425000000000004 1.8274999856948855 0.81224998831748974 0.030250000000000003 0.053250000000000013
decision_type=2 2 2 2 2 2
left_child=4 2 -2 -3 -1 -6
right_child=1 3 -4 -5 5 -7
leaf_value=0.18274534140196508 -0.051334592518520315 -0.67878991741860917 -0.89318486859964619 0.037927739052363477 0.087642696910396375 0.18274534140196508
leaf_weight=93818.950723111629 146512.32377427816 1268.261001765728 1092.3634315729141 45983.630819797516 2836.4673945307732 2005.1560071706772
leaf_count=103837 132700 542 133 54214 2118 309
internal_value=0.000829001 -0.000382888 -0.00062034 0.000357704 0.00322304 0.00162986
internal_weight=293517 194857 147605 47251.9 98660.6 4841.62
internal_count=293853 187589 132833 54756 106264 2427
is_linear=0
shrinkage=0.0362406


Tree=22
num_leaves=5
num_cat=0
split_feature=0 2 0 2
split_gain=892.401 196.097 266.906 35.1677
threshold=-3.498293280601501 0.030250000000000003 -2.4859117269515987 0.092250000000000013
decision_type=2 2 2 2
left_child=-1 2 -2 -3
right_child=1 3 -4 -5
leaf_value=0.17612253860651614 -0.080093722984825338 -0.14067939640344196 -1.6622642062962856 -0.011210606272685194
leaf_weight=99183.825339436531 3056.9149628281593 53050.515187382698 595.4863303899765 137630.41133219004
leaf_count=106316 2368 39286 80 145803
internal_value=0.00082629 -0.000601069 -0.00891873 -0.000441417
internal_weight=293517 194333 3652.4 190681
internal_count=293853 187537 2448 185089
is_linear=0
shrinkage=0.0362406


Tree=23
num_leaves=7
num_cat=0
split_feature=0 2 0 2 0 2
split_gain=881.281 346.181 163.495 36.8217 10.4878 2.99453
threshold=-3.3888024091720577 0.030250000000000003 -2.4859117269515987 0.092250000000000013 -3.498293280601501 0.087250000000000008
decision_type=2 2 2 2 2 2
left_child=4 2 -2 -3 -1 -6
right_child=1 3 -4 -5 5 -7
leaf_value=0.16973975022966145 -0.13328976022214911 -0.15805002177295577 -1.6020227361292358 -0.010952933271891592 0.066912034150136968 -0.0098539854571046241
leaf_weight=99183.825339436531 1619.3688260316849 51107.443239450455 595.4863303899765 137565.91004616022 3286.7881076931953 158.33126306533813
leaf_count=106316 1169 37747 80 145792 2726 23
internal_value=0.000846449 -0.000609377 -0.0148511 -0.000441825 0.00355477 0.00156051
internal_weight=293517 190888 2214.86 188673 102629 3445.12
internal_count=293853 184788 1249 183539 109065 2749
is_linear=0
shrinkage=0.0362406


Tree=24
num_leaves=7
num_cat=0
split_feature=3 3 0 0 0 0
split_gain=916.291 134.156 125.514 100.793 71.7311 11.8234
threshold=0.0036539272405207161 0.11096441373229028 1.4891893863677981 -0.63629448413848866 -3.498293280601501 -3.095567941665649
decision_type=2 2 2 2 2 2
left_child=4 3 -3 -2 -1 -6
right_child=1 2 -4 -5 5 -7
leaf_value=0.16358827800226752 -0.09854307926610878 -1.0036995021588311 -0.070668880596232039 0.076925992120850689 0.013900213316143953 0.15094326727510463
leaf_weight=93178.643310844898 88973.414115011692 17105.093420147896 13854.298862397671 38958.039326369762 8791.1603384613991 32656.503778994083
leaf_count=104215 78672 9070 15292 45937 8524 32143
internal_value=0.000865056 -0.000998534 -0.00313945 -0.000479987 0.00306493 0.00180797
internal_weight=293517 158891 30959.4 127931 134626 41447.7
internal_count=293853 148971 24362 124609 144882 40667
is_linear=0
shrinkage=0.0362406


Tree=25
num_leaves=5
num_cat=0
split_feature=0 2 0 2
split_gain=859.131 170.856 255.905 33.5442
threshold=-3.498293280601501 0.030250000000000003 -2.6138827800750728 0.5192500000000001
decision_type=2 2 2 2
left_child=-1 2 -2 -3
right_child=1 3 -4 -5
leaf_value=0.15765973888578724 -0.067291097884395162 -0.067211766807686646 -1.5836705141485996 0.025753948541242404
leaf_weight=99283.529587030411 2995.1355932950974 130353.24513858557 610.05455350875854 60253.152411699295
leaf_count=106322 2316 115604 88 69353
internal_value=0.000881071 -0.000520615 -0.00833611 -0.000372462
internal_weight=293495 194212 3605.19 190606
internal_count=293683 187361 2404 184957
is_linear=0
shrinkage=0.0362406


Tree=26
num_leaves=7
num_cat=0
split_feature=3 3 0 0 0 0
split_gain=901.325 111.644 176.346 71.2919 62.1557 8.57072
threshold=0.0034373645903542642 0.03036562912166119 0.20396070927381518 1.4891893863677981 -3.498293280601501 -3.1881225109100337
decision_type=2 2 2 2 2 2
left_child=4 3 -3 -2 -1 -6
right_child=1 2 -4 -5 5 -7
leaf_value=0.15194605364811081 -0.010170972690883854 -0.6703702546388256 -0.047906717987164331 -2.3593702557718923 0.0045116088655478446 0.15090693755915052
leaf_weight=93436.400264084339 100028.34563565254 26335.086109519005 35261.821874439716 301.81976008415222 6427.4367136359215 31704.206926703453
leaf_count=104208 96673 15216 39932 62 6301 31291
internal_value=0.000891489 -0.000918552 -0.00213309 -0.000172339 0.0031196 0.00188351
internal_weight=293495 161927 61596.9 100330 131568 38131.6
internal_count=293683 151883 55148 96735 141800 37592
is_linear=0
shrinkage=0.0362406


Tree=27
num_leaves=8
num_cat=0
split_feature=3 2 3 3 3 3 2
split_gain=872.323 181.753 124.178 105.058 57.0437 4.72614 0.383189
threshold=0.0034373645903542642 0.10425000000000002 0.013815105427056553 0.017555184662342075 0.00079428977915085863 0.0022160127991810445 0.092250000000000013
decision_type=2 2 2 2 2 2 2
left_child=4 2 -2 -3 6 -6 -1
right_child=1 3 -4 -5 5 -7 -8
leaf_value=0.14643943585343513 -0.14356474800419525 0.069520667722000509 -1.190251700076961 -0.10984509100186468 0.1417609207834831 0.10768700698467401 0.066630327406351331
leaf_weight=91598.872921705246 29654.441880881786 51424.48469209671 12061.806572854519 68786.3402338624 19643.20519310236 20227.921470224857 98.04431939125061
leaf_count=102693 20874 56658 2640 71711 19558 19432 117
internal_value=0.000917675 -0.000863002 -0.00292413 -0.000147268 0.00310964 0.00196218 0.00360795
internal_weight=293495 161927 41716.2 120211 131568 39871.1 91696.9
internal_count=293683 151883 23514 128369 141800 38990 102810
is_linear=0
shrinkage=0.0362406


Tree=28
num_leaves=6
num_cat=0
split_feature=3 0 3 0 0
split_gain=837.504 106.5 108.33 75.3849 17.5878
threshold=0.0034373645903542642 -3.3888024091720577 0.11096441373229028 -3.498293280601501 -3.1881225109100337
decision_type=2 2 2 2 2
left_child=3 -2 -3 -1 -5
right_child=1 2 -4 4 -6
leaf_value=0.14113238125114655 0.23685784893270767 -0.046972582721105556 -0.52063234723363838 -0.00078939695394480134 0.14094506995468031
leaf_weight=93436.400264084339 6852.4621354341507 125707.82773154974 29366.783512711525 6427.4367136359215 31704.206926703453
leaf_count=104208 2675 125049 24159 6301 31291
internal_value=0.000920969 -0.0008238 -0.00101945 0.00306874 0.00170805
internal_weight=293495 161927 155075 131568 38131.6
internal_count=293683 151883 149208 141800 37592
is_linear=0
shrinkage=0.0362406


Tree=29
num_leaves=8
num_cat=0
split_feature=3 2 3 3 3 2 2
split_gain=812.754 175.033 108.011 90.9302 68.2841 10.6482 0.382962
threshold=0.0034373645903542642 0.10425000000000002 0.013815105427056553 0.016225347295403484 0.00079428977915085863 0.030250000000000003 0.092250000000000013
decision_type=2 2 2 2 2 2 2
left_child=4 2 -2 -3 6 -6 -1
right_child=1 3 -4 -5 5 -7 -8
leaf_value=0.13601765754925738 -0.13665955875622821 0.071072149122053591 -1.1305818642147911 -0.092561310879372222 -0.00094188451260187494 0.12934354944036175 0.059107668216450443
leaf_weight=91598.872921705246 29654.441880881786 48894.338767468929 12061.806572854519 71316.486158490181 3281.4152624607086 36589.711400866508 98.04431939125061
leaf_count=102693 20874 53835 2640 74534 2917 36073 117
internal_value=0.000946519 -0.000772269 -0.00279489 -6.98962e-05 0.00306232 0.00180744 0.00360733
internal_weight=293495 161927 41716.2 120211 131568 39871.1 91696.9
internal_count=293683 151883 23514 128369 141800 38990 102810
is_linear=0
shrinkage=0.0362406


Tree=30
num_leaves=5
num_cat=0
split_feature=0 3 0 3
split_gain=792.316 171.276 210.97 72.4048
threshold=-3.498293280601501 0.041683901101350791 0.40713033080101019 0.0036539272405207161
decision_type=2 2 2 2
left_child=-1 3 -3 -2
right_child=1 2 -4 -5
leaf_value=0.13108829455845911 0.092525597958344724 -0.87552222618679154 -0.036115552009569153 -0.021174129664877792
leaf_weight=99130.268479526043 41141.486205458641 19730.006252169609 30719.974328398705 102934.3748690486
leaf_count=105988 40561 11129 34570 101252
internal_value=0.000986442 -0.000357122 -0.00217449 0.000278888
internal_weight=293656 194526 50450 144076
internal_count=293500 187512 45699 141813
is_linear=0
shrinkage=0.0362406


Tree=31
num_leaves=7
num_cat=0
split_feature=1 2 1 1 2 2
split_gain=545.351 36.4194 44.4999 22.0127 9.99222 6.14415
threshold=0.03024999983608723 0.61875000000000013 4.4605000019073495 0.60925000905990612 0.030250000000000003 0.053250000000000013
decision_type=2 2 2 2 2 2
left_child=4 2 -2 -3 -1 -6
right_child=1 3 -4 -5 5 -7
leaf_value=0.12633757469336129 -0.033863795051817497 -0.40951565153821723 -0.65400174704257186 0.063385706577710949 0.073233909783618586 0.12633757469336129
leaf_weight=93641.453345298767 139123.60759598017 1560.5199444293976 619.84798145294189 53876.460732936859 2776.7136483192444 2057.5068861842155
leaf_count=103497 123853 698 76 62958 2105 313
internal_value=0.0010116 -9.7459e-05 -0.000409504 0.000688145 0.00321031 0.00158136
internal_weight=293656 195180 139743 55437 98475.7 4834.22
internal_count=293500 187585 123929 63656 105915 2418
is_linear=0
shrinkage=0.0362406


Tree=32
num_leaves=5
num_cat=0
split_feature=0 1 0 1
split_gain=780.58 208.214 216.187 28.9026
threshold=-3.498293280601501 0.03024999983608723 -2.8430203199386592 0.60925000905990612
decision_type=2 2 2 2
left_child=-1 2 -2 -3
right_child=1 3 -4 -5
leaf_value=0.12175902381797116 -0.082965394146192903 -0.040844064348394049 -1.4229209865082839 0.041982942586456046
leaf_weight=99130.268479526043 2528.5208281874657 134093.65434503555 615.50440835952759 57288.162073493004
leaf_count=105988 1884 121179 97 64352
internal_value=0.00100605 -0.000327524 -0.00957694 -0.000175241
internal_weight=293656 194526 3144.03 191382
internal_count=293500 187512 1981 185531
is_linear=0
shrinkage=0.0362406


Tree=33
num_leaves=7
num_cat=0
split_feature=1 2 1 1 2 2
split_gain=544.946 32.0715 44.7235 20.8073 10.0377 6.14415
threshold=0.03024999983608723 0.61875000000000013 4.4605000019073495 0.60925000905990612 0.030250000000000003 0.053250000000000013
decision_type=2 2 2 2 2 2
left_child=4 2 -2 -3 -1 -6
right_child=1 3 -4 -5 5 -7
leaf_value=0.11734640242293884 -0.031156336594699349 -0.39319434034938172 -0.63182181174067154 0.059567082371569532 0.073586584721025292 0.11734640242293884
leaf_weight=93641.453345298767 139123.60759598017 1560.5199444293976 619.84798145294189 53876.460732936859 2776.7136483192444 2057.5068861842155
leaf_count=103497 123853 698 76 62958 2105 313
internal_value=0.00101605 -9.25995e-05 -0.00038544 0.000644596 0.00321394 0.00158136
internal_weight=293656 195180 139743 55437 98475.7 4834.22
internal_count=293500 187585 123929 63656 105915 2418
is_linear=0
shrinkage=0.0362406


Tree=34
num_leaves=5
num_cat=0
split_feature=0 2 0 2
split_gain=774.975 186.986 271.9 41.5268
threshold=-3.498293280601501 0.030250000000000003 -2.2141189575195308 0.092250000000000013
decision_type=2 2 2 2
left_child=-1 2 -2 -3
right_child=1 3 -4 -5
leaf_value=0.11309369712254445 -0.075913459488704704 -0.11414266786004228 -1.3468708341540434 0.01454971945816493
leaf_weight=99130.268479526043 3072.1398419737816 53008.13707703352 542.10799384117126 137903.45674222708
leaf_count=105988 2322 39061 63 146066
internal_value=0.00101546 -0.00031331 -0.00847863 -0.000158399
internal_weight=293656 194526 3614.25 190912
internal_count=293500 187512 2385 185127
is_linear=0
shrinkage=0.0362406


Tree=35
num_leaves=5
num_cat=0
split_feature=0 2 0 2
split_gain=761.995 189.805 274.214 38.3642
threshold=-3.498293280601501 0.030250000000000003 -2.2706049680709834 0.092250000000000013
decision_type=2 2 2 2
left_child=-1 2 -2 -3
right_child=1 3 -4 -5
leaf_value=0.10899511245983967 -0.067558849159646689 -0.10931761423279812 -1.2502695596749838 0.015789447212140022
leaf_weight=99176.720651507378 3048.4934269189835 53105.962349712849 555.69199955463409 137624.37662810087
leaf_count=106178 2359 39205 70 145879
internal_value=0.00103864 -0.000280238 -0.00851842 -0.000124234
internal_weight=293511 194335 3604.19 190730
internal_count=293691 187513 2429 185084
is_linear=0
shrinkage=0.0362406


Tree=36
num_leaves=5
num_cat=0
split_feature=0 2 0 2
split_gain=756.104 183.231 277.975 35.6308
threshold=-3.498293280601501 0.030250000000000003 -2.2706049680709834 0.5192500000000001
decision_type=2 2 2 2
left_child=-1 2 -2 -3
right_child=1 3 -4 -5
leaf_value=0.10504506300877586 -0.065110475200347476 -0.043227004859240158 -1.204959027152751 0.049993081793459911
leaf_weight=99176.720651507378 3048.4934269189835 130051.05077755451 555.69199955463409 60679.288200259209
leaf_count=106178 2359 115392 70 69692
internal_value=0.00104865 -0.000265115 -0.00835936 -0.000111832
internal_weight=293511 194335 3604.19 190730
internal_count=293691 187513 2429 185084
is_linear=0
shrinkage=0.0362406


Tree=37
num_leaves=5
num_cat=0
split_feature=0 2 0 2
split_gain=753.87 175.833 267.288 34.2359
threshold=-3.498293280601501 0.030250000000000003 -2.2706049680709834 0.5192500000000001
decision_type=2 2 2 2
left_child=-1 2 -2 -3
right_child=1 3 -4 -5
leaf_value=0.10123816576255609 -0.062750831808829288 -0.04166043179956936 -1.1612905760053398 0.048181301972892221
leaf_weight=99176.720651507378 3048.4934269189835 130051.05077755451 555.69199955463409 60679.288200259209
leaf_count=106178 2359 115392 70 69692
internal_value=0.00105246 -0.000259364 -0.00818853 -0.000109202
internal_weight=293511 194335 3604.19 190730
internal_count=293691 187513 2429 185084
is_linear=0
shrinkage=0.0362406


Tree=38
num_leaves=5
num_cat=0
split_feature=0 3 0 0
split_gain=750.57 152.958 162.867 79.5647
threshold=-3.498293280601501 0.02272139769047499 -0.22909879684448239 1.4891893863677981
decision_type=2 2 2 2
left_child=-1 3 -3 -2
right_child=1 2 -4 -5
leaf_value=0.097569232797837732 0.039396339972979512 -0.52764907157308083 -0.029505089649989397 -1.9497511761804434
leaf_weight=99176.720651507378 125830.74833297729 24546.237393856049 43663.53808259964 294.00059485435486
leaf_count=106178 123123 15160 49187 43
internal_value=0.0010581 -0.000250853 -0.00163358 0.000496521
internal_weight=293511 194335 68209.8 126125
internal_count=293691 187513 64347 123166
is_linear=0
shrinkage=0.0362406


Tree=39
num_leaves=7
num_cat=0
split_feature=1 2 1 1 2 2
split_gain=529.383 28.2758 35.9772 12.7685 9.17167 4.93401
threshold=0.03024999983608723 0.5192500000000001 1.8274999856948855 0.50925001502037059 0.030250000000000003 0.053250000000000013
decision_type=2 2 2 2 2 2
left_child=4 2 -2 -3 -1 -6
right_child=1 3 -4 -5 5 -7
leaf_value=0.094033264204788913 -0.024340314149176534 -0.37840185814289951 -0.63627329002474753 0.055741253007768748 0.091335267199663089 0.094033264204788913
leaf_weight=93682.380122601986 133223.36302983761 1543.9401625394821 1149.7395119667053 59152.177463531494 2794.8402580618858 1964.8045072555542
leaf_count=103669 117762 626 139 69068 2129 298
internal_value=0.00107175 -2.13359e-05 -0.000314851 0.000627567 0.00323831 0.00166279
internal_weight=293511 195069 134373 60696.1 98442 4759.64
internal_count=293691 187595 117901 69694 106096 2427
is_linear=0
shrinkage=0.0362406


Tree=40
num_leaves=5
num_cat=0
split_feature=0 1 0 0
split_gain=757.48 167.875 190.136 24.3298
threshold=-3.498293280601501 0.03024999983608723 -2.6845846176147456 -3.2901258468627925
decision_type=2 2 2 2
left_child=-1 2 -2 -3
right_child=1 3 -4 -5
leaf_value=0.090625441273364152 -0.07921766186702793 0.09147078478479892 -1.1777289993291888 -0.018788916157648355
leaf_weight=99096.545340418816 2499.1196749806404 5053.7908359766006 510.99549078941345 186500.25453686714
leaf_count=105898 1872 4289 70 181012
internal_value=0.0010444 -0.000268919 -0.0087598 -0.000135163
internal_weight=293661 194564 3010.12 191554
internal_count=293141 187243 1942 185301
is_linear=0
shrinkage=0.0362406


Tree=41
num_leaves=5
num_cat=0
split_feature=0 2 0 2
split_gain=752.144 151.932 248.759 30.5324
threshold=-3.498293280601501 0.030250000000000003 -2.2141189575195308 0.20325000000000004
decision_type=2 2 2 2
left_child=-1 2 -2 -3
right_child=1 3 -4 -5
leaf_value=0.087341119926513236 -0.059670400705155113 -0.057857220740772451 -1.1338447761655126 0.025805641855263461
leaf_weight=99096.545340418816 3117.9872888922691 93615.362767279148 536.83368825912476 97293.976794183254
leaf_count=105898 2322 76390 65 108466
internal_value=0.0010535 -0.000255182 -0.00757368 -0.000114751
internal_weight=293661 194564 3654.82 190909
internal_count=293141 187243 2387 184856
is_linear=0
shrinkage=0.0362406


Tree=42
num_leaves=5
num_cat=0
split_feature=0 1 0 0
split_gain=750.074 155.284 187.36 24.0553
threshold=-3.498293280601501 0.03024999983608723 -2.6138827800750728 -3.2901258468627925
decision_type=2 2 2 2
left_child=-1 2 -2 -3
right_child=1 3 -4 -5
leaf_value=0.084175824391374998 -0.074181593219584646 0.090318319441697437 -1.0943863451439471 -0.01753242540821532
leaf_weight=99096.545340418816 2503.5521739125252 5053.7908359766006 506.56299185752869 186500.25453686714
leaf_count=105898 1873 4289 69 181012
internal_value=0.00105704 -0.000249838 -0.00841607 -0.000121186
internal_weight=293661 194564 3010.12 191554
internal_count=293141 187243 1942 185301
is_linear=0
shrinkage=0.0362406


Tree=43
num_leaves=7
num_cat=0
split_feature=1 2 1 1 2 2
split_gain=553.59 22.0819 28.1951 14.5 6.68431 4.42987
threshold=0.03024999983608723 0.47525000000000001 1.8274999856948855 0.46725000441074377 0.030250000000000003 0.053250000000000013
decision_type=2 2 2 2 2 2
left_child=4 2 -2 -3 -1 -6
right_child=1 3 -4 -5 5 -7
leaf_value=0.081125241099830561 -0.02496103199008327 -0.40545659383180971 -0.58656941207409341 0.045190143252383082 0.088179987860694045 0.081125241099830561
leaf_weight=93755.379942834377 130817.05331003666 1521.2280871868134 1105.6671228408813 61775.518453776836 2722.9987441301346 1962.8602182269096
leaf_count=103412 114714 685 135 71829 2059 307
internal_value=0.00106288 -5.42078e-05 -0.000321441 0.000501896 0.00327872 0.00191485
internal_weight=293661 195219 131923 63296.7 98441.2 4685.86
internal_count=293141 187363 114849 72514 105778 2366
is_linear=0
shrinkage=0.0362406


Tree=44
num_leaves=5
num_cat=0
split_feature=0 2 0 2
split_gain=747.293 149.707 250.219 27.3853
threshold=-3.498293280601501 0.030250000000000003 -2.2141189575195308 0.20325000000000004
decision_type=2 2 2 2
left_child=-1 2 -2 -3
right_child=1 3 -4 -5
leaf_value=0.078185212810104487 -0.055967920084578578 -0.05538808757044613 -1.0962789483315925 0.024883302984611076
leaf_weight=99096.545340418816 3117.9872888922691 93615.362767279148 536.83368825912476 97293.976794183254
leaf_count=105898 2322 76390 65 108466
internal_value=0.00106181 -0.00024265 -0.00750734 -0.000103249
internal_weight=293661 194564 3654.82 190909
internal_count=293141 187243 2387 184856
is_linear=0
shrinkage=0.0362406


Tree=45
num_leaves=8
num_cat=0
split_feature=3 2 3 3 3 3 2
split_gain=746.595 107.743 98.1876 96.1816 46.3404 3.67428 0.63853
threshold=0.0029940410749986772 0.10425000000000002 0.0066026686690747747 0.019034430384635929 0.00079428977915085863 0.0019910491537302737 0.03425000000000001
decision_type=2 2 2 2 2 2 2
left_child=4 2 -2 -3 6 -6 -1
right_child=1 3 -4 -5 5 -7 -8
leaf_value=0.07535173294140253 -0.036598948570806054 0.071348670031660524 -0.51163648927549465 -0.086146860897406474 0.088628416885229794 0.098914984590817975 0.07535173294140253
leaf_weight=89322.335134208202 23853.170784890652 56731.340960681438 22527.331653356552 66276.125598490238 16068.320102453232 16917.371667981148 2191.5773210525513
leaf_count=101766 18097 62518 9200 69012 16155 16189 1000
internal_value=0.00105203 -0.000513689 -0.00200219 4.7126e-05 0.00318269 0.00201426 0.00360323
internal_weight=293888 169388 46380.5 123007 124500 32985.7 91513.9
internal_count=293937 158827 27297 131530 135110 32344 102766
is_linear=0
shrinkage=0.0362406


Tree=46
num_leaves=5
num_cat=0
split_feature=0 3 0 3
split_gain=759.095 152.888 141.304 71.2641
threshold=-3.498293280601501 0.047265209257602699 0.40713033080101019 0.0036539272405207161
decision_type=2 2 2 2
left_child=-1 3 -3 -2
right_child=1 2 -4 -5
leaf_value=0.072620940113865759 0.097432887976836732 -0.6924776612268212 -0.055864817091248423 -0.015564425480650767
leaf_weight=99476.096835374832 41205.855783343315 17670.676525354385 29741.432483553886 105793.51159548759
leaf_count=106420 40486 9175 33462 104394
internal_value=0.00104859 -0.000268653 -0.00205829 0.000308204
internal_weight=293888 194411 47412.1 146999
internal_count=293937 187517 42637 144880
is_linear=0
shrinkage=0.0362406


Tree=47
num_leaves=5
num_cat=0
split_feature=0 2 0 2
split_gain=749.434 142.65 219.166 32.0186
threshold=-3.498293280601501 0.030250000000000003 -2.2706049680709834 0.47525000000000001
decision_type=2 2 2 2
left_child=-1 2 -2 -3
right_child=1 3 -4 -5
leaf_value=0.069989112886399876 -0.052049175937199967 -0.036277839924172842 -1.0027155221011765 0.04437768328571462
leaf_weight=99476.096835374832 3136.4325559139252 127549.97662687302 517.31989824771881 63207.747306704521
leaf_count=106420 2368 112512 65 72572
internal_value=0.00106503 -0.0002438 -0.00733624 -0.000107629
internal_weight=293888 194411 3653.75 190758
internal_count=293937 187517 2433 185084
is_linear=0
shrinkage=0.0362406


Tree=48
num_leaves=5
num_cat=0
split_feature=0 2 0 2
split_gain=744.973 130.582 217.252 29.521
threshold=-3.498293280601501 0.030250000000000003 -2.1606539487838741 0.47525000000000001
decision_type=2 2 2 2
left_child=-1 2 -2 -3
right_child=1 3 -4 -5
leaf_value=0.067452664685208913 -0.051401775426528948 -0.034963108846381992 -0.9713587129045187 0.042769408937020213
leaf_weight=99476.096835374832 3172.3628498315811 127549.97662687302 481.38960433006287 63207.747306704521
leaf_count=106420 2379 112512 54 72572
internal_value=0.00107266 -0.000232269 -0.00701808 -0.000101973
internal_weight=293888 194411 3653.75 190758
internal_count=293937 187517 2433 185084
is_linear=0
shrinkage=0.0362406


Tree=49
num_leaves=8
num_cat=0
split_feature=3 3 2 2 3 2 2
split_gain=701.938 102.085 116.572 98.5675 47.682 8.04396 0.63853
threshold=0.00279561709612608 0.27077753841876989 8.4840000000000018 0.5192500000000001 0.00079428977915085863 0.030250000000000003 0.03425000000000001
decision_type=2 2 2 2 2 2 2
left_child=4 3 -3 -2 6 -6 -1
right_child=1 2 -4 -5 5 -7 -8
leaf_value=0.065008138916122032 -0.062451380157646959 -1.1315914067816015 0.027186081209335564 0.087400251464306924 0.002490286708865364 0.1014367536721372 0.065008138916122032
leaf_weight=89322.335134208202 106796.89805722237 9662.9784987568855 7730.9007117152214 48535.951879918575 2915.4322211742401 26731.499399065971 2191.5773210525513
leaf_count=101766 91792 3644 8608 57963 2634 26530 1000
internal_value=0.00107857 -0.000404539 -0.00303744 -0.000109343 0.00319333 0.00192616 0.00360323
internal_weight=293888 172727 17393.9 155333 121161 29646.9 91513.9
internal_count=293937 162007 12252 149755 131930 29164 102766
is_linear=0
shrinkage=0.0362406


Tree=50
num_leaves=5
num_cat=0
split_feature=0 1 0 0
split_gain=713.467 103.334 187.041 19.2468
threshold=-3.498293280601501 0.03024999983608723 -1.9293003678321836 -2.0537757873535152
decision_type=2 2 2 2
left_child=-1 2 -2 -3
right_child=1 3 -4 -5
leaf_value=0.062652204254052463 -0.067816385594586276 0.038237849551149054 -0.90043418857451041 -0.0267600440389139
leaf_weight=99855.726339519024 2626.6354051232338 70191.021357238293 334.67639255523682 120944.47058713436
leaf_count=106486 1922 56596 37 128605
internal_value=0.00113424 -0.000146121 -0.00686304 -4.17338e-05
internal_weight=293953 194097 2961.31 191135
internal_count=293646 187160 1959 185201
is_linear=0
shrinkage=0.0362406


Tree=51
num_leaves=8
num_cat=0
split_feature=3 2 3 3 3 3 2
split_gain=688.314 88.7832 152.676 79.5708 53.6675 2.87257 0.667831
threshold=0.0032089898595586423 0.16425000000000003 0.0085136448033154028 0.08049460127949716 0.00079428977915085863 0.0022160127991810445 0.03425000000000001
decision_type=2 2 2 2 2 2 2
left_child=4 2 -2 -3 6 -6 -1
right_child=1 3 -4 -5 5 -7 -8
leaf_value=0.060381650103169385 -0.0036860190236133084 0.061095139527701556 -0.51103668003878211 -0.16625118825927385 0.075442864061958256 0.085356640270737263 0.060381650103169385
leaf_weight=89674.961784482002 37154.996653318405 74442.216542124748 24136.104195952415 29964.665626049042 19374.06744736433 16992.585770606995 2212.9320616722107
leaf_count=101929 30671 84941 10001 29611 19278 16202 1013
internal_value=0.00114283 -0.000399741 -0.00149474 0.000242554 0.00313617 0.00195441 0.00360326
internal_weight=293953 165698 61291.1 104407 128255 36366.7 91887.9
internal_count=293646 155224 40672 114552 138422 35480 102942
is_linear=0
shrinkage=0.0362406


Tree=52
num_leaves=5
num_cat=0
split_feature=0 2 0 2
split_gain=706.426 109.828 241.361 20.7721
threshold=-3.498293280601501 0.030250000000000003 -2.1099028587341304 0.82425000000000004
decision_type=2 2 2 2
left_child=-1 2 -2 -3
right_child=1 3 -4 -5
leaf_value=0.058193382221595959 -0.034455572379536392 -0.01833969023210652 -0.92321705778258678 0.050679685595715646
leaf_weight=99855.726339519024 3069.817212164402 143398.20768880844 445.19911980628967 47183.579721271992
leaf_count=106486 2344 130109 52 54655
internal_value=0.00114655 -0.000127467 -0.00647432 -1.00895e-05
internal_weight=293953 194097 3515.02 190582
internal_count=293646 187160 2396 184764
is_linear=0
shrinkage=0.0362406


Tree=53
num_leaves=7
num_cat=0
split_feature=1 2 1 1 2 2
split_gain=531.882 15.9867 17.7625 11.6249 5.63484 3.65958
threshold=0.03024999983608723 0.82425000000000004 1.8274999856948855 0.81224998831748974 0.030250000000000003 0.053250000000000013
decision_type=2 2 2 2 2 2
left_child=4 2 -2 -3 -1 -6
right_child=1 3 -4 -5 5 -7
leaf_value=0.056084418504670962 -0.0086508707363335546 -0.34374525895576746 -0.4911656831774267 0.055864796088759272 0.062883496933797009 0.056084418504670962
leaf_weight=94083.200395166874 146715.28653860092 1270.8246215581894 1064.7455486059189 45912.755099713802 2837.1437772512436 2068.5741006731987
leaf_count=103953 132465 558 131 54097 2126 316
internal_value=0.00114743 4.86873e-05 -0.000136443 0.000629663 0.00331087 0.00208336
internal_weight=293953 194964 147780 47183.6 98988.9 4905.72
internal_count=293646 187251 132596 54655 106395 2442
is_linear=0
shrinkage=0.0362406


Tree=54
num_leaves=5
num_cat=0
split_feature=0 2 0 2
split_gain=706.654 109.528 241.519 18.3513
threshold=-3.498293280601501 0.030250000000000003 -2.1099028587341304 0.82425000000000004
decision_type=2 2 2 2
left_child=-1 2 -2 -3
right_child=1 3 -4 -5
leaf_value=0.05405188492102761 -0.035225716667619839 -0.01758942080843677 -0.88919504892381351 0.047590698191997474
leaf_weight=99855.726339519024 3069.817212164402 143398.20768880844 445.19911980628967 47183.579721271992
leaf_count=106486 2344 130109 52 54655
internal_value=0.00114615 -0.000128073 -0.00646626 -1.08549e-05
internal_weight=293953 194097 3515.02 190582
internal_count=293646 187160 2396 184764
is_linear=0
shrinkage=0.0362406


Tree=55
num_leaves=5
num_cat=0
split_feature=0 2 0 2
split_gain=707.706 121.045 202.23 28.1509
threshold=-3.498293280601501 0.030250000000000003 -1.8627198338508604 0.47525000000000001
decision_type=2 2 2 2
left_child=-1 2 -2 -3
right_child=1 3 -4 -5
leaf_value=0.052093011595951332 -0.033949115179296011 -0.027058548766207682 -0.84240388574080516 0.048529627756247112
leaf_weight=99428.177928388119 3223.6991544961929 128120.48583221436 418.358567237854 63401.850837826729
leaf_count=106219 2351 112799 45 72598
internal_value=0.00113487 -0.000132712 -0.00667674 -7.95003e-06
internal_weight=294593 195164 3642.06 191522
internal_count=294012 187793 2396 185397
is_linear=0
shrinkage=0.0362406


Tree=56
num_leaves=5
num_cat=0
split_feature=0 2 0 2
split_gain=702.57 93.6191 211.495 26.4298
threshold=-3.498293280601501 0.030250000000000003 -1.6699852943420408 0.47525000000000001
decision_type=2 2 2 2
left_child=-1 2 -2 -3
right_child=1 3 -4 -5
leaf_value=0.050205129036679091 -0.032718778508672414 -0.026077930431234932 -0.82265699799974756 0.046770884403883245
leaf_weight=99428.177928388119 3244.7034837007523 128120.48583221436 397.35423803329468 63401.850837826729
leaf_count=106219 2354 112799 42 72598
internal_value=0.00114391 -0.000119053 -0.00587418 -9.29796e-06
internal_weight=294593 195164 3642.06 191522
internal_count=294012 187793 2396 185397
is_linear=0
shrinkage=0.0362406


Tree=57
num_leaves=8
num_cat=0
split_feature=3 3 2 2 3 2 2
split_gain=671.863 90.2986 110.211 82.8745 44.0968 3.88472 0.493985
threshold=0.00279561709612608 0.27077753841876989 5.6790000000000012 0.47525000000000001 0.00079428977915085863 0.03425000000000001 0.030250000000000003
decision_type=2 2 2 2 2 2 2
left_child=4 3 -3 -2 6 -6 -1
right_child=1 2 -4 -5 5 -7 -8
leaf_value=0.04838566449449614 -0.053287552328152778 -1.1698657230795011 0.01459444427363699 0.080003023494289893 0.023480810830730347 0.13952666576079584 0.04838566449449614
leaf_weight=88885.96432185173 103859.77171850204 8916.0011056661606 8724.8474356532097 51307.294562876225 4960.8100472688675 25089.523408293724 2848.3597200512886
leaf_count=101089 88831 2773 9442 60973 4549 24745 1610
internal_value=0.00114775 -0.000304875 -0.00276176 -2.51863e-05 0.00320941 0.00200035 0.00360485
internal_weight=294593 172808 17640.8 155167 121785 30050.3 91734.3
internal_count=294012 162019 12215 149804 131993 29294 102699
is_linear=0
shrinkage=0.0362406


Tree=58
num_leaves=5
num_cat=0
split_feature=0 2 0 2
split_gain=695.272 91.5769 212.908 24.3815
threshold=-3.498293280601501 0.030250000000000003 -1.6699852943420408 0.47525000000000001
decision_type=2 2 2 2
left_child=-1 2 -2 -3
right_child=1 3 -4 -5
leaf_value=0.04663213845867261 -0.032184942190971767 -0.023385076123943818 -0.75044675753111012 0.043887070552434536
leaf_weight=99428.177928388119 3244.7034837007523 128120.48583221436 397.35423803329468 63401.850837826729
leaf_count=106219 2354 112799 42 72598
internal_value=0.00115683 -9.95595e-05 -0.00579157 8.42761e-06
internal_weight=294593 195164 3642.06 191522
internal_count=294012 187793 2396 185397
is_linear=0
shrinkage=0.0362406


Tree=59
num_leaves=7
num_cat=0
split_feature=1 2 1 1 2 2
split_gain=525.257 17.704 18.6949 8.00122 7.42843 4.80747
threshold=0.03024999983608723 0.61875000000000013 1.8274999856948855 0.60925000905990612 0.030250000000000003 0.053250000000000013
decision_type=2 2 2 2 2 2
left_child=4 2 -2 -3 -1 -6
right_child=1 3 -4 -5 5 -7
leaf_value=0.044942161277462027 -0.0089349525642453929 -0.30455639318766825 -0.67678285214708878 0.052013856554968339 0.051494836951358057 0.044942161277462027
leaf_weight=94166.524335503578 139205.02193832397 1516.0125830173492 1146.0835890769958 53859.846100509167 2713.4030927419662 1985.6806809902191
leaf_count=103777 124115 679 139 62938 2065 299
internal_value=0.00115895 7.10611e-05 -0.000145126 0.000619965 0.00331209 0.00187892
internal_weight=294593 195727 140351 55375.9 98865.6 4699.08
internal_count=294012 187871 124254 63617 106141 2364
is_linear=0
shrinkage=0.0362406


Tree=60
num_leaves=5
num_cat=0
split_feature=0 1 0 0
split_gain=707.356 120.058 185.712 17.2856
threshold=-3.498293280601501 0.03024999983608723 -1.730195105075836 -2.0537757873535152
decision_type=2 2 2 2
left_child=-1 2 -2 -3
right_child=1 3 -4 -5
leaf_value=0.043313429901556795 -0.033690524136209474 0.036283579518510259 -0.66945211647786929 -0.024389714656220553
leaf_weight=99054.69140535593 2736.2515629529953 70249.708316087723 406.88924741744995 121366.65889209509
leaf_count=106418 1948 56704 43 129034
internal_value=0.00113008 -0.000137787 -0.0071622 -2.22429e-05
internal_weight=293814 194760 3143.14 191616
internal_count=294147 187729 1991 185738
is_linear=0
shrinkage=0.0362406


Tree=61
num_leaves=8
num_cat=0
split_feature=3 3 2 2 3 2 2
split_gain=669.362 109.445 268.67 59.4644 24.679 0.631652 0.373721
threshold=0.0022160127991810445 0.019034430384635929 0.47525000000000001 0.11025000000000001 0.00079428977915085863 0.03425000000000001 0.092250000000000013
decision_type=2 2 2 2 2 2 2
left_child=4 3 -3 -2 6 -6 -1
right_child=1 2 -4 -5 5 -7 -8
leaf_value=0.041743724745562989 -0.032686630682213128 -0.63359582267967096 0.015193543438480799 0.08433014301474033 0.055169376818101426 0.14465605837617232 0.057239348425122301
leaf_weight=91198.35240238905 47218.759731650352 23958.788290262222 53007.147957444191 58508.18260037899 4159.1776357889175 15664.440258383751 99.350547611713409
leaf_count=102705 35947 11350 59606 64777 3845 15796 121
internal_value=0.00113636 -0.000212409 -0.00125224 0.000544046 0.00335433 0.0021881 0.00360693
internal_weight=293814 182693 76965.9 105727 111121 19823.6 91297.7
internal_count=294147 171680 70956 100724 122467 19641 102826
is_linear=0
shrinkage=0.0362406


Tree=62
num_leaves=5
num_cat=0
split_feature=0 2 0 2
split_gain=699.255 113.729 212.974 20.8548
threshold=-3.498293280601501 0.030250000000000003 -1.730195105075836 0.092250000000000013
decision_type=2 2 2 2
left_child=-1 2 -2 -3
right_child=1 3 -4 -5
leaf_value=0.040230906663217096 -0.033425678343660302 -0.063555641510058589 -0.60853590206834918 0.018003119993013798
leaf_weight=99054.69140535593 3165.3266870379448 53221.13031232357 437.65858745574951 137935.39243173599
leaf_count=106418 2337 39168 46 146178
internal_value=0.00114441 -0.000116182 -0.00649417 3.7813e-06
internal_weight=293814 194760 3602.99 191157
internal_count=294147 187729 2383 185346
is_linear=0
shrinkage=0.0362406


Tree=63
num_leaves=5
num_cat=0
split_feature=0 2 0 2
split_gain=694.461 86.378 223.245 20.0837
threshold=-3.498293280601501 0.030250000000000003 -1.4773143529891966 0.092250000000000013
decision_type=2 2 2 2
left_child=-1 2 -2 -3
right_child=1 3 -4 -5
leaf_value=0.038772914032222806 -0.032214311343681683 -0.061252346241187493 -0.58906410549594679 0.017350675927945841
leaf_weight=99054.69140535593 3190.1643368601799 53221.13031232357 412.8209376335144 137935.39243173599
leaf_count=106418 2340 39168 43 146178
internal_value=0.00115292 -0.000103338 -0.00566174 1.17301e-06
internal_weight=293814 194760 3602.99 191157
internal_count=294147 187729 2383 185346
is_linear=0
shrinkage=0.0362406


Tree=64
num_leaves=5
num_cat=0
split_feature=0 1 0 0
split_gain=696.496 83.6621 195.283 16.7368
threshold=-3.498293280601501 0.03024999983608723 -1.4773143529891966 -2.0537757873535152
decision_type=2 2 2 2
left_child=-1 2 -2 -3
right_child=1 3 -4 -5
leaf_value=0.037367759944735103 -0.031046845023699744 0.039507263698287901 -0.58642178630494335 -0.022721310376662012
leaf_weight=99054.69140535593 2751.4420865774155 70249.708316087723 391.69872379302979 121366.65889209509
leaf_count=106418 1950 56704 41 129034
internal_value=0.0011493 -0.000108794 -0.00597257 -1.22946e-05
internal_weight=293814 194760 3143.14 191616
internal_count=294147 187729 1991 185738
is_linear=0
shrinkage=0.0362406


Tree=65
num_leaves=7
num_cat=0
split_feature=1 2 1 2 1 2
split_gain=528.801 13.9057 54.2143 10.9656 9.68174 5.71511
threshold=0.03024999983608723 0.092250000000000013 0.090250000357627883 0.030250000000000003 0.080249998718500151 0.053250000000000013
decision_type=2 2 2 2 2 2
left_child=3 2 -2 -1 -3 -5
right_child=1 4 -4 5 -6 -7
leaf_value=0.03601352949966289 0.008501033795761637 -0.58880199694996638 -0.52153860152403342 0.042328732204684201 0.021958271436695334 0.03601352949966289
leaf_weight=93501.879948318005 48114.930052757263 1084.0377871990204 9107.6044961214066 2849.8936916589737 137188.76426297426 2008.5393987298012
leaf_count=103488 38596 329 3047 2154 145803 308
internal_value=0.0011541 6.33335e-05 -0.00041142 0.00332146 0.000260199 0.00162084
internal_weight=293856 195495 57222.5 98360.3 138273 4858.43
internal_count=293725 187775 41643 105950 146132 2462
is_linear=0
shrinkage=0.0362406


Tree=66
num_leaves=5
num_cat=0
split_feature=0 2 0 0
split_gain=693.306 78.6122 215.638 19.2186
threshold=-3.498293280601501 0.03425000000000001 -1.3499628901481626 -2.0537757873535152
decision_type=2 2 2 2
left_child=-1 2 -2 -3
right_child=1 3 -4 -5
leaf_value=0.034708377193100257 -0.064269223423264812 0.050245768574913877 -2.2008664620525122 -0.020140801623662136
leaf_weight=98946.34012979269 5910.2862929701805 67227.134813547134 334.9639630317688 121436.92443841696
leaf_count=105994 4557 54289 35 128850
internal_value=0.00115285 -0.000101106 -0.00410115 3.10381e-05
internal_weight=293856 194909 6245.25 188664
internal_count=293725 187731 4592 183139
is_linear=0
shrinkage=0.0362406


Tree=67
num_leaves=8
num_cat=0
split_feature=3 2 3 3 3 2 2
split_gain=656.266 90.1353 83.5982 60.0101 51.9307 2.37509 0.392105
threshold=0.0032089898595586423 0.092250000000000013 0.016225347295403484 0.00079428977915085863 0.0079884584993124026 0.03425000000000001 0.092250000000000013
decision_type=2 2 2 2 2 2 2
left_child=3 4 -3 6 -2 -5 -1
right_child=1 2 -4 5 -6 -7 -8
leaf_value=0.033450524403330101 -0.065403249733363839 0.076472158687408601 -0.063347148576789747 0.038853290417879632 -0.45629778781478197 0.11572408193866371 0.046452050856082235
leaf_weight=91069.934073626995 21712.513004601002 54727.726579368114 72975.241247415543 5474.781730055809 16894.87215089798 30903.626731038094 96.954120755195618
leaf_count=102236 15755 58839 75246 4933 5721 30876 119
internal_value=0.00115812 -0.000341415 0.000122082 0.00311382 -0.00187591 0.00186621 0.00361103
internal_weight=293856 166310 127703 127545 38607.4 36378.4 91166.9
internal_count=293725 155561 134085 138164 21476 35809 102355
is_linear=0
shrinkage=0.0362406


Tree=68
num_leaves=5
num_cat=0
split_feature=0 2 0 0
split_gain=685.157 60.1042 187.338 18.1419
threshold=-3.498293280601501 0.03425000000000001 -0.93585610389709462 -2.0537757873535152
decision_type=2 2 2 2
left_child=-1 2 -2 -3
right_child=1 3 -4 -5
leaf_value=0.032238256966972752 -0.059951052376413641 0.048117860200640988 -2.1857023613089228 -0.01913859562630196
leaf_weight=98946.34012979269 5939.2276715636253 67227.134813547134 306.02258443832397 121436.92443841696
leaf_count=105994 4560 54289 32 128850
internal_value=0.00116741 -7.91473e-05 -0.0035768 3.63638e-05
internal_weight=293856 194909 6245.25 188664
internal_count=293725 187731 4592 183139
is_linear=0
shrinkage=0.0362406


Tree=69
num_leaves=7
num_cat=0
split_feature=1 2 1 2 1 2
split_gain=536.977 13.2123 15.4624 11.5916 10.3987 5.8135
threshold=0.03024999983608723 0.82425000000000004 1.8274999856948855 0.030250000000000003 0.81224998831748974 0.053250000000000013
decision_type=2 2 2 2 2 2
left_child=3 2 -2 -1 -3 -5
right_child=1 4 -4 5 -6 -7
leaf_value=0.031069922842976456 -0.0045068048892087436 -0.55685450550007209 -0.73986795692270935 0.034420183294113046 0.053865883934967516 0.031069922842976456
leaf_weight=93501.879948318005 146948.63948714733 1284.2533019185066 1091.9480092525482 2849.8936916589737 46170.495800733566 2008.5393987298012
leaf_count=103488 132695 551 133 2154 54396 308
internal_value=0.00117188 7.27153e-05 -9.565e-05 0.00335594 0.000599087 0.00160844
internal_weight=293856 195495 148041 98360.3 47454.7 4858.43
internal_count=293725 187775 132828 105950 54947 2462
is_linear=0
shrinkage=0.0362406


Tree=70
num_leaves=5
num_cat=0
split_feature=0 1 0 0
split_gain=699.078 32.2876 72.0999 16.0116
threshold=-3.498293280601501 0.03024999983608723 -0.63629448413848866 -2.0537757873535152
decision_type=2 2 2 2
left_child=-1 2 -2 -3
right_child=1 3 -4 -5
leaf_value=0.02994392986126625 -0.029259081991116341 0.031912430499108503 -2.4270929191385453 -0.026573458017614654
leaf_weight=99059.224738299847 2840.2431865930557 70794.670547246933 133.23180532455444 120821.48600828648
leaf_count=106151 1955 56716 14 128525
internal_value=0.00114516 -0.000116203 -0.0038633 -5.77521e-05
internal_weight=293649 194590 2973.47 191616
internal_count=293361 187210 1969 185241
is_linear=0
shrinkage=0.0362406


Tree=71
num_leaves=5
num_cat=0
split_feature=0 2 0 2
split_gain=694.226 29.534 79.2433 19.5083
threshold=-3.498293280601501 0.03425000000000001 -3.2901258468627925 0.25125000000000003
decision_type=2 2 2 2
left_child=-1 2 -2 -3
right_child=1 3 -4 -5
leaf_value=0.028858743552983214 0.0044059344958114009 -0.035456464330271102 -0.38240168246241413 0.029044793533725338
leaf_weight=99059.224738299847 4064.6834012269974 100706.21189826727 2034.4212800264359 87784.314967930317
leaf_count=106151 3475 83471 1080 99184
internal_value=0.00115378 -0.000103199 -0.00258511 -2.25887e-05
internal_weight=293649 194590 6099.1 188491
internal_count=293361 187210 4555 182655
is_linear=0
shrinkage=0.0362406


Tree=72
num_leaves=5
num_cat=0
split_feature=0 1 0 0
split_gain=690.597 19.4192 781.328 4.93567
threshold=-3.498293280601501 0.17324999719858172 -1.6699852943420408 -1.1200916171073911
decision_type=2 2 2 2
left_child=-1 2 -2 -3
right_child=1 3 -4 -5
leaf_value=0.02781288505935714 0.0065303755954395862 0.046050347470429048 -2.4877750795162434 0.0079558644792060377
leaf_weight=99059.224738299847 85770.779980242252 28870.506075024605 2662.331714451313 77286.013777732849
leaf_count=106151 71279 28091 467 87373
internal_value=0.00116024 -9.34415e-05 -0.000490298 0.000236647
internal_weight=293649 194590 88433.1 106157
internal_count=293361 187210 71746 115464
is_linear=0
shrinkage=0.0362406


Tree=73
num_leaves=5
num_cat=0
split_feature=0 2 0 0
split_gain=686.31 24.3202 404.806 7.88523
threshold=-3.498293280601501 0.092250000000000013 -2.2706049680709834 -2.5478515624999996
decision_type=2 2 2 2
left_child=-1 2 -2 -3
right_child=1 3 -4 -5
leaf_value=0.026804929116362963 0.019577736697596559 -0.5370641925203995 -1.7488823844356096 0.016230765872826427
leaf_weight=99059.224738299847 51635.078143060207 1110.068086206913 5663.0882568359375 136181.39706134796
leaf_count=106151 40527 333 1020 145330
internal_value=0.0011679 -8.1885e-05 -0.000709219 0.000179538
internal_weight=293649 194590 57298.2 137291
internal_count=293361 187210 41547 145663
is_linear=0
shrinkage=0.0362406


Tree=74
num_leaves=5
num_cat=0
split_feature=0 2 0 0
split_gain=681.464 23.3445 129.382 24.1925
threshold=-3.498293280601501 0.048250000000000008 -2.9327684640884395 -2.3202432394027706
decision_type=2 2 2 2
left_child=-1 2 -2 -3
right_child=1 3 -4 -5
leaf_value=0.025833502112414444 -0.0057410566595872672 0.085748650082385303 -0.92823388392087169 -0.014790417714357934
leaf_weight=99059.224738299847 15672.554378986359 40150.908587932587 1869.260544359684 136896.90803617239
leaf_count=106151 13416 30290 736 142768
internal_value=0.00117659 -6.87748e-05 -0.00132992 5.58787e-05
internal_weight=293649 194590 17541.8 177048
internal_count=293361 187210 14152 173058
is_linear=0
shrinkage=0.0362406


Tree=75
num_leaves=8
num_cat=0
split_feature=3 3 2 2 3 2 2
split_gain=612.719 71.556 161.628 54.8802 26.1412 0.70252 0.507559
threshold=0.0022160127991810445 0.017555184662342075 0.47525000000000001 0.11725000000000002 0.00079428977915085863 0.030250000000000003 0.092250000000000013
decision_type=2 2 2 2 2 2 2
left_child=4 3 -3 -2 6 -6 -1
right_child=1 2 -4 -5 5 -7 -8
leaf_value=0.024897280216448263 -0.024848656090979981 -0.52821260954081539 0.020833445437618992 0.083203389307236725 0.02158967051971402 0.083307861708433059 0.044896767662260202
leaf_weight=91658.366693675518 49830.124547839165 25649.897946357727 54376.963204979897 53183.921212911606 2310.4692553877831 17242.46083521843 99.386682689189911
leaf_count=102772 38663 12879 61269 58988 2141 17365 122
internal_value=0.00122702 -6.20913e-05 -0.000875323 0.000569146 0.00334732 0.00213717 0.00360458
internal_weight=294352 183041 80026.9 103014 111311 19552.9 91757.8
internal_count=294199 171799 74148 97651 122400 19506 102894
is_linear=0
shrinkage=0.0362406


Tree=76
num_leaves=5
num_cat=0
split_feature=0 2 0 2
split_gain=653.801 22.0277 339.479 5.60919
threshold=-3.498293280601501 0.098250000000000018 -2.2141189575195308 0.82425000000000004
decision_type=2 2 2 2
left_child=-1 2 -2 -3
right_child=1 3 -4 -5
leaf_value=0.023994987573847437 0.02080724767285046 0.0081964354716365633 -1.8094580551371833 0.045548036370890006
leaf_weight=99687.09243875742 55170.36115694046 86680.169212639332 5509.1885542869568 47304.779016435146
leaf_count=106496 43869 87902 1039 54893
internal_value=0.00123673 1.41938e-05 -0.00055836 0.000273902
internal_weight=294352 194664 60679.5 133985
internal_count=294199 187703 44908 142795
is_linear=0
shrinkage=0.0362406


Tree=77
num_leaves=7
num_cat=0
split_feature=1 1 2 2 2 2
split_gain=551.693 9.69474 8.29085 4.62107 4.21651 4.03532
threshold=0.03024999983608723 0.81224998831748974 0.030250000000000003 0.90125000000000011 0.053250000000000013 0.74625000000000008
decision_type=2 2 2 2 2 2
left_child=2 3 -1 -2 -4 -3
right_child=1 5 4 -5 -6 -7
leaf_value=0.023125394567745608 -0.00045342721355668645 -0.13757907304702535 0.024610195879411208 -0.35158195759530908 0.023125394567745608 0.049329174414634275
leaf_weight=94158.350587546825 145711.83306115866 2141.4359431862831 2724.1847525835037 822.04512023925781 2009.4206051826477 46784.32030916214
leaf_count=103995 132085 377 2125 181 302 55134
internal_value=0.00124385 0.000127565 0.00344963 -1.95584e-05 0.00194319 0.000569304
internal_weight=294352 195460 98892 146534 4733.61 48925.8
internal_count=294199 187777 106422 132266 2427 55511
is_linear=0
shrinkage=0.0362406


Tree=78
num_leaves=5
num_cat=0
split_feature=0 3 0 3
split_gain=650.988 98.923 89.5897 50.6397
threshold=-3.498293280601501 0.0054994588717818269 1.0000000180025095e-35 0.20598043501377108
decision_type=2 2 2 2
left_child=-1 2 -2 -3
right_child=1 3 -4 -5
leaf_value=0.022287316143342725 0.084622226743475693 -0.019600569327133843 -1.7759323477467517 -0.4357284641860481
leaf_weight=99687.09243875742 64200.205244481564 109720.00677889585 634.13426172733307 20110.151655197144
leaf_count=106496 61655 110904 91 15053
internal_value=0.00124187 2.19657e-05 0.0011783 -0.000555068
internal_weight=294352 194664 64834.3 129830
internal_count=294199 187703 61746 125957
is_linear=0
shrinkage=0.0362406


Tree=79
num_leaves=7
num_cat=0
split_feature=1 1 2 2 2 1
split_gain=540.156 11.6949 8.42228 4.48796 3.01308 2.55664
threshold=0.03024999983608723 0.81224998831748974 0.030250000000000003 0.053250000000000013 0.90125000000000011 8.3677501678466815
decision_type=2 2 2 2 2 2
left_child=2 4 -1 -4 -2 -3
right_child=1 5 3 -5 -6 -7
leaf_value=0.021479610192948535 -0.00102651503415439 0.035178796852752742 0.022910601398144968 0.021479610192948535 -0.25282845834886702 0.10016417181656206
leaf_weight=94158.350587546825 145711.83306115866 38812.091965138912 2724.1847525835037 2009.4206051826477 822.04512023925781 10113.664287209511
leaf_count=103995 132085 44033 2125 302 181 11478
internal_value=0.00123961 0.000135047 0.00342219 0.00190449 -2.65798e-05 0.000620224
internal_weight=294352 195460 98892 4733.61 146534 48925.8
internal_count=294199 187777 106422 2427 132266 55511
is_linear=0
shrinkage=0.0362406


Tree=80
num_leaves=5
num_cat=0
split_feature=0 2 0 0
split_gain=644.683 22.2673 75.8585 17.7446
threshold=-3.498293280601501 0.044250000000000005 -3.0108587741851802 -2.3202432394027706
decision_type=2 2 2 2
left_child=-1 2 -2 -3
right_child=1 3 -4 -5
leaf_value=0.020701175999553095 -0.0053472185718669704 0.077032639240764214 -0.73165047186816501 -0.0042712997156925878
leaf_weight=99051.152545392513 11997.97510778904 43137.986985146999 1956.3277599215508 137436.78752237558
leaf_count=106619 10428 33190 798 143309
internal_value=0.00124354 3.14194e-05 -0.00136297 0.000139481
internal_weight=293580 194529 13954.3 180575
internal_count=294344 187725 11226 176499
is_linear=0
shrinkage=0.0362406


Tree=81
num_leaves=7
num_cat=0
split_feature=1 1 2 2 2 2
split_gain=534.014 12.301 8.32083 3.39174 2.96614 2.94717
threshold=0.03024999983608723 0.81224998831748974 0.030250000000000003 0.053250000000000013 0.74625000000000008 0.030250000000000003
decision_type=2 2 2 2 2 2
left_child=2 5 -1 -4 -3 -2
right_child=1 4 3 -5 -6 -7
leaf_value=0.019950952736803224 0.05601146466111695 -0.093935194098127756 0.02133008394665678 0.019950952736803224 0.052318283022355444 -0.0036595846276066242
leaf_weight=93714.84923106432 3254.7429807186127 2153.7296829819679 2820.4836402535439 1960.3755255937576 46723.946843028069 142952.10201698542
leaf_count=104169 2200 386 2101 313 55092 130083
internal_value=0.00124543 0.000146871 0.0034207 0.00191986 0.000644615 -1.91583e-05
internal_weight=293580 195085 98495.7 4780.86 48877.7 146207
internal_count=294344 187761 106583 2414 55478 132283
is_linear=0
shrinkage=0.0362406


Tree=82
num_leaves=5
num_cat=0
split_feature=0 3 0 0
split_gain=644.367 100.245 61.7802 47.7103
threshold=-3.498293280601501 0.0058436982799321422 1.0000000180025095e-35 -1.4773143529891966
decision_type=2 2 2 2
left_child=-1 2 -2 -3
right_child=1 3 -4 -5
leaf_value=0.019227918023340757 0.080809945507222938 -0.15773111399463002 -1.5793852704557403 -0.0096897832046905774
leaf_weight=99051.152545392513 67468.820330381393 37345.171856939793 709.19824349880219 89005.886944413185
leaf_count=106619 64850 25186 106 97583
internal_value=0.00124412 3.22977e-05 0.00115251 -0.000571735
internal_weight=293580 194529 68178 126351
internal_count=294344 187725 64956 122769
is_linear=0
shrinkage=0.0362406


Tree=83
num_leaves=7
num_cat=0
split_feature=1 1 2 2 2 2
split_gain=532.352 11.6163 8.30114 3.39174 2.95107 2.85738
threshold=0.03024999983608723 0.81224998831748974 0.030250000000000003 0.053250000000000013 0.030250000000000003 0.74625000000000008
decision_type=2 2 2 2 2 2
left_child=2 4 -1 -4 -2 -3
right_child=1 5 3 -5 -6 -7
leaf_value=0.018531086529532427 0.05328474347551674 -0.084814653372053225 0.013380329276332092 0.018531086529532427 -0.0029320702571378585 0.050769108787791159
leaf_weight=93714.84923106432 3254.7429807186127 2153.7296829819679 2820.4836402535439 1960.3755255937576 142952.10201698542 46723.946843028069
leaf_count=104169 2200 386 2101 313 130083 55092
internal_value=0.00124709 0.00015024 0.00341897 0.00191986 -1.1088e-05 0.000633922
internal_weight=293580 195085 98495.7 4780.86 146207 48877.7
internal_count=294344 187761 106583 2414 132283 55478
is_linear=0
shrinkage=0.0362406


Tree=84
num_leaves=5
num_cat=0
split_feature=0 3 0 0
split_gain=644.297 95.675 58.6366 48.1002
threshold=-3.498293280601501 0.0066026686690747747 1.0000000180025095e-35 -1.4773143529891966
decision_type=2 2 2 2
left_child=-1 2 -2 -3
right_child=1 3 -4 -5
leaf_value=0.017859508634692725 0.075129035105712491 -0.17719544263092868 -1.5105078705950878 -0.013200369536151352
leaf_weight=99051.152545392513 73628.134140253067 32844.573643803596 728.74615573883057 87327.623435437679
leaf_count=106619 70918 21075 122 95610
internal_value=0.00124425 3.24929e-05 0.0010545 -0.000599427
internal_weight=293580 194529 74356.9 120172
internal_count=294344 187725 71040 116685
is_linear=0
shrinkage=0.0362406


Tree=85
num_leaves=5
num_cat=0
split_feature=0 2 0 0
split_gain=647.968 27.0629 34.1007 14.4795
threshold=-3.498293280601501 0.03425000000000001 -3.2901258468627925 -2.0537757873535152
decision_type=2 2 2 2
left_child=-1 2 -2 -3
right_child=1 3 -4 -5
leaf_value=0.017212269132969832 -0.0095637678611273074 0.048137892542616439 -0.24825555258475229 -0.011122577663042607
leaf_weight=99216.122636258602 4046.4789342880249 67527.141500651836 2056.8429451584816 121049.78677845001
leaf_count=106475 3447 54383 1080 128887
internal_value=0.00123983 2.47381e-05 -0.0023498 0.000101891
internal_weight=293896 194680 6103.32 188577
internal_count=294272 187797 4527 183270
is_linear=0
shrinkage=0.0362406


Tree=86
num_leaves=5
num_cat=0
split_feature=0 2 0 0
split_gain=648.059 26.7508 86.4519 20.6412
threshold=-3.498293280601501 0.048250000000000008 -2.9327684640884395 -2.3202432394027706
decision_type=2 2 2 2
left_child=-1 2 -2 -3
right_child=1 3 -4 -5
leaf_value=0.016588485986131014 -0.012310417041146446 0.089382427494828109 -1.0076777700149067 -0.0043754444583894219
leaf_weight=99216.122636258602 15652.250754237175 39823.229048788548 1951.1403495669365 137253.6300059557
leaf_count=106475 13408 30356 755 143278
internal_value=0.00123966 2.44871e-05 -0.00132251 0.000158707
internal_weight=293896 194680 17603.4 177077
internal_count=294272 187797 14163 173634
is_linear=0
shrinkage=0.0362406


Tree=87
num_leaves=7
num_cat=0
split_feature=1 2 1 2 2 2
split_gain=531.202 9.40962 8.34009 19.047 5.13962 1.89228
threshold=0.03024999983608723 0.030250000000000003 8.3677501678466815 8.4840000000000018 0.053250000000000013 50.297500000000007
decision_type=2 2 2 2 2 2
left_child=1 -1 3 -2 -3 -4
right_child=2 4 5 -5 -6 -7
leaf_value=0.015987309121547843 0.0086646104795023646 0.017503126362966612 0.12420653206340972 -1.5000420120471607 0.015987309121547843 0.020933956123789517
leaf_weight=93604.863305389881 184975.51488935947 2799.7190974354744 7762.0840826034546 255.47527360916138 1978.662637591362 2520.0535088181496
leaf_count=103990 176114 2122 8803 125 299 2819
internal_value=0.00123953 0.00341152 0.000146284 9.01954e-05 0.00181835 0.00115132
internal_weight=293896 98383.2 195513 185231 4778.38 10282.1
internal_count=294272 106411 187861 176239 2421 11622
is_linear=0
shrinkage=0.0362406


Tree=88
num_leaves=5
num_cat=0
split_feature=0 1 0 0
split_gain=650.572 26.0686 23.8192 12.2198
threshold=-3.498293280601501 0.03024999983608723 -3.3888024091720577 -2.0537757873535152
decision_type=2 2 2 2
left_child=-1 2 -2 -3
right_child=1 3 -4 -5
leaf_value=0.015407919273743194 0.0087311004307662407 0.038921198890882767 -0.15292243944867945 -0.01229263507746013
leaf_weight=99216.122636258602 1311.0200971364975 70563.014860272408 1674.1277468204498 121132.087454319
leaf_count=106475 1079 56896 924 128898
internal_value=0.00123504 1.7516e-05 -0.00334214 7.01345e-05
internal_weight=293896 194680 2985.15 191695
internal_count=294272 187797 2003 185794
is_linear=0
shrinkage=0.0362406


Tree=89
num_leaves=5
num_cat=0
split_feature=0 2 0 0
split_gain=649.337 23.6767 79.6379 18.9387
threshold=-3.498293280601501 0.048250000000000008 -2.9327684640884395 -2.3202432394027706
decision_type=2 2 2 2
left_child=-1 2 -2 -3
right_child=1 3 -4 -5
leaf_value=0.014849526867921235 -0.013588818805789927 0.084418614928994384 -0.97288345092548856 -0.0043857193746564532
leaf_weight=99216.122636258602 15652.250754237175 39823.229048788548 1951.1403495669365 137253.6300059557
leaf_count=106475 13408 30356 755 143278
internal_value=0.00123731 2.09396e-05 -0.00124628 0.000147229
internal_weight=293896 194680 17603.4 177077
internal_count=294272 187797 14163 173634
is_linear=0
shrinkage=0.0362406


Tree=90
num_leaves=5
num_cat=0
split_feature=0 1 1 0
split_gain=656.368 20.491 14.4741 13.863
threshold=-3.498293280601501 0.03024999983608723 0.20024999976158145 -3.3888024091720577
decision_type=2 2 2 2
left_child=-1 3 -3 -2
right_child=1 2 -4 -5
leaf_value=0.014311370943959031 -0.017310857331867095 -0.02292527477703564 0.027507671133659171 -0.14688796974246801
leaf_weight=99675.327521085739 1294.6015442013741 91061.201613128185 100148.92334032059 1689.4632949829102
leaf_count=106655 1028 76093 109657 923
internal_value=0.00123284 5.49284e-06 5.22855e-05 -0.00297365
internal_weight=293870 194194 191210 2984.06
internal_count=294356 187701 185750 1951
is_linear=0
shrinkage=0.0362406


Tree=91
num_leaves=5
num_cat=0
split_feature=0 2 0 0
split_gain=652.473 18.8618 423.498 5.82397
threshold=-3.498293280601501 0.21825000000000003 -1.4177855253219602 -1.6699852943420408
decision_type=2 2 2 2
left_child=-1 2 -2 -3
right_child=1 3 -4 -5
leaf_value=0.013792718119393296 0.011607207766093698 -0.47607480263766244 -2.0508557802663732 0.030834424816511635
leaf_weight=99675.327521085739 95332.20791476965 1163.4205845594406 4456.8651196956635 93241.696173608303
leaf_count=106655 81154 285 783 105479
internal_value=0.00123995 1.62411e-05 -0.000330861 0.000383714
internal_weight=293870 194194 99789.1 94405.1
internal_count=294356 187701 81937 105764
is_linear=0
shrinkage=0.0362406


Tree=92
num_leaves=5
num_cat=0
split_feature=0 2 0 0
split_gain=650.075 16.4447 371.521 5.74205
threshold=-3.498293280601501 0.21825000000000003 -1.4177855253219602 -1.6699852943420408
decision_type=2 2 2 2
left_child=-1 2 -2 -3
right_child=1 3 -4 -5
leaf_value=0.013292861589989175 0.011186555466829033 -0.45882156099788618 -1.9765315141022632 0.029716966427125541
leaf_weight=99675.327521085739 95332.20791476965 1163.4205845594406 4456.8651196956635 93241.696173608303
leaf_count=106655 81154 285 783 105479
internal_value=0.00124433 2.28748e-05 -0.000301199 0.000366006
internal_weight=293870 194194 99789.1 94405.1
internal_count=294356 187701 81937 105764
is_linear=0
shrinkage=0.0362406


Tree=93
num_leaves=7
num_cat=0
split_feature=1 1 2 2 2 1
split_gain=550.698 9.81968 9.09531 4.69404 3.438 2.24974
threshold=0.03024999983608723 0.81224998831748974 0.030250000000000003 0.053250000000000013 0.030250000000000003 8.3677501678466815
decision_type=2 2 2 2 2 2
left_child=2 4 -1 -4 -2 -3
right_child=1 5 3 -5 -6 -7
leaf_value=0.01281112016652901 0.046570662428420936 0.032861184765743727 0.015013280591461616 0.01281112016652901 -0.0038645379830076227 0.092670768577330503
leaf_weight=93929.010291576385 3286.1310400366783 38722.128284096718 2802.2362384796143 2059.9820485115051 142644.61556738615 10425.413843631744
leaf_count=104068 2249 43947 2114 317 129933 11728
internal_value=0.0012498 0.000133078 0.00345436 0.00190098 -1.5777e-05 0.000576162
internal_weight=293870 195078 98791.2 4862.22 145931 49147.5
internal_count=294356 187857 106499 2431 132182 55675
is_linear=0
shrinkage=0.0362406


Tree=94
num_leaves=5
num_cat=0
split_feature=0 3 0 0
split_gain=648.696 93.3391 44.8969 39.9237
threshold=-3.498293280601501 0.0085136448033154028 0.20396070927381518 -1.4177855253219602
decision_type=2 2 2 2
left_child=-1 2 -2 -3
right_child=1 3 -4 -5
leaf_value=0.012346837346508469 0.061635450113092863 -0.21409451400428745 -1.5015762315851984 -0.02284958215209891
leaf_weight=99675.327521085739 85914.399370551109 25876.767948746681 643.51726019382477 81759.505213141441
leaf_count=106655 83184 15173 121 89223
internal_value=0.00124685 2.66942e-05 0.000912961 -0.000685512
internal_weight=293870 194194 86557.9 107636
internal_count=294356 187701 83305 104396
is_linear=0
shrinkage=0.0362406


Tree=95
num_leaves=7
num_cat=0
split_feature=1 2 1 2 2 2
split_gain=539.857 7.13678 5.64049 22.4012 4.25513 1.455
threshold=0.03024999983608723 0.030250000000000003 8.3677501678466815 8.4840000000000018 0.053250000000000013 8.4840000000000018
decision_type=2 2 2 2 2 2
left_child=1 -1 3 -2 -3 -4
right_child=2 4 5 -5 -6 -7
leaf_value=0.011899380419474975 0.0095434367445226993 0.017760574984075881 -0.36461844876737715 -1.4454701298035899 0.011899380419474975 0.091481689300327462
leaf_weight=93937.520383238792 184671.18749964237 2825.7467399835587 608.34144878387451 243.31068795919418 1899.8488259911537 9775.7178960442543
leaf_count=103965 175717 2140 254 115 297 11368
internal_value=0.00125204 0.0034371 0.000147875 0.00010139 0.00203447 0.000970322
internal_weight=293962 98663.1 195299 184914 4725.6 10384.1
internal_count=293856 106402 187454 175832 2437 11622
is_linear=0
shrinkage=0.0362406


Tree=96
num_leaves=5
num_cat=0
split_feature=0 2 0 0
split_gain=643.405 17.2533 34.1255 14.0023
threshold=-3.498293280601501 0.039250000000000007 -3.2901258468627925 -2.0537757873535152
decision_type=2 2 2 2
left_child=-1 2 -2 -3
right_child=1 3 -4 -5
leaf_value=0.011468139604789223 0.0062272663380273608 0.045771868411547532 -0.21531347261771971 -0.0088653003966525576
leaf_weight=99235.929558098316 5769.6705377697945 63975.989114165306 3948.1555104851723 121031.92876112461
leaf_count=106434 5073 51122 2659 128568
internal_value=0.00124845 3.78062e-05 -0.00145013 0.000116264
internal_weight=293962 194726 9717.83 185008
internal_count=293856 187422 7732 179690
is_linear=0
shrinkage=0.0362406


Tree=97
num_leaves=8
num_cat=0
split_feature=3 3 2 2 3 2 2
split_gain=575.487 70.077 93.0739 37.6118 19.6799 0.742007 0.659725
threshold=0.0018159318133257332 0.025012734346091751 0.82425000000000004 0.12425000000000001 0.00079428977915085863 0.030250000000000003 0.092250000000000013
decision_type=2 2 2 2 2 2 2
left_child=4 3 -3 -2 6 -6 -1
right_child=1 2 -4 -5 5 -7 -8
leaf_value=0.011052527220634734 -0.0021736142689699769 -0.44238218173518212 0.016499613029303264 0.073957807387156183 0.025907997118582968 0.066327853561695391 0.02897083839937644
leaf_weight=91310.440619647503 60515.236699223518 26478.932382464409 41581.748179018497 61204.866054654121 1624.9355058073997 11146.644600570202 98.869440257549286
leaf_count=102716 47853 14058 47452 68850 1528 11281 118
internal_value=0.0012533 6.49493e-05 -0.000866022 0.000585958 0.00341751 0.00207461 0.00360452
internal_weight=293962 189781 68060.7 121720 104181 12771.6 91409.3
internal_count=293856 178213 61510 116703 115643 12809 102834
is_linear=0
shrinkage=0.0362406


Tree=98
num_leaves=5
num_cat=0
split_feature=0 2 0 0
split_gain=633.259 13.6365 98.9475 15.2335
threshold=-3.498293280601501 0.058250000000000003 -2.6845846176147456 -2.3202432394027706
decision_type=2 2 2 2
left_child=-1 2 -2 -3
right_child=1 3 -4 -5
leaf_value=0.010651976883143021 -0.0031944438889129562 0.089553573767742339 -1.4570135904509458 0.0010868620832955081
leaf_weight=99235.929558098316 24907.104181945324 31400.982426285744 1521.6550852060318 136896.00223010778
leaf_count=106434 20516 23705 468 142733
internal_value=0.00126725 6.61804e-05 -0.000698677 0.000186617
internal_weight=293962 194726 26428.8 168297
internal_count=293856 187422 20984 166438
is_linear=0
shrinkage=0.0362406


Tree=99
num_leaves=5
num_cat=0
split_feature=0 2 0 0
split_gain=633.102 13.4823 26.8168 12.4958
threshold=-3.498293280601501 0.039250000000000007 -3.2901258468627925 -2.0537757873535152
decision_type=2 2 2 2
left_child=-1 2 -2 -3
right_child=1 3 -4 -5
leaf_value=0.010265942734542949 0.0058279614792406866 0.044120199891585915 -0.19061641926395528 -0.0068817428758123789
leaf_weight=99235.929558098316 5769.6705377697945 63975.989114165306 3948.1555104851723 121031.92876112461
leaf_count=106434 5073 51122 2659 128568
internal_value=0.00126754 6.66217e-05 -0.00124852 0.000136002
internal_weight=293962 194726 9717.83 185008
internal_count=293856 187422 7732 179690
is_linear=0
shrinkage=0.0362406


Tree=100
num_leaves=5
num_cat=0
split_feature=0 3 0 3
split_gain=636.143 80.9688 68.1335 33.8885
threshold=-3.498293280601501 0.053428467363119132 0.98637631535530101 0.0054994588717818269
decision_type=2 2 2 2
left_child=-1 3 -3 -2
right_child=1 2 -4 -5
leaf_value=0.0098938986992824201 0.067013203970436058 -0.43300089978354289 0.013985271175774298 -0.00073696394157121464
leaf_weight=99403.675039410591 65210.751658380032 22661.680565237999 21602.009601771832 85395.871543288231
leaf_count=106324 61881 15232 24269 86248
internal_value=0.00126426 6.05325e-05 -0.00130176 0.000461282
internal_weight=294274 194870 44263.7 150607
internal_count=293954 187630 39501 148129
is_linear=0
shrinkage=0.0362406


Tree=101
num_leaves=8
num_cat=0
split_feature=3 3 2 2 3 2 2
split_gain=560.724 64.0017 57.2884 38.3004 22.4398 1.10158 0.879917
threshold=0.0018159318133257332 0.20598043501377108 8.4840000000000018 0.82425000000000004 0.00079428977915085863 0.030250000000000003 0.092250000000000013
decision_type=2 2 2 2 2 2 2
left_child=4 3 -3 -2 6 -6 -1
right_child=1 2 -4 -5 5 -7 -8
leaf_value=0.0095353377671086835 0.0044422593215781812 -0.78738375050429699 0.046645012848368091 0.090866710871505246 0.023852436362056462 0.056651072983462177 0.015696309072090995
leaf_weight=91382.399752080441 135725.20351779461 12580.52383595705 8483.86188185215 33040.27173614502 1682.3883396983147 11287.025880217552 92.313464343547821
leaf_count=102543 122791 5658 9544 40441 1544 11321 112
internal_value=0.00126913 9.54137e-05 -0.00178768 0.000330783 0.00340186 0.00198151 0.00360262
internal_weight=294274 189830 21064.4 168765 104444 12969.4 91474.7
internal_count=293954 178434 15202 163232 115520 12865 102655
is_linear=0
shrinkage=0.0362406


Tree=102
num_leaves=5
num_cat=0
split_feature=0 2 0 0
split_gain=631.679 15.329 224.575 4.10981
threshold=-3.498293280601501 0.23425000000000004 -1.3499628901481626 -1.0634867548942564
decision_type=2 2 2 2
left_child=-1 2 -2 -3
right_child=1 3 -4 -5
leaf_value=0.0091897713021302316 0.0087860920122359541 0.061570883413868301 -1.7610252235768089 0.022366631149748142
leaf_weight=99403.675039410591 99203.623660683632 18011.252826154232 4493.7298142910004 73161.707067549229
leaf_count=106324 84616 17723 817 84474
internal_value=0.0012697 7.02021e-05 -0.000230851 0.000413205
internal_weight=294274 194870 103697 91173
internal_count=293954 187630 85433 102197
is_linear=0
shrinkage=0.0362406


Tree=103
num_leaves=8
num_cat=0
split_feature=3 3 2 2 3 2 2
split_gain=558.1 57.2323 49.5107 34.0674 24.1332 0.949809 0.879917
threshold=0.0018159318133257332 0.27077753841876989 11.929750000000002 0.82425000000000004 0.00079428977915085863 0.030250000000000003 0.092250000000000013
decision_type=2 2 2 2 2 2 2
left_child=4 3 -3 -2 6 -6 -1
right_child=1 2 -4 -5 5 -7 -8
leaf_value=0.0088567283769187318 0.0027680955345753982 -0.7975877590080046 0.043953380722059773 0.082038077095622428 0.022654966573730423 0.054279590154214498 0.014809051902651364
leaf_weight=91382.399752080441 137171.8320697546 10398.832304120064 6749.2966306805611 35509.899967193604 1682.3883396983147 11287.025880217552 92.313464343547821
leaf_count=102543 123037 4688 7477 43232 1544 11321 112
internal_value=0.00126677 9.57975e-05 -0.00190058 0.000294372 0.0033945 0.00192223 0.00360262
internal_weight=294274 189830 17148.1 172682 104444 12969.4 91474.7
internal_count=293954 178434 12165 166269 115520 12865 102655
is_linear=0
shrinkage=0.0362406


Tree=104
num_leaves=5
num_cat=0
split_feature=0 3 0 0
split_gain=634.013 69.3934 42.7706 35.1133
threshold=-3.498293280601501 0.0079884584993124026 -1.4773143529891966 0.20396070927381518
decision_type=2 2 2 2
left_child=-1 3 -3 -2
right_child=1 2 -4 -5
leaf_value=0.0085357551307435019 0.056871147740536247 -0.19391955560429194 -0.010729563990394262 -1.3830382602281703
leaf_weight=99403.675039410591 83460.617809951305 26507.238933622837 84244.082952141762 658.37367296218872
leaf_count=106324 80128 15797 91592 113
internal_value=0.00126537 6.36518e-05 -0.000532056 0.000848605
internal_weight=294274 194870 110751 84119
internal_count=293954 187630 107389 80241
is_linear=0
shrinkage=0.0362406


Tree=105
num_leaves=7
num_cat=0
split_feature=1 1 2 2 2 2
split_gain=541.746 16.7556 11.0985 9.87366 4.40832 3.95334
threshold=0.03024999983608723 0.16025000065565112 0.16425000000000003 0.030250000000000003 0.053250000000000013 0.053250000000000013
decision_type=2 2 2 2 2 2
left_child=3 2 -2 -1 -3 -5
right_child=1 4 -4 5 -6 -7
leaf_value=0.0082264141510639613 -0.014518868355788689 0.22998688431566988 -0.40321231770327925 0.010279631833024399 0.030637818677823062 0.0082264141510639613
leaf_weight=93963.099322378635 83401.909975767136 609.57166075706482 1732.3436142206192 2792.3626054525375 109207.00127768517 1914.8912347555161
leaf_count=104004 67951 69 738 2083 119014 295
internal_value=0.00125768 0.000149915 -0.000231251 0.0034458 0.000445905 0.00180173
internal_weight=293621 194951 85134.3 98670.4 109817 4707.25
internal_count=294154 187772 68689 106382 119083 2378
is_linear=0
shrinkage=0.0362406


Tree=106
num_leaves=5
num_cat=0
split_feature=0 3 0 3
split_gain=639.165 60.1656 68.3347 24.5619
threshold=-3.498293280601501 0.053428467363119132 0.98637631535530101 0.0036539272405207161
decision_type=2 2 2 2
left_child=-1 3 -3 -2
right_child=1 2 -4 -5
leaf_value=0.0079282838774371815 0.065158766646709665 -0.38962275890626635 0.02723525276282732 0.0066010743348767602
leaf_weight=99363.112934887409 41093.824168324471 22468.119430363178 21705.968461632729 108990.15469580889
leaf_count=106496 40333 15120 24547 107658
internal_value=0.00125643 4.68472e-05 -0.00112843 0.000393133
internal_weight=293621 194258 44174.1 150084
internal_count=294154 187658 39667 147991
is_linear=0
shrinkage=0.0362406


Tree=107
num_leaves=5
num_cat=0
split_feature=0 2 0 2
split_gain=637.552 21.9366 271.459 3.93606
threshold=-3.498293280601501 0.18925000000000003 -1.5406123995780943 0.61875000000000013
decision_type=2 2 2 2
left_child=-1 2 -2 -3
right_child=1 3 -4 -5
leaf_value=0.0076409580270281746 0.0055245849604200732 0.011755581377258259 -1.6470277447241821 0.044738704790355292
leaf_weight=99363.112934887409 89750.033462762833 44659.950997531414 4457.0742526650429 55391.008043169975
leaf_count=106496 75298 47778 762 63820
internal_value=0.00125941 5.1359e-05 -0.000345201 0.000425299
internal_weight=293621 194258 94207.1 100051
internal_count=294154 187658 76060 111598
is_linear=0
shrinkage=0.0362406


Tree=108
num_leaves=5
num_cat=0
split_feature=0 3 0 3
split_gain=640.381 54.2805 58.6347 25.5114
threshold=-3.498293280601501 0.094087217003107085 1.2286166548728945 0.0036539272405207161
decision_type=2 2 2 2
left_child=-1 3 -3 -2
right_child=1 2 -4 -5
leaf_value=0.0073640450409400583 0.062597158810230133 -0.55189726037302178 0.016119090597342612 0.003043918177264703
leaf_weight=99363.112934887409 41093.824168324471 15580.072786271572 16645.383127629757 120938.78667390347
leaf_count=106496 40333 8869 18556 119900
internal_value=0.00125418 4.34529e-05 -0.0013146 0.000313889
internal_weight=293621 194258 32225.5 162033
internal_count=294154 187658 27425 160233
is_linear=0
shrinkage=0.0362406


Tree=109
num_leaves=6
num_cat=0
split_feature=3 3 2 2 2
split_gain=557.153 51.9634 80.8566 14.6398 0.723071
threshold=0.00079428977915085863 0.0074976186733692893 0.25125000000000003 0.11025000000000001 0.030250000000000003
decision_type=2 2 2 2 2
left_child=4 3 -3 -2 -1
right_child=1 2 -4 -5 -6
leaf_value=0.0070971675506095412 0.02024049591728767 -0.21372667221946268 0.024477629178804999 0.083869603057372302 0.0070971675506095412
leaf_weight=88881.751388430595 54607.541350603104 36294.444015324116 81153.135404109955 29919.508790075779 2764.7987424731255
leaf_count=101307 46866 20717 90799 32890 1575
internal_value=0.001259 0.000195307 -0.000297488 0.000880668 0.0036026
internal_weight=293621 201975 117448 84527.1 91646.6
internal_count=294154 191272 111516 79756 102882
is_linear=0
shrinkage=0.0362406


Tree=110
num_leaves=5
num_cat=0
split_feature=0 3 0 3
split_gain=627.794 63.5302 82.8384 27.8167
threshold=-3.498293280601501 0.16299287974834445 -1.1736056208610532 0.0054994588717818269
decision_type=2 2 2 2
left_child=-1 3 -3 -2
right_child=1 2 -4 -5
leaf_value=0.0068399618635405684 0.055441375083191677 0.54503778113085688 -0.46778489933219192 -0.0021251969935068881
leaf_weight=99529.542701661587 65030.132707893848 4426.0385383367538 18868.8616746068 106584.55194479227
leaf_count=106504 61771 541 17659 107775
internal_value=0.0012817 8.55876e-05 -0.00168988 0.000326914
internal_weight=294439 194910 23294.9 171615
internal_count=294250 187746 18200 169546
is_linear=0
shrinkage=0.0362406


Tree=111
num_leaves=7
num_cat=0
split_feature=3 3 2 2 2 2
split_gain=544.228 54.5065 92.9094 24.3894 0.724524 0.194972
threshold=0.00079428977915085863 0.016225347295403484 0.5192500000000001 0.16425000000000003 0.030250000000000003 0.092250000000000013
decision_type=2 2 2 2 2 2
left_child=4 3 -3 -2 -1 -6
right_child=1 2 -4 -5 5 -7
leaf_value=0.0065920774676752865 0.012556021070389192 -0.35458149865388333 0.031752311903930616 0.082782194609671289 0.0065920774676752865 0.013770403818306081
leaf_weight=88759.273924589157 81078.579978346825 29275.481195509434 53819.973604679108 38586.318323254585 2818.0026113390923 101.49792957305908
leaf_count=101308 70105 16032 61065 44075 1544 121
internal_value=0.00128485 0.000236872 -0.000475783 0.000732195 0.00360198 0.00293086
internal_weight=294439 202760 83095.5 119665 91678.8 2919.5
internal_count=294250 191277 77097 114180 102973 1665
is_linear=0
shrinkage=0.0362406


Tree=112
num_leaves=5
num_cat=0
split_feature=0 3 0 0
split_gain=625.397 54.6913 78.1673 26.3476
threshold=-3.498293280601501 0.16299287974834445 -1.0634867548942564 -0.22909879684448239
decision_type=2 2 2 2
left_child=-1 3 -3 -2
right_child=1 2 -4 -5
leaf_value=0.0063531765537269179 0.0060222817629327447 0.50712878287462215 -0.46254436626623263 0.078522823717296894
leaf_weight=99529.542701661587 138839.13437467813 4662.7556689977646 18632.144543945789 32775.550278007984
leaf_count=106504 130521 583 17617 39025
internal_value=0.00128589 9.20602e-05 -0.00155523 0.000315987
internal_weight=294439 194910 23294.9 171615
internal_count=294250 187746 18200 169546
is_linear=0
shrinkage=0.0362406


Tree=113
num_leaves=7
num_cat=0
split_feature=3 3 2 2 2 2
split_gain=541.914 49.4976 90.8505 25.9047 0.724524 0.194972
threshold=0.00079428977915085863 0.025012734346091751 0.61875000000000013 0.16425000000000003 0.030250000000000003 0.092250000000000013
decision_type=2 2 2 2 2 2
left_child=4 3 -3 -2 -1 -6
right_child=1 2 -4 -5 5 -7
leaf_value=0.0061229335548235765 0.0099592397543729512 -0.47466461173725666 0.030278425543237165 0.071312842725825373 0.0061229335548235765 0.013053104803232747
leaf_weight=88759.273924589157 83869.591722428799 22643.804368078709 45518.930872499943 50728.026138782501 2818.0026113390923 101.49792957305908
leaf_count=101308 71443 10308 51448 58078 1544 121
internal_value=0.00128978 0.00024403 -0.000551219 0.000647164 0.00360198 0.00293086
internal_weight=294439 202760 68162.7 134598 91678.8 2919.5
internal_count=294250 191277 61756 129521 102973 1665
is_linear=0
shrinkage=0.0362406


end of trees

feature_importances:
price_log=201
price_lag_3d=195
price_std_7d=95
price_lag_1d=66

parameters:
[boosting: gbdt]
[objective: quantile]
[metric: quantile]
[tree_learner: serial]
[device_type: cpu]
[data_sample_strategy: bagging]
[data: ]
[valid: ]
[num_iterations: 1000]
[learning_rate: 0.0362406]
[num_leaves: 23]
[num_threads: -1]
[seed: 42]
[deterministic: 0]
[force_col_wise: 0]
[force_row_wise: 0]
[histogram_pool_size: -1]
[max_depth: 3]
[min_data_in_leaf: 5]
[min_sum_hessian_in_leaf: 0.001]
[bagging_fraction: 0.7]
[pos_bagging_fraction: 1]
[neg_bagging_fraction: 1]
[bagging_freq: 5]
[bagging_seed: 400]
[bagging_by_query: 0]
[feature_fraction: 0.6]
[feature_fraction_bynode: 1]
[feature_fraction_seed: 30056]
[extra_trees: 0]
[extra_seed: 12879]
[early_stopping_round: 0]
[early_stopping_min_delta: 0]
[first_metric_only: 0]
[max_delta_step: 0]
[lambda_l1: 1.5]
[lambda_l2: 1]
[linear_lambda: 0]
[min_gain_to_split: 0.1]
[drop_rate: 0.1]
[max_drop: 50]
[skip_drop: 0.5]
[xgboost_dart_mode: 0]
[uniform_drop: 0]
[drop_seed: 17869]
[top_rate: 0.2]
[other_rate: 0.1]
[min_data_per_group: 100]
[max_cat_threshold: 32]
[cat_l2: 10]
[cat_smooth: 10]
[max_cat_to_onehot: 4]
[top_k: 20]
[monotone_constraints: ]
[monotone_constraints_method: basic]
[monotone_penalty: 0]
[feature_contri: ]
[forcedsplits_filename: ]
[refit_decay_rate: 0.9]
[cegb_tradeoff: 1]
[cegb_penalty_split: 0]
[cegb_penalty_feature_lazy: ]
[cegb_penalty_feature_coupled: ]
[path_smooth: 0]
[interaction_constraints: ]
[verbosity: -1]
[saved_feature_importance_type: 0]
[use_quantized_grad: 0]
[num_grad_quant_bins: 4]
[quant_train_renew_leaf: 0]
[stochastic_rounding: 1]
[linear_tree: 0]
[max_bin: 63]
[max_bin_by_feature: ]
[min_data_in_bin: 3]
[bin_construct_sample_cnt: 200000]
[data_random_seed: 175]
[is_enable_sparse: 1]
[enable_bundle: 1]
[use_missing: 1]
[zero_as_missing: 0]
[feature_pre_filter: 0]
[pre_partition: 0]
[two_round: 0]
[header: 0]
[label_column: ]
[weight_column: ]
[group_column: ]
[ignore_column: ]
[categorical_feature: ]
[forcedbins_filename: ]
[precise_float_parser: 0]
[parser_config_file: ]
[objective_seed: 16083]
[num_class: 1]
[is_unbalance: 0]
[scale_pos_weight: 1]
[sigmoid: 1]
[boost_from_average: 1]
[reg_sqrt: 0]
[alpha: 0.1]
[fair_c: 1]
[poisson_max_delta_step: 0.7]
[tweedie_variance_power: 1.5]
[lambdarank_truncation_level: 30]
[lambdarank_norm: 1]
[label_gain: ]
[lambdarank_position_bias_regularization: 0]
[eval_at: ]
[multi_error_top_k: 1]
[auc_mu_weights: ]
[num_machines: 1]
[local_listen_port: 12400]
[time_out: 120]
[machine_list_filename: ]
[machines: ]
[gpu_platform_id: -1]
[gpu_device_id: -1]
[gpu_use_dp: 0]
[num_gpu: 1]

end of parameters

pandas_categorical:[]
