tree
version=v4
num_class=1
num_tree_per_iteration=1
label_index=0
max_feature_idx=38
objective=quantile
feature_names=price_lag_1d return_1d return_3d return_7d return_14d return_30d return_60d price_std_7d price_std_14d price_std_30d price_std_60d price_zscore_30d vol_regime_60_30 trend_divergence_30_60 price_accel_7d price_log price_tier log_return_1d log_return_7d autocorr_1d autocorr_7d bb_pct_b bb_width rsi_14 macd_line macd_signal macd_histogram volume_missing volume_lag_1d volume_lag_7d volume_std_30d volume_mean_60d volume_log_change_1d volume_log_change_7d volume_zscore_30d volume_price_conf_7d volume_price_conf_1d rsi_missing macd_missing
feature_infos=[0.029999999329447746:449.08499145507812] [-99.944244384765625:500] [-99.944244384765625:500] [-99.634101867675781:500] [-99.634101867675781:500] [-99.529632568359375:500] [-99.696243286132812:500] [0:82.714279174804688] [0:60.404327392578125] [0:66.041351318359375] [0:83.876434326171875] [-4.9878606796264648:5.2946515083312988] [0.70178574323654175:3191.88232421875] [-299759592013824:2771.76318359375] [-599.63409423828125:597.15875244140625] [-3.5065579414367676:6.1072120666503906] [0:4] [-7.4919800758361816:7.4919800758361816] [-5.610569953918457:7.4919800758361816] [-49972.125:104660.375] [-49817.05078125:133939.390625] [-0.54071199893951416:1.5621322393417358] [0.0016972259618341923:17.690479278564453] [0:99.998138427734375] [-23.050159454345703:37.798225402832031] [-20.377595901489258:34.973644256591797] [-9.5351839065551758:14.867011070251465] none [1:378600] [1:372357] [0:87607.3984375] [1:297578] [-6.308098316192627:10.422162055969238] [-6.7117404937744141:9.4828834533691406] [-4.9106183052062988:5.2923283576965332] [-99.39617919921875:500] [-99.944244384765625:500] [0:1] [0:1]
tree_sizes=6660 6641 6709 6670 6768

Tree=0
num_leaves=63
num_cat=0
split_feature=0 1 2 7 15 31 2 1 1 34 7 2 34 1 30 3 11 34 11 11 22 1 2 1 22 11 11 34 7 30 34 19 24 31 7 11 22 31 15 5 7 14 26 26 24 34 1 34 0 14 11 3 26 0 30 34 37 34 31 32 7 14
split_gain=12142.4 672.341 226.71 212.372 206.662 153.339 138.079 95.5875 69.0467 66.0135 62.0639 61.8428 51.542 54.1219 48.6766 48.2119 47.7508 45.2834 34.2244 34.1567 29.4315 27.9754 27.4377 26.466 25.3947 24.8901 21.4983 20.4448 19.0611 17.7721 15.6162 15.3459 15.1542 14.5831 14.0992 13.8168 13.7281 13.6712 12.3636 12.307 12.1514 11.9093 11.4177 15.8892 11.3999 11.2672 10.3669 9.65675 9.55568 13.5011 9.30839 8.96267 8.277 7.89776 7.83607 7.64457 7.12636 6.89606 6.28023 6.19684 5.96706 5.74288
threshold=0.03024999983608723 3.7750099897384648 -1.0000000180025095e-35 1.0000000180025095e-35 -3.498293280601501 129.1055603027344 13.48544216156006 -3.6356294155120845 23.2382345199585 -0.27087041735649103 0.0062330721411854037 11.542535781860353 0.78077793121337902 -1.0000000180025095e-35 184.0856857299805 -1.0000000180025095e-35 -0.40094737708568567 0.96622970700263988 -0.27897474169731135 -0.25438576936721796 2.5542645454406743 -3.3113759756088252 -0.62975600361824025 -10.198993682861326 0.86368936300277721 -0.18257769942283628 0.089563962072134032 0.87061420083045971 0.0090917940251529234 123.43832778930665 -0.15104751288890836 -180.36164093017575 0.12603879719972613 40.658334732055671 0.047653511166572578 -0.18254468590021131 0.33486993610858923 282.34092712402349 -3.498293280601501 88.926731109619155 0.0030246997484937315 56.945711135864265 -0.09379506483674048 -0.022152272984385487 0.034944683313369758 0.55671110749244701 6.9770436286926278 -0.35341800749301905 0.091249998658895506 9.1019530296325701 -0.71793526411056507 16.162512779235843 0.0021500027505680923 0.67175000905990612 237.54492187500003 -0.90131881833076466 1.0000000180025095e-35 1.7208421230316164 135.60833740234378 -1.0932742357254026 0.0022160127991810445 56.945711135864265
decision_type=2 2 2 2 2 2 2 2 2 2 2 2 2 2 2 2 2 2 2 2 2 2 2 2 2 2 2 2 2 2 2 2 2 2 2 2 2 2 2 2 2 2 2 2 2 2 2 2 2 2 2 2 2 2 2 2 2 2 2 2 2 2
left_child=3 2 5 25 18 7 9 15 17 22 42 12 13 -6 21 23 33 37 50 31 51 28 44 -2 -17 58 38 -21 -7 39 -23 -12 -22 60 -18 55 -28 53 -9 47 -14 45 -11 -44 -3 -13 -37 -10 -31 -50 -4 -16 57 -8 -43 -24 -39 -19 -1 -36 -5 -41
right_child=1 6 4 16 11 14 8 26 29 10 19 41 40 -15 20 24 34 52 -20 27 32 30 35 -25 -26 -27 36 -29 -30 48 -32 -33 -34 -35 59 46 -38 56 -40 61 -42 54 43 -45 -46 -47 -48 -49 49 -51 -52 -53 -54 -55 -56 -57 -58 -59 -60 -61 -62 -63
leaf_value=0 0.26813007777914416 -0.048306161706316693 0.12736178512316848 0 0 0.074918699006786604 -0.30840970568311427 0 -0.9143923071856711 0.053451706070406918 0.34575930230272112 -0.12194214128233682 0 -0.01810831064863903 0 0.063411207750660989 0 -0.23027466683354733 0 -0.068801695155292705 -0.29463263880769947 0 -0.11405532860140088 0.081875432642777954 -0.042409717204365489 0 0.0040346924689080429 0.011902970763816271 0 -0.91460350747795804 0.0048182264003477993 0.031577303376518005 -0.37354095574221563 0 0 -0.10712673915175268 -0.059700838199864124 -0.13040456383621812 0.027098253365251932 -0.77209330740954119 0.024553862234281527 -0.29765277256394829 -0.17323030459027786 -0.074918699006786604 -0.26887488071664734 -0.003654167492089932 -0.22475609246554731 -0.63642299240224887 1.4571052109333278 -0.56686895211800414 0 -0.20422846758347035 0.068128147704300646 -0.22554988696613626 -0.6393888519830484 -0.070756547796739427 0.36389081984312421 0 0 0 0 -3.2259991390316021
leaf_weight=3827.5343260765076 4850.9076687693596 3286.8856809735298 184.88239735364914 491.94545787572861 23080.309704899788 4493.0853548645973 3545.4612082839012 150.96494156122208 815.47281986474991 28.929553985595703 474.24718356132507 4124.6225735545158 2700.4836712479591 30701.194210529327 6908.215270280838 3289.7659236192703 6318.0221438407898 290.81392681598663 1577.6731682419777 4630.036335170269 488.70148664712906 11115.481882989407 630.30734300613403 9104.5274521708488 1337.4696307182312 80115.838374376297 4643.1509391069412 2245.2781296372414 3886.4912415146828 250.20930242538452 10382.829339027405 2220.6722783446312 62.004840135574341 1492.4391905069351 93.213659763336182 3770.8494644165039 2062.1301710605621 730.23807990550995 20031.552692532539 143.18846350908279 8691.0101885795593 651.22059124708176 192.86369323730469 6390.7765941023827 257.74296975135803 994.79703521728516 2842.8681873083115 1000.7432917952538 75.104039669036865 192.0279832482338 710.18247449398041 364.22054094076157 550.30757862329483 932.98952692747116 213.00532871484756 1657.3013625144958 41.486442685127258 380.19958674907684 4076.8702511191368 2029.8813931941986 647.42017430067062 1345.2610500454903
leaf_count=3343 3526 2564 151 477 22244 4694 2718 98 476 3 223 3406 2544 31782 7458 3242 4592 251 554 4238 130 12936 634 8427 450 94151 5869 2150 3658 134 11629 2200 17 1263 10 3639 2013 689 19407 73 8933 353 20 5921 179 905 2450 648 29 122 552 301 600 871 100 1325 17 311 2091 216 446 326
internal_value=-0.00710176 -0.0015841 -0.000468096 -0.0179995 -0.00201238 0.000898558 -0.00607893 0.00239264 -0.0098776 -0.00471164 -0.00309812 -0.00163436 -0.00129226 -0.00178703 -0.000902422 0.00450041 -0.0129997 -0.00745902 -0.0128724 -0.00112621 -0.00358565 -0.000198525 -0.00680632 0.00562172 0.00111014 -0.0186279 0.000934443 -0.00255802 0.00167247 -0.0139613 -0.000929598 0.00251228 -0.0121205 -0.00846798 -0.0144075 -0.00794272 -0.000936357 -0.00900116 0.00155788 -0.0150035 0.0010403 -0.00535372 -0.00594595 -0.00605602 -0.0039411 -0.00463794 -0.00883722 -0.0128064 -0.00722198 -0.00201783 -0.00682507 -0.0029333 -0.000797479 -0.00981716 -0.00954447 -0.00533855 -0.00421299 -0.00366871 -0.0165375 -0.0171732 -0.00514573 -0.0176535
internal_weight=294816 195723 156801 99093.2 73629.4 83171.5 38922.3 45470.5 10293.5 28628.8 16182.8 71156.6 65173 53781.5 37701 18582.7 11072.9 6471.5 2472.74 9570.23 7823.14 29877.9 12446 13955.4 4627.24 88020.2 26887.8 6875.31 8379.58 3822.01 21498.3 2694.92 550.706 2631.8 8441.12 8901.33 6705.28 5250.18 20182.5 3304.67 11391.5 5983.65 6612.57 6583.64 3544.63 5119.42 6613.72 1816.22 517.341 267.132 895.065 7272.44 1221.32 4478.45 864.226 2287.61 771.725 671.014 7904.4 2123.1 1139.37 1488.45
internal_count=294779 188190 155379 106589 71524 83855 32811 43032 7265 25546 14755 70267 65503 54026 40823 15645 7004 5457 1257 8811 7906 32917 10791 11953 3692 99585 27387 6388 8352 1808 24565 2423 147 2186 4818 8048 7882 4295 19505 1523 11477 4764 5944 5941 2743 4311 6089 1124 285 151 703 7759 1162 3589 453 1959 706 562 5434 226 923 399
is_linear=0
shrinkage=0.0382085


Tree=1
num_leaves=63
num_cat=0
split_feature=0 1 8 15 2 11 31 1 2 1 3 11 11 8 10 2 11 28 33 28 23 4 28 2 30 28 12 2 8 32 10 35 12 1 4 11 1 23 11 0 23 11 1 30 4 1 12 8 2 23 11 1 10 28 32 22 1 9 23 4 31 12
split_gain=13031.7 529.098 179.819 178.822 169.083 136.24 150.986 116.163 106.686 73.9804 65.1464 59.6472 54.6634 40.6276 38.19 35.5666 34.2244 31.9822 25.7427 23.6362 22.6111 22.4124 22.1097 20.6317 19.9713 18.7851 18.5089 18.066 17.5521 18.4203 17.1048 14.4046 13.2617 11.8817 11.3101 11.1955 11.101 10.5867 9.84116 10.0296 9.54179 9.30839 8.92428 8.66917 8.43144 8.8803 8.2804 7.78244 8.98627 17.8048 7.62075 7.40085 7.29533 11.7781 7.13647 6.85007 6.81911 6.67766 6.22997 5.84035 5.07047 4.51402
threshold=0.03024999983608723 3.7750099897384648 1.0000000180025095e-35 -3.498293280601501 13.48544216156006 -0.18257769942283628 214.091667175293 -3.3113759756088252 -1.0000000180025095e-35 23.2382345199585 45.185478210449226 -0.22951653599739072 -0.40094737708568567 0.35711947083473211 0.02091876603662968 7.9550316333770761 -0.27897474169731135 133.50000000000003 -1.0000000180025095e-35 36.500000000000007 26.089925765991214 -2.3291430473327632 119.50000000000001 -0.62975600361824025 60.693204879760749 292.50000000000006 1.3824669718742373 0.60636702179908764 0.0065593235194683084 -0.53277200460433949 0.0057125592138618239 19.725484848022464 0.70710679888725292 8.0890612602233904 -4.9994792938232413 -0.18257769942283628 6.9770436286926278 78.777839660644545 0.38096617162227636 0.81224998831748974 38.667209625244148 -0.71793526411056507 -3.3113759756088252 333.72451782226568 6.4517722129821786 11.384126186370851 0.73783251643180858 0.27225352823734289 -1.4921990036964414 13.643257617950441 -0.25438576936721796 9.4791135787963885 0.0068346490152180204 61.500000000000007 0.046640858054161079 2.5542645454406743 1.530751705169678 0.47879944741725927 48.158960342407234 -13.330248355865477 38.587963104248054 0.70710679888725292
decision_type=2 2 2 2 2 2 2 2 2 2 2 2 2 2 2 2 2 2 2 2 2 2 2 2 2 2 2 2 2 2 2 2 2 2 2 2 2 2 2 2 2 2 2 2 2 2 2 2 2 2 2 2 2 2 2 2 2 2 2 2 2 2
left_child=2 3 35 8 11 6 7 14 42 25 15 27 19 20 -5 18 41 23 -7 30 -8 -15 -17 40 37 31 -9 44 36 -30 -4 46 -14 -25 -12 -1 -19 50 -26 -40 -13 60 52 -36 45 -3 -6 48 49 -34 -11 59 -2 -54 -33 61 -50 -53 -44 -29 -10 -27
right_child=1 4 12 5 9 10 13 26 16 24 34 17 32 21 -16 22 -18 28 -20 -21 -22 -23 -24 33 38 55 -28 51 29 -31 -32 54 47 -35 43 -37 -38 -39 39 -41 -42 -43 58 -45 -46 -47 -48 -49 56 -51 -52 57 53 -55 -56 -57 -58 -59 -60 -61 -62 -63
leaf_value=0 0 0.0018457077402145826 0 0.16016666619415182 -0.29782263794763864 -0.0062764046385610922 -0.032288904008413749 0.022833094102838444 0.2498572628373871 -0.052325277964975679 0.27071547365451959 0.22312213917576643 0 -0.00018438073751771982 0.068555290741266595 -0.10379330834648329 0 -0.063014252038091897 0.00069189204742865621 0 0 -0.37696068032210261 -0.01608481070352109 -0.087039908610362884 -0.15701751738836869 0.077976604252098042 0 0.0028625338416310327 -0.10969744142145556 0.0028625338416310327 0 -0.22513135475555351 0.19104267312994025 -0.20073970149640907 -0.30201499082242289 0 -0.13292549424261849 -3.1034648783953132 -1.1246168976179232 0.03479062226473903 -0.076972302486257985 0 0.12717768774413649 -0.57079401939852414 -0.20055541549145869 0.22119723869770197 -0.27124230770647434 0 0 0 -0.84078216934242667 -0.17758752274161679 0.12493893568062116 0 -0.019143568625739675 -0.5017934973427709 -0.29391181042121572 0.19819715171443242 0 -0.046917971297733084 -0.0048663074089498517 -0.046650590939661667
leaf_weight=3789.930072426796 368.12319666147232 3059.3333086967468 871.68314737081528 6819.785246193409 443.431960105896 35147.036210417747 5124.8630590438843 22468.898719072342 78.979927003383636 66.221715569496155 39.454537272453308 126.35903429985046 3716.5382670164108 493.96904075145721 15116.931534707546 4673.2680683135986 1577.6731682419777 2054.251411318779 27994.28149086237 2046.2850816249847 17171.7530143857 727.60880649089813 2857.4648172259331 6929.9255793094635 165.5110912322998 19.286369323730469 12777.415637075901 723.39600646495819 474.35620075464249 2980.5751810073853 664.9881854057312 502.35079538822174 28.929553985595703 4054.8863228559494 1201.8582684993744 78014.365014016628 1160.6813669204712 1046.8491987586021 791.20484536886215 92.011437892913818 3210.3953098058701 710.18247449398041 90.914002358913422 507.55092394351959 200.86337643861771 828.997349858284 3812.1817601323128 943.2091703414917 5807.9654143452644 1324.6483654975891 1660.2086617350578 678.04701000452042 346.59031641483307 257.48060446977615 587.71870428323746 90.986452221870422 1884.6226990222931 57.465436995029449 142.89518576860428 2089.2258812785149 105.9024703502655 1015.540308535099
leaf_count=2697 372 2879 906 6959 77 35748 5441 20028 55 33 15 39 1699 272 10648 4200 554 2240 30737 1836 19639 180 2915 6181 59 2 15554 705 355 2823 424 433 3 3364 789 92997 1099 295 410 48 2340 552 76 231 149 477 3347 98 3725 848 963 586 137 89 532 23 1356 40 92 2269 96 1043
internal_value=-0.00670976 -0.000993636 -0.0179995 -3.62221e-06 -0.00498094 0.000196145 0.00127601 0.00233612 -0.00832793 -0.00918294 -0.00100665 -0.00346864 -0.0144482 -0.00129997 0.00451946 -0.000825751 -0.0128724 -0.00452085 -0.000528998 -0.0102122 -0.000926224 -0.00808724 -0.0033086 -0.00554058 -0.0134079 -0.00668096 0.00097612 -0.000571482 -0.00232532 -0.000422168 -0.00657675 -0.00762847 -0.0155524 -0.00634281 -0.00829285 -0.0187495 -0.00435827 -0.0151268 -0.00882102 -0.0104231 -0.00288758 -0.00682507 0.000959594 -0.00877326 0.00115304 0.00155558 -0.008639 -0.0148 -0.0144327 -0.0114283 -0.0131982 -0.00256963 0.00259876 0.00519589 -0.00364618 -0.0021466 -0.0149556 -0.00600089 -0.00568411 -0.00165785 0.000619474 -0.0012189
internal_weight=294816 195723 99093.2 156801 38922.3 153122 80701.2 57183 3678.74 10293.5 72420.9 28628.8 17288.9 23518.2 21936.7 70672.1 2472.74 20991.4 63141.3 3582.96 22296.6 1221.58 7530.73 14321.6 3822.01 6471.5 35246.3 7637.33 6669.86 3454.93 1536.67 5345.68 13705.9 10984.8 1748.86 81804.3 3214.93 2773.28 1048.73 883.216 3336.75 895.065 1206 1709.41 4089.19 3888.33 4255.61 9989.38 9046.17 1353.58 1726.43 3548.13 972.194 604.071 1090.07 1125.81 7692.59 735.512 233.809 2812.62 184.882 1034.83
internal_count=294779 188190 106589 155379 32811 153356 78721 53189 2023 7265 74635 25546 10895 25532 17607 73600 1257 18441 66485 3166 25080 452 7115 11924 1808 5457 35582 7105 6517 3178 1330 4389 7729 9545 1035 95694 3339 1291 517 458 2379 703 766 1020 3505 3356 3424 6030 5932 851 996 3600 598 226 965 1068 5081 626 168 2974 151 1045
is_linear=0
shrinkage=0.0382085


Tree=2
num_leaves=63
num_cat=0
split_feature=0 1 15 8 2 1 18 2 34 23 21 1 34 11 34 2 21 11 28 31 2 15 28 1 2 14 35 9 22 8 30 31 24 11 9 33 21 34 11 1 21 30 11 18 31 26 30 22 2 1 2 34 31 5 28 34 22 28 20 14 28 30
split_gain=13251 535.408 210.408 196.602 160.92 139.04 107.988 83.5671 82.0403 75.6483 77.4492 75.6159 70.3273 49.6785 44.3157 38.6136 36.9845 34.2244 25.2647 24.3304 23.934 25.5111 23.6362 22.3368 23.6931 21.9062 20.396 20.3342 19.9786 19.3597 18.43 17.2759 16.8161 16.4152 14.5373 13.8623 11.5134 11.5068 11.1955 9.68559 9.67679 16.6115 9.11982 8.32135 8.27851 8.264 8.01359 7.94256 7.84299 7.84113 7.78623 14.0744 7.73761 7.59097 7.08409 6.95309 6.9502 6.15065 6.02368 5.87936 5.75124 5.64929
threshold=0.03024999983608723 3.7750099897384648 -3.498293280601501 1.0000000180025095e-35 13.48544216156006 -2.00993800163269 0.17241166532039645 -1.0000000180025095e-35 -0.15104751288890836 23.109794616699222 0.44409851729869848 23.2382345199585 -0.15104751288890836 -0.40094737708568567 1.3463041782379153 -1.2723995447158811 0.43734486401081091 -0.27897474169731135 222.50000000000003 340.55833435058599 11.542535781860353 -2.101689219474792 36.500000000000007 1.530751705169678 34.055976867675788 56.945711135864265 53.821811676025398 0.17438976466655734 0.7559441626071931 0.0050653014332056054 49.332628250122077 282.34092712402349 0.0011191767407581212 -0.20251636952161786 0.006199972005560995 0.60624003410339367 0.28127859532833105 -0.35341800749301905 -0.18257769942283628 6.9770436286926278 0.30836795270442968 416.21464538574224 -0.18257769942283628 0.027030318044126037 86.484088897705092 0.0030940531287342314 333.72451782226568 2.5542645454406743 -1.0000000180025095e-35 2.0621213912963872 -24.041337966918942 0.62674695253372203 86.484088897705092 -23.067873001098629 1234.5000000000002 -0.21519058942794797 1.397558391094208 316.50000000000006 48.81248855590821 -21.316356658935543 9.5000000000000018 15.998095989227297
decision_type=2 2 2 2 2 2 2 2 2 2 2 2 2 2 2 2 2 2 2 2 2 2 2 2 2 2 2 2 2 2 2 2 2 2 2 2 2 2 2 2 2 2 2 2 2 2 2 2 2 2 2 2 2 2 2 2 2 2 2 2 2 2
left_child=3 2 7 38 12 6 9 40 20 19 -11 14 15 22 31 32 50 36 29 -4 21 -7 34 42 43 30 49 -20 -8 -18 55 56 -3 47 -5 -27 -9 -32 -1 -35 44 59 48 52 -2 -34 -30 -17 58 -10 51 -14 -25 -16 -45 -13 -6 -22 -15 -42 -50 -28
right_child=1 4 5 13 11 8 28 17 26 10 -12 25 16 23 53 33 18 -19 27 -21 57 -23 -24 24 -26 35 61 -29 46 -31 37 -33 45 39 -36 -37 -38 -39 -40 -41 41 -43 -44 54 -46 -47 -48 -49 60 -51 -52 -53 -54 -55 -56 -57 -58 -59 -60 -61 -62 -63
leaf_value=0 0.50631880004035368 -0.0095346912943978582 -0.0026193973249849603 0 -0.23791043867075171 8.5652541139918763e-05 -0.013015781476144505 0.24031058250348902 0.0080558273591528236 0.06898812068911965 0.00081479092542067436 -0.80105543225119624 1.127752891267841 0 -0.45337990653618293 -0.082629371310630292 -0.10784202024410074 0 -0.012120000883400298 -0.14256185502165866 -0.16779622202281916 -0.020800256018570912 0 -0.11237804623277366 -3.2030095679382917 -2.604489002450078 0.35194213355226356 0.32885047329543421 -0.23181114265235031 -0.046750603004858955 -0.55885834289040914 -0.095099934658420371 -0.11011900326085658 -0.096765478676782798 0 -0.98635761422462032 0 -0.0094513994903274549 0 -0.19740859101044511 -0.0028625338416310327 0.011257481918628784 0 -0.22757341267850537 0 -0.28910225970739445 -0.55958748343719511 0.026782363329497946 0 -2.643618251219899e-05 0.010525462744262777 -0.11275545335299168 0.011229940120951128 0.061297306900722347 0.22475609246554731 -0.56992758478164707 -0.42198473164170547 -0.020696309583287803 -0.15139043461605634 0 0 -0.40368933586001743
leaf_weight=3789.930072426796 323.99138331413269 2485.5973697900772 3283.5147007107735 1049.6371400356293 3930.2762382030487 12302.821718811989 1116.8774784207344 98.736777067184448 35531.452814340591 33905.21856957674 16977.364091336727 630.5133945941925 153.54105842113495 1182.9091998338699 41.257327318191528 2139.8720380067825 1942.8161566257477 1577.6731682419777 2218.0160271525383 1790.2010361552238 1575.809054851532 34491.820769965649 2046.2850816249847 320.48789829015732 775.866475045681 1539.3313303589821 29.196502506732941 231.80837386846542 1552.7975316643715 6666.2435609102249 193.29020017385483 830.35736632347107 962.95847105979919 4692.7289341688156 487.03419274091721 569.54248875379562 796.3280947804451 348.7165699005127 78014.365014016628 3369.6519966125488 103.1992449760437 80.527847588062286 3778.3885635137558 1451.9522226452827 194.94951593875885 251.8753564953804 466.88002890348434 262.35183417797089 861.32125264406204 9592.9839438796043 3184.6313354372978 66.666263282299042 181.96027910709381 843.229079246521 43.52916955947876 540.61296677589417 826.37633889913559 272.31603193283081 31.087045669555664 503.33531385660172 5078.4113638997078 232.88510119915009
leaf_count=2697 217 1859 2203 1071 3634 11073 1114 84 38758 30924 16640 370 43 619 22 2239 1769 554 2483 1390 1363 38300 1836 203 228 480 18 132 851 5797 103 772 756 4344 259 279 619 212 92997 2867 44 24 2139 1208 177 188 201 37 659 10143 3004 28 106 824 33 364 205 245 5 304 2529 133
internal_value=-0.00658111 -0.00081708 0.00017834 -0.0179654 -0.00482813 0.000395536 0.00184803 -0.00885057 -0.000516885 0.00223522 0.00267919 -0.00892748 -0.00335273 -0.0142531 -0.00639849 -0.00526735 -0.0014749 -0.0128724 -0.00254846 -0.00220943 -0.00160728 -0.00143773 -0.0102122 -0.0153063 -0.0121813 -0.0131982 0.000650903 0.000862406 -0.00504659 -0.00352351 -0.00992309 -0.00765757 -0.00189764 -0.00645513 -0.00657675 -0.0158377 -0.00682507 -0.00398902 -0.0187495 -0.00728603 -0.000570863 -0.00357119 -0.0160951 -0.00993296 0.00332754 -0.00558143 -0.00731655 -0.00364959 -0.0152489 0.000713472 0.00200068 0.00897628 -0.00552066 0.00151137 -0.0113875 -0.0126339 -0.00854865 -0.00587817 -0.0122924 -0.00578109 -0.0158457 -0.00995737
internal_weight=294816 195723 156801 99093.2 38922.3 153122 59092.9 3678.74 94029.3 55956.3 50882.6 10293.5 28628.8 17288.9 6471.5 14165 14463.7 2472.74 11058.9 5073.72 48642.8 46794.6 3582.96 13705.9 2773.8 3822.01 45386.5 2449.82 3136.56 8609.06 1713.13 5587.01 3700.43 10464.6 1536.67 2108.87 895.065 542.007 81804.3 8062.38 1206 687.062 10932.1 1997.93 518.941 1214.83 2019.68 2402.22 7153.73 45124.4 3404.84 220.207 502.448 884.486 1495.48 1171.13 4756.65 1848.13 1214 606.535 5939.73 262.082
internal_count=294779 188190 155379 106589 32811 153356 53323 2023 100033 51157 47564 7265 25546 10895 5457 12290 13256 1257 10181 3593 50981 49373 3166 7729 1778 1808 49052 2615 2166 7566 1049 4611 2803 9487 1330 759 703 315 95694 7211 766 372 5951 1550 394 944 1052 2276 3812 48901 3075 71 309 846 1241 734 3839 1608 624 348 3188 151
is_linear=0
shrinkage=0.0382085


Tree=3
num_leaves=63
num_cat=0
split_feature=0 2 8 2 15 14 31 21 34 31 34 36 2 29 21 21 4 10 10 4 28 8 15 36 4 28 28 21 4 21 5 8 8 21 21 9 36 22 28 10 34 22 15 10 14 10 14 31 32 28 26 29 26 34 26 31 21 28 26 33 28 2
split_gain=13248.8 510.559 208.835 199.99 232.198 98.3269 86.4205 70.0201 65.5981 52.9527 52.1789 46.3068 40.021 35.0466 43.3448 31.8723 30.2914 29.7182 27.1746 26.4316 24.4082 24.1886 24.7412 22.755 20.8424 19.681 19.6539 18.8902 17.3974 13.574 13.0996 12.6619 12.3748 11.6945 11.5165 11.4727 10.8234 15.1727 10.1421 9.99592 9.78946 9.68123 9.2471 8.4904 8.43948 8.38962 8.69283 8.54965 8.26613 8.13303 7.46209 7.31055 7.21231 6.48698 8.1592 7.23729 7.08001 6.47296 5.75167 13.0962 5.09922 4.99849
threshold=0.03024999983608723 11.542535781860353 1.0000000180025095e-35 -1.2723995447158811 -3.498293280601501 56.945711135864265 308.75833129882818 0.44409851729869848 -0.18436331301927564 42.908334732055671 0.87061420083045971 3.4096781015396123 -1.4921990036964414 125.50000000000001 0.51001912355422985 0.41878077387809759 59.953170776367195 0.01245527481660247 0.0068346490152180204 -1.09355753660202 292.50000000000006 0.011706577613949777 -3.498293280601501 -9.8749394416809064 19.674172401428226 197.50000000000003 186.50000000000003 0.44409851729869848 6.4517722129821786 1.2083246707916262 -9.0884938240051252 0.0016078427433967593 0.27225352823734289 0.28127859532833105 0.41878077387809759 0.063772484660148634 25.45875453948975 2.5542645454406743 24.500000000000004 1.0000000180025095e-35 0.70310631394386303 2.5542645454406743 -1.9859528541564939 0.064842835068702712 -18.802240371704098 0.32540808618068701 1.5142892003059389 789.46667480468761 0.38572400808334356 12.500000000000002 0.0021500027505680923 21.500000000000004 0.017825515009462837 0.70310631394386303 -0.01029358198866248 38.587963104248054 0.84614554047584545 343.50000000000006 -0.022152272984385487 -0.65535458922386158 9.5000000000000018 -11.645920753479002
decision_type=2 2 2 2 2 2 2 2 2 2 2 2 2 2 2 2 2 2 2 2 2 2 2 2 2 2 2 2 2 2 2 2 2 2 2 2 2 2 2 2 2 2 2 2 2 2 2 2 2 2 2 2 2 2 2 2 2 2 2 2 2 2
left_child=2 3 39 6 15 10 7 9 13 19 20 23 25 14 -6 33 53 -11 -8 -2 27 22 34 -10 44 31 -13 38 57 -29 -15 -4 35 -5 49 -33 37 50 -3 -1 -26 -18 43 -22 -9 47 -47 -20 -39 -14 -12 58 -41 55 -55 56 -7 -24 -23 -60 -35 -27
right_child=1 5 12 4 8 16 18 24 11 17 36 26 21 30 -16 -17 41 -19 45 -21 42 51 28 -25 40 61 -28 29 -30 -31 -32 32 -34 60 -36 -37 -38 48 -40 52 -42 -43 -44 -45 -46 46 -48 -49 -50 -51 -52 -53 -54 54 -56 -57 -58 -59 59 -61 -62 -63
leaf_value=0 0.12229224973863548 0.038865893364261384 0 0.23112866685308522 -0.016120981221208606 -0.080377752533260169 0.041739697352647993 -0.027457472438278101 -0.094903399103156497 0.078095649291095526 -0.084767232342210952 -0.064117103519385321 0 -0.032826640860872822 -0.06333336598119943 0 -0.98774062388977035 0.019573751846078652 -0.0028625338416310327 0.043621033362748453 -0.11186867080111124 0 -0.1033281571080875 0.0032162481085118277 -0.090523006378273485 0 0.0029825263438999984 -0.22988678341154792 -0.42958699777724091 -0.49478918735422861 -0.0026359351238232518 0 0 0 0 0.0042739660852061457 -0.36419667488852053 0.15472661308967506 -0.16431403101803321 0 0.032744159967742235 -3.0914249681904336 0.010398647654135491 -0.45550931126576433 0.0084321506308614024 -0.1618527446624711 0.043269994644061144 -0.036723319995576154 -0.079188022283535914 0 0.050146140258900587 0 0.6368089165062174 -0.11496068758125644 -0.19483540900776236 -0.42237752831009978 -0.69852259950674478 0.019925187153853757 0.016973430710748555 0 0 0
leaf_weight=68283.365980148315 9538.6908664107323 454.1254386305809 544.31190705299377 98.736777067184448 14415.487736225128 283.75571513175964 3000.468349635601 1784.3568536639214 1587.7077920436859 6582.4031757712364 1216.5104822516441 6335.7210928201675 714.59824246168137 4173.2287365198135 13858.741346120834 1603.5819872617722 1296.3861959576607 26661.375829458237 6607.4651145339012 2763.1732385754585 670.93839997053146 135.00458526611328 672.33054536581039 38668.707958459854 3060.9388951659203 539.37277907133102 2113.6975824832916 8123.1160197257996 1009.6298310160637 752.37199211120605 15879.252312302589 1342.6515820026398 115.71821594238281 230.72641879320145 3775.9143204092979 226.48750555515289 268.02123618125916 94.923341512680054 753.7667333483696 13508.157818377018 544.83378112316132 1219.4439016580582 826.12627708911896 120.91178560256958 12896.002829968929 895.27708476781845 210.58682823181152 3684.542340695858 94.086044788360596 2678.8951545357704 924.36630928516388 4881.9921029806137 12.771287918090819 30.989813923835754 224.8087460398674 476.50133919715881 156.59523910284042 114.22592031955719 53.008229732513428 243.94708371162415 539.69285696744919 240.78187918663025
leaf_count=84661 8498 280 547 84 10509 133 3679 1714 558 7723 1143 5832 634 4959 14591 591 817 23678 7412 2099 672 14 572 40855 2429 191 2376 6449 913 782 18203 985 12 171 3440 27 192 13 464 11028 400 173 748 30 13038 650 215 3979 11 2480 1025 733 5 9 171 314 110 93 9 59 411 186
internal_value=-0.00655815 -0.000794593 -0.0179415 -0.000173547 -0.00131016 -0.0069288 0.00127169 0.00187508 -0.00101506 0.00267696 -0.00548894 -2.46789e-05 -0.0141161 -0.0020124 -0.00287942 -0.0128724 -0.0124989 0.0018825 -0.00140065 0.00482058 -0.00657675 -0.0149659 -0.0137307 0.000514281 -0.000120092 -0.0100692 -0.0025969 -0.00727742 -0.00965334 -0.00788984 -0.000787944 -0.00820094 -0.00651613 -0.00689706 -0.0147462 -0.0055881 -0.000574231 0.000246998 -0.00274433 -0.0187495 -0.00272438 -0.0148782 -0.00218565 -0.00513988 0.000517039 -0.0022538 -0.00543445 -0.00190809 0.0106212 -0.0130663 -0.000653323 -0.0170412 -0.0177488 -0.00735755 -0.00178347 -0.00886923 -0.00517609 -0.00530538 -0.0119585 -0.00871529 -0.00850256 -0.01535
internal_weight=294816 195723 99093.2 177735 99505.3 17987.7 78230.1 63831.8 97032.5 45545.6 14299.3 48705.8 17288.9 48326.7 28274.2 2472.74 3688.48 33243.8 14398.3 12301.9 11701.4 14279.5 8965.59 40256.4 18286.1 3009.32 8449.42 10083.4 1796.19 8875.49 20052.5 2229.17 1684.86 869.156 7169.41 1569.14 2597.91 2329.89 1207.89 81804.3 3605.77 2515.83 1617.98 791.85 14680.4 11397.9 1105.86 10292 189.009 3393.49 2140.88 5313.95 13520.9 1172.65 255.799 916.852 440.351 786.556 431.96 296.955 770.419 780.155
internal_count=294779 188190 106589 174654 99140 13536 75514 59579 97883 41998 11809 49621 10895 48262 25100 1257 1727 31401 15935 10597 9425 8947 8132 41413 17581 1948 8208 7975 1578 7231 23162 1571 1024 666 6554 1012 2384 2192 744 95694 2829 990 1450 702 14752 12256 865 11391 24 3114 2168 815 11033 737 180 557 243 665 82 68 582 377
is_linear=0
shrinkage=0.0382085


Tree=4
num_leaves=63
num_cat=0
split_feature=15 1 7 3 1 11 34 4 38 1 34 11 11 1 7 1 37 31 31 19 11 1 3 1 11 1 3 30 30 28 8 11 38 30 33 31 19 32 34 4 11 28 30 15 34 23 7 28 34 3 8 34 30 25 28 31 25 19 8 31 23 11
split_gain=13158.5 698.446 341.965 202.111 131.248 116.014 94.9173 94.1106 79.8528 60.5018 57.7619 51.8079 49.9737 42.6354 36.2549 34.1847 28.254 28.9418 26.9152 26.8842 26.495 26.4268 26.2433 25.9272 24.8901 23.5905 21.8023 21.5829 20.8221 20.3762 20.0065 18.2121 16.213 15.714 15.0281 14.2978 14.2965 14.1771 12.8713 12.3176 12.2504 11.973 11.3143 11.1035 10.3956 10.1959 10.1771 9.99365 9.84492 9.78044 9.49783 8.71746 8.51265 8.18633 7.94042 7.5371 7.39372 6.37566 6.36632 6.28023 6.24344 6.03104
threshold=-3.498293280601501 3.7750099897384648 1.0000000180025095e-35 45.185478210449226 -1.6665523648262022 -0.43734528124332422 -0.18436331301927564 26.030408859252933 1.0000000180025095e-35 -5.8822724819183341 -0.35341800749301905 -0.25438576936721796 -0.18254468590021131 23.2382345199585 0.0062330721411854037 -1.0000000180025095e-35 1.0000000180025095e-35 45.175001144409187 264.49166870117193 2.502293705940247 -0.050738016143441193 6.9770436286926278 29.463113784790043 9.4791135787963885 -0.18257769942283628 1.0000000180025095e-35 45.185478210449226 237.54492187500003 72.193008422851577 292.50000000000006 0.021367789246141914 -0.18257769942283628 1.0000000180025095e-35 64.233142852783217 0.68388766050338756 82.383972167968764 3.5149121284484868 0.032804366201162345 0.37497001886367803 26.030408859252933 -0.75992262363433827 12.500000000000002 135.51982879638675 -1.2199331521987913 -0.95154687762260426 50.602659225463874 0.39725400507450109 316.50000000000006 -0.70221617817878712 5.556596279144288 0.35711947083473211 0.17032656818628314 14.199664115905763 0.071762565523386015 343.50000000000006 340.55833435058599 0.01172995660454035 -47.68537521362304 0.0061597884632647046 135.60833740234378 1.0000000180025095e-35 0.18660134077072146
decision_type=2 2 2 2 2 2 2 2 2 2 2 2 2 2 2 2 2 2 2 2 2 2 2 2 2 2 2 2 2 2 2 2 2 2 2 2 2 2 2 2 2 2 2 2 2 2 2 2 2 2 2 2 2 2 2 2 2 2 2 2 2 2
left_child=2 4 24 6 7 15 12 8 9 11 25 -2 44 38 23 40 26 -18 -11 31 32 48 45 28 59 43 51 30 -8 -22 -10 50 -16 -23 39 -21 49 -19 -5 42 52 58 -15 46 -3 -9 -6 -38 -14 -27 56 -12 -4 -24 -37 -29 -7 -46 -17 -1 -45 -36
right_child=1 3 5 13 10 19 14 22 27 18 16 -13 21 34 20 41 17 37 -20 35 29 33 53 -25 -26 36 -28 55 -30 -31 -32 -33 -34 -35 61 54 47 -39 -40 -41 -42 -43 -44 60 57 -47 -48 -49 -50 -51 -52 -53 -54 -55 -56 -57 -58 -59 -60 -61 -62 -63
leaf_value=0 0.13995240612945625 -0.10703776418403435 0.97688858449678606 -0.43377401819694444 0.00025026481219881692 0 -0.071108958828122765 -0.083613829214687518 0.076868453209185172 0.030754165255941254 -0.0002547867507277333 0.043173830551239314 -0.11648762805248954 -1.071057492918601 0.0031681175235027969 0 -1.2540094463594693 0.0011172761280616387 -0.0012327908132839067 0 -0.067303185320894562 -0.27563192329741776 -0.38206619579722367 -0.20823797889694354 0 -0.028451885952546295 -0.25717151416069484 0.41883244043975437 0.004138490935245074 0.04850447547475166 -0.087881467639090896 0 0.34108215635528105 -0.19095974032491281 -0.012792764603412101 0.10007161706646593 -0.082629812151027174 -0.056627282714771902 -0.024109651842757936 -2.5813377982127763 0 0 1.0183359244638694 -0.071723721643473931 -0.002344205256963966 -0.055157134853723033 0.0039400342171543182 -0.0096127434807968901 -0.069152730876071516 -0.0049925225816557974 0 0.0092403446381595523 0.0014031443105393452 -0.076169932802311199 0 -0.39602925603057337 0 -0.069512473000957545 0.12736178512316848 0 -0.01502594702705436 -1.0484573934266215
leaf_weight=3827.5343260765076 11435.946121513844 1181.0943512916565 149.64007276296616 717.34373444318771 8018.5910916924477 4608.0923389792442 3730.3091046214104 67.502292633056641 1121.8048582077026 27991.467931747437 19804.797493696213 7957.4245284795761 2716.3327358365059 136.94647055864334 3659.6185622215271 310.78401577472687 494.53092962503433 1292.0378122329712 8029.0627691149712 109.23442423343658 6043.532013297081 5266.1195138692856 1267.2935711145401 2267.6555915474892 80115.838374376297 13280.22048842907 422.02455002069473 107.89045310020447 1640.4604957103729 991.11675465106964 2765.7566288709641 2614.6374474167824 668.22705233097076 1837.0903354287148 45.739814043045044 72.987468004226685 3136.6039415597916 248.42821156978607 343.32223707437515 2192.1491321921349 642.19730943441391 1523.1597639322281 28.845217764377594 65.690168380737305 1420.8548083901405 2474.8029360771179 189.18152809143066 648.55870074033737 2953.1384901404381 3317.9821161031723 607.52063369750977 31297.840791225433 468.93020862340927 205.41383403539658 47.100283145904541 960.85411244630814 332.59170246124268 2726.1545350551605 203.18308854103088 4076.8702511191368 7200.6769765019417 737.5702713727951
leaf_count=3343 11038 1007 83 494 8086 2846 3166 7 477 28265 21378 5407 2604 58 2834 267 110 184 9545 56 6236 4294 770 1868 94151 14567 278 29 1789 1025 1067 1302 209 1354 7 17 3103 67 291 681 484 1359 9 12 946 1977 20 720 2845 3697 63 33948 408 149 19 289 35 2199 100 2091 8691 358
internal_value=-0.0065202 -0.00074936 -0.0178117 -0.00516083 0.000435104 -0.0116621 -0.00425971 0.00175059 0.00212772 0.00254366 -0.000511693 0.00426546 -0.00624102 -0.0131069 -0.00237013 -0.00556979 0.000282284 -0.00413107 0.00161554 -0.0140512 -0.000997274 -0.00753981 -0.00391014 -0.0044071 -0.0186279 -0.00169869 0.000457372 -0.0025147 -0.00294876 -0.00244631 -0.00118055 -0.014414 0.00134924 -0.00910129 -0.0153522 -0.00096682 -0.00255312 -0.00151943 -0.00641706 -0.0169051 -0.000591905 -0.00863093 -0.00646758 -0.000570687 -0.00311996 -0.0015398 0.000388556 -0.00468003 -0.00557609 -0.00206565 -0.0131418 0.000529536 0.0032091 -0.00797417 0.00793333 -0.00732911 -0.0125578 -0.00220457 -0.00347093 -0.0165375 -0.00165942 -0.0106213
internal_weight=294816 195106 99710.3 41303.6 153802 11690.1 37101.7 64385.2 60370.2 55413.9 89417.2 19393.4 18100.8 4201.92 19000.9 3297.89 53559.7 2035 36020.5 8392.16 11362.5 12772.7 4015.01 7638.43 88020.2 35857.5 51524.7 4956.31 5370.77 7034.65 3887.56 8162.84 4327.85 7103.21 3141.25 229.322 20383.4 1540.47 1060.67 2357.94 1260.77 2037.13 165.792 15474.1 5328.1 2542.31 8207.77 3785.16 5669.47 16598.2 5548.2 51102.6 618.57 1472.71 120.088 1068.74 4940.68 4147.01 513.967 7904.4 7266.37 783.31
internal_count=294779 188155 106624 34274 153881 7039 32376 59020 56117 54255 94861 16445 15249 1898 17127 2701 55965 361 37810 4338 10304 11097 2903 6823 99585 38896 55604 1862 4955 7261 1544 4246 3043 5648 1113 92 22087 251 785 748 975 1726 67 16809 4152 1984 8106 3823 5449 18264 2944 55326 491 919 36 318 2881 3145 367 5434 8703 365
is_linear=0
shrinkage=0.0382085


end of trees

feature_importances:
return_1d=30
price_zscore_30d=28
volume_zscore_30d=25
return_3d=21
volume_lag_1d=21
volume_mean_60d=19
volume_std_30d=14
price_std_14d=13
bb_pct_b=12
return_14d=10
price_log=10
price_std_7d=9
bb_width=9
price_std_60d=8
price_accel_7d=8
rsi_14=8
macd_histogram=8
price_lag_1d=7
return_7d=7
volume_log_change_1d=5
price_std_30d=4
vol_regime_60_30=4
autocorr_1d=4
volume_log_change_7d=4
return_30d=3
macd_line=3
volume_price_conf_1d=3
log_return_7d=2
macd_signal=2
volume_lag_7d=2
volume_price_conf_7d=2
rsi_missing=2
macd_missing=2
autocorr_7d=1

parameters:
[boosting: gbdt]
[objective: quantile]
[metric: quantile]
[tree_learner: serial]
[device_type: cpu]
[data_sample_strategy: bagging]
[data: ]
[valid: ]
[num_iterations: 1000]
[learning_rate: 0.0382085]
[num_leaves: 63]
[num_threads: -1]
[seed: 73]
[deterministic: 0]
[force_col_wise: 0]
[force_row_wise: 0]
[histogram_pool_size: -1]
[max_depth: 7]
[min_data_in_leaf: 10]
[min_sum_hessian_in_leaf: 0.001]
[bagging_fraction: 0.7]
[pos_bagging_fraction: 1]
[neg_bagging_fraction: 1]
[bagging_freq: 5]
[bagging_seed: 5921]
[bagging_by_query: 0]
[feature_fraction: 0.65]
[feature_fraction_bynode: 1]
[feature_fraction_seed: 22355]
[extra_trees: 0]
[extra_seed: 3536]
[early_stopping_round: 0]
[early_stopping_min_delta: 0]
[first_metric_only: 0]
[max_delta_step: 0]
[lambda_l1: 1]
[lambda_l2: 0.5]
[linear_lambda: 0]
[min_gain_to_split: 0.1]
[drop_rate: 0.1]
[max_drop: 50]
[skip_drop: 0.5]
[xgboost_dart_mode: 0]
[uniform_drop: 0]
[drop_seed: 14602]
[top_rate: 0.2]
[other_rate: 0.1]
[min_data_per_group: 100]
[max_cat_threshold: 32]
[cat_l2: 10]
[cat_smooth: 10]
[max_cat_to_onehot: 4]
[top_k: 20]
[monotone_constraints: ]
[monotone_constraints_method: basic]
[monotone_penalty: 0]
[feature_contri: ]
[forcedsplits_filename: ]
[refit_decay_rate: 0.9]
[cegb_tradeoff: 1]
[cegb_penalty_split: 0]
[cegb_penalty_feature_lazy: ]
[cegb_penalty_feature_coupled: ]
[path_smooth: 0]
[interaction_constraints: ]
[verbosity: -1]
[saved_feature_importance_type: 0]
[use_quantized_grad: 0]
[num_grad_quant_bins: 4]
[quant_train_renew_leaf: 0]
[stochastic_rounding: 1]
[linear_tree: 0]
[max_bin: 63]
[max_bin_by_feature: ]
[min_data_in_bin: 3]
[bin_construct_sample_cnt: 200000]
[data_random_seed: 277]
[is_enable_sparse: 1]
[enable_bundle: 1]
[use_missing: 1]
[zero_as_missing: 0]
[feature_pre_filter: 0]
[pre_partition: 0]
[two_round: 0]
[header: 0]
[label_column: ]
[weight_column: ]
[group_column: ]
[ignore_column: ]
[categorical_feature: ]
[forcedbins_filename: ]
[precise_float_parser: 0]
[parser_config_file: ]
[objective_seed: 8155]
[num_class: 1]
[is_unbalance: 0]
[scale_pos_weight: 1]
[sigmoid: 1]
[boost_from_average: 1]
[reg_sqrt: 0]
[alpha: 0.5]
[fair_c: 1]
[poisson_max_delta_step: 0.7]
[tweedie_variance_power: 1.5]
[lambdarank_truncation_level: 30]
[lambdarank_norm: 1]
[label_gain: ]
[lambdarank_position_bias_regularization: 0]
[eval_at: ]
[multi_error_top_k: 1]
[auc_mu_weights: ]
[num_machines: 1]
[local_listen_port: 12400]
[time_out: 120]
[machine_list_filename: ]
[machines: ]
[gpu_platform_id: -1]
[gpu_device_id: -1]
[gpu_use_dp: 0]
[num_gpu: 1]

end of parameters

pandas_categorical:[]
