tree
version=v4
num_class=1
num_tree_per_iteration=1
label_index=0
max_feature_idx=3
objective=quantile
feature_names=price_log price_lag_1d price_lag_3d price_std_7d
feature_infos=[-3.5065579414367676:5.9753527641296387] [0.029999999329447746:394.7659912109375] [0.029999999999999999:409.81] [0:80.011871337890625]
tree_sizes=3532 3836 3805 3943 4319 3984 4304

Tree=0
num_leaves=33
num_cat=0
split_feature=3 0 1 3 3 0 0 3 3 3 3 1 3 0 3 0 3 3 0 1 1 0 0 3 0 0 1 0 0 3 0 1
split_gain=1018.73 161.37 106.802 112.947 43.5705 37.4055 37.1367 55.8701 24.1014 23.08 14.4269 13.0993 12.5746 17.2426 15.0305 11.904 10.1493 9.39108 9.23642 7.90178 7.25665 5.55614 4.319 3.22894 1.97791 1.52585 1.33235 0.909682 0.794233 0.372151 0.379038 0.209489
threshold=1.0000000180025095e-35 -2.4859117269515987 0.03024999983608723 0.0041006675455719241 0.037276636809110648 -3.0108587741851802 -0.63629448413848866 0.0070249552372843036 1.7549102902412417 0.0019910491537302737 0.016225347295403484 0.068250000476837172 0.02272139769047499 1.2286166548728945 0.08049460127949716 -1.1736056208610532 0.0036539272405207161 0.27077753841876989 -2.0537757873535152 0.46725000441074377 0.074250001460313811 -3.1881225109100337 -2.8430203199386592 0.0011417136993259194 -3.0108587741851802 -2.9327684640884395 1.4242500066757204 -3.498293280601501 2.4610407352447514 1.7549102902412417 -2.8430203199386592 1.6365000009536745
decision_type=2 2 2 2 2 2 2 2 2 2 2 2 2 2 2 2 2 2 2 2 2 2 2 2 2 2 2 2 2 2 2 2
left_child=25 2 10 9 5 -5 7 16 15 21 23 -11 26 14 -14 -9 20 -15 -18 -10 -3 -4 -6 27 -25 -1 28 -2 -8 30 -12 -28
right_child=1 6 3 4 22 -7 12 8 19 11 29 -13 13 17 -16 -17 18 -19 -20 -21 -22 -23 -24 24 -26 -27 31 -29 -30 -31 -32 -33
leaf_value=9.8886444082865737 10.182629156453615 10.443166541714199 10.537140179394374 11.800564437566482 10.773476478610936 10.970789046146814 10.266988149743851 10.606514165166304 10.606843637902353 10.722925456633629 9.8886444082865737 10.472290623311023 10.371305936383354 10.243396973296008 10.57076589694752 10.469996909379168 10.498506401302166 10.375669001587296 10.366135586152808 10.86668703995762 10.316777567307646 10.370963147247501 10.446396384142957 10.623606268190462 8.6434280075980681 16.345809662745999 10.09639117319953 10.599897842802521 9.8372054782243783 9.8886444082865737 10.889635449977739 10.191895166082642
leaf_weight=87596.663146495819 2268.8848280310631 9.6471261978149396 4060.8816093802452 5561.9525660872459 2032.3522590994835 10732.030642688274 11208.875858306885 28286.445217490196 356.94366931915283 11203.933046281338 2241.7733442783356 4653.3109505772591 19944.096970975399 9164.3996387124062 10559.659460008144 16356.318572938442 8503.4483310580254 10216.865248382092 14962.191832959652 86.824135780334473 17859.635319828987 7013.6696110367775 1624.3802884817123 4934.8030831217766 119.29104107618332 36.193967938423157 328.63939678668976 627.11076980829239 132.92580080032349 125.41264057159424 32.804681777954102 738.23510026931763
leaf_count=99186 2006 1 3968 3580 263 7714 12874 23086 37 9625 325 3520 23664 11346 9647 17426 7526 10403 15859 9 18549 6885 230 3829 53 10 403 610 17 13 11 922
internal_value=10.3448 10.3465 10.3485 10.3494 10.3519 10.3529 10.3458 10.3464 10.3474 10.3476 10.3445 10.3486 10.3449 10.3453 10.3459 10.3473 10.3452 10.3442 10.3458 10.3576 10.3444 10.346 10.3476 10.3454 10.346 10.3409 10.3437 10.3442 10.3438 10.3415 10.3413 10.3422
internal_weight=293581 205948 57232.6 46882.5 19950.7 16294 148715 86421.5 45086.5 26931.8 10350.1 15857.2 62293.7 49885 30503.8 44642.8 41334.9 19381.3 23465.6 443.768 17869.3 11074.6 3656.73 7950.09 5054.09 87632.9 12408.7 2896 11341.8 2399.99 2274.58 1066.87
internal_count=293597 194401 42632 35785 11787 11294 151769 82493 40558 23998 6847 13145 69276 55060 33311 40512 41935 21749 23385 46 18550 10853 493 6498 3882 99196 14216 2616 12891 349 336 1325
is_linear=0
shrinkage=1


Tree=1
num_leaves=34
num_cat=0
split_feature=3 1 1 3 3 1 3 3 3 3 3 2 3 1 1 3 2 3 3 2 2 2 2 3 2 1 1 2 2 2 3 1 3
split_gain=970.207 104.351 92.4894 83.7971 34.0766 33.6411 59.1293 22.5584 15.5947 14.9049 12.7106 19.154 17.4824 10.9438 9.7959 9.76309 11.0906 9.18441 8.13951 6.02192 5.52102 5.47179 3.19491 2.54082 2.23451 1.93947 1.50954 1.46899 1.12432 1.05436 0.999232 0.901477 0.631932
threshold=1.0000000180025095e-35 0.085250001400709166 0.03024999983608723 0.00279561709612608 0.02076684590429068 0.55825001001358043 0.0070249552372843036 0.0046149343252182016 0.016225347295403484 1.7549102902412417 0.027570256963372234 3.8265000000000007 0.08049460127949716 0.46725000441074377 0.32224999368190771 0.0036539272405207161 0.11725000000000002 0.27077753841876989 0.001605421304702759 0.03425000000000001 0.039250000000000007 0.29125000000000006 0.039250000000000007 0.0019910491537302737 0.74625000000000008 0.81224998831748974 0.052249999716877944 2.7235000000000005 0.030250000000000003 0.030250000000000003 0.0085136448033154028 1.4242500066757204 0.047265209257602699
decision_type=2 2 2 2 2 2 2 2 2 2 2 2 2 2 2 2 2 2 2 2 2 2 2 2 2 2 2 2 2 2 2 2 2
left_child=26 2 8 18 7 6 15 -5 19 14 24 12 -12 -11 -8 23 -17 -13 22 28 -20 -6 -4 -3 25 -7 29 32 -2 -1 -21 -26 -10
right_child=1 5 3 4 21 10 9 -9 27 13 11 17 -14 -15 -16 16 -18 -19 20 30 -22 -23 -24 -25 31 -27 -28 -29 -30 -31 -32 -33 -34
leaf_value=-0.43606660580917012 -0.0080535281772073416 -0.087465369147868302 0.12330570994962441 0.40259750665037025 0.1502287622670192 -0.028593574977796646 0.25966189998859884 0.90801653461830056 -0.43606660580917012 0.44063272473743159 0.02479165362717917 -0.10270452973535281 0.24439290436108413 0.49884658231832413 0.13166336005677276 0.23117054838599227 0.017408760697556831 0.027841723924748506 0.40909777325741548 0.85445465511650531 0.14246043618936838 0.55698844587232932 -0.0011525155767522111 -0.0095217515949510018 -0.091994383307376013 0.39843039342048581 5.7363524266805914 0.73987238685899415 0.21243503820493051 -0.43606660580917012 0.30520147265716863 -0.1500312682612564 -0.43606660580917012
leaf_weight=86364.586805462837 5233.4053291082382 4190.8045052289963 2681.1521114706993 10200.201259195805 3752.32225471735 5214.6161805987358 29448.073319613934 13793.415086269379 685.77615571022034 405.17930030822754 17019.978964805603 7791.1108087301254 12115.720509529114 48.235630989074707 16242.136620521545 8490.8315143585205 16477.38319170475 9338.5828984379768 2174.6056281328201 945.40798276662827 9191.5985013246536 492.8157012462616 4747.3976946473122 12902.271284222603 6519.3103131055832 101.64914178848267 36.193967938423157 48.235630989074707 1510.519898712635 1232.0763410329819 260.75651144981384 1771.6777287125587 2152.5713837146759
leaf_count=99008 4358 4472 2627 8894 713 6197 24489 9498 165 42 20127 9780 10795 5 17484 5682 17721 10100 2083 702 8296 56 4660 13409 8112 13 10 5 1324 178 114 2239 239
internal_value=-3.98004e-05 0.00161383 0.00320164 0.00404784 0.00556634 0.000993285 0.00154089 0.00621068 -0.000471064 0.00263095 0.000186531 0.000534982 0.00122295 0.0105789 0.00255185 0.000345005 0.000900875 -0.000635183 0.00176615 0.000537007 0.002508 0.00192391 0.000630883 -0.000466972 -0.000998174 -0.000292393 -0.00392601 -0.00324667 2.3555e-05 -0.00392975 0.00340543 -0.00145064 -0.00337674
internal_weight=293581 205948 57870.2 47033.5 28238.8 148078 88204.9 23993.6 10836.7 46143.6 59872.6 46265.4 29135.7 453.415 45690.2 42061.3 24968.2 17129.7 18794.8 7950.09 11366.2 4245.14 7428.55 17093.1 13607.3 5316.27 87632.9 2886.58 6743.93 87596.7 1206.16 8290.99 2838.35
internal_count=293597 194401 43734 36827 19161 150667 83304 18392 6907 42020 67363 50802 30922 47 41973 41284 23403 19880 17666 6498 10379 769 7287 17881 16561 6210 99196 409 5682 99186 816 10351 404
is_linear=0
shrinkage=0.0440977


Tree=2
num_leaves=34
num_cat=0
split_feature=3 0 1 3 0 3 0 3 3 3 3 3 3 0 1 1 1 3 1 0 1 0 3 0 0 1 0 0 0 0 3 3 1
split_gain=928.977 124.709 83.4586 84.0945 30.2499 45.2795 28.011 21.4214 19.2818 16.9006 12.2475 11.8382 10.9313 16.2251 10.303 9.77153 7.21324 6.93405 6.55137 5.73274 5.60887 5.10546 2.96578 1.92396 1.50954 1.30646 0.909682 0.817338 0.528147 0.318986 0.378875 0.261744 0.191736
threshold=1.0000000180025095e-35 -2.4859117269515987 0.03024999983608723 0.0041006675455719241 -0.63629448413848866 0.0062033976428210744 -2.8430203199386592 1.7549102902412417 0.02076684590429068 0.0019910491537302737 0.016225347295403484 0.037276636809110648 0.02272139769047499 -1.0000000180025095e-35 0.068250000476837172 0.068250000476837172 0.81224998831748974 0.0019910491537302737 0.46725000441074377 -2.0537757873535152 0.185249999165535 -3.1881225109100337 0.0011417136993259194 -3.0108587741851802 -2.9327684640884395 1.4242500066757204 -3.498293280601501 2.4610407352447514 -0.93585610389709462 -2.8430203199386592 0.025012734346091751 0.017555184662342075 1.6365000009536745
decision_type=2 2 2 2 2 2 2 2 2 2 2 2 2 2 2 2 2 2 2 2 2 2 2 2 2 2 2 2 2 2 2 2 2
left_child=24 2 10 9 5 17 8 15 -5 21 22 -8 25 18 -11 -7 -15 28 -14 -19 -9 -4 26 -24 -1 27 -2 -6 -3 30 -12 -31 -27
right_child=1 4 3 6 12 7 11 20 -10 14 29 -13 13 16 -16 -17 -18 19 -20 -21 -22 -23 23 -25 -26 32 -28 -29 -30 31 -32 -33 -34
leaf_value=-0.41683706565677237 -0.15469077059801989 -0.088813433919635462 0.17839448488063803 1.1453350206663169 -0.071263731838760391 -0.81597018810643229 0.50511850858620666 0.77744175672184568 0.53242652908796839 0.34338427976878821 -0.54082997778330855 0.10533903920397257 -1.4232178287966739 -4.1890619340209234 0.11199697418789792 0.18561611436713621 0.0043128214383648146 0.067666779921891615 0.16210916962144453 -0.0049951243408278417 0.2898897988563876 0.022038025287324781 0.26684025890398888 -1.6260166685165878 5.4833924021162916 -0.2308649623191672 0.24417732086104046 -0.49543128924291729 0.37504507342339449 -1.8123599903638989 -0.41683706565677237 0.54001256008562204 -0.1395724771309701
leaf_weight=87596.663146495819 2268.8848280310631 4454.7981003522873 4060.8816093802452 7875.0674648880959 11208.875858306885 858.31794983148575 7962.4279107451439 144.70689296722412 2488.8400922417641 11203.933046281338 254.68888938426971 1624.3802884817123 384.85336422920227 737.93211561441422 4653.3109505772591 48276.884742438793 39454.890734136105 15048.877789318562 9307.34510409832 17332.552486538887 299.06091213226318 7013.6696110367775 4934.8030831217766 119.29104107618332 36.193967938423157 328.63939678668976 627.11076980829239 132.92580080032349 6.2553319931030265 11.230207443237303 2112.4970954656601 21.574474334716797 738.23510026931763
leaf_count=99186 2006 4723 3968 5359 12874 201 5785 15 413 9625 71 230 111 99 3520 44847 45206 14194 9644 18474 31 6885 3829 53 10 403 610 17 8 4 267 7 922
internal_value=-0.000123272 0.00149485 0.00324404 0.00403524 0.000821656 0.00135562 0.00620514 0.00222573 0.00779451 0.00242764 -0.0003399 0.00448631 8.08725e-05 0.00037222 0.00335078 0.00213847 -1.83328e-05 0.000184676 0.00199165 0.000409233 0.0118605 0.00110563 0.000493641 0.00113829 -0.00392601 -0.00109033 -0.0006314 -0.000951386 -0.00144504 -0.0031001 -0.00315999 0.0011874 -0.00256516
internal_weight=293581 205948 57232.6 46882.5 148715 86421.5 19950.7 49579 10363.9 26931.8 10350.1 9586.81 62293.7 49885 15857.2 49135.2 40192.8 36842.5 9692.2 32381.4 443.768 11074.6 7950.09 5054.09 87632.9 12408.7 2896 11341.8 4461.05 2399.99 2367.19 32.8047 1066.87
internal_count=293597 194401 42632 35785 151769 82493 11787 45094 5772 23998 6847 6015 69276 55060 13145 45048 45305 37399 9755 32668 46 10853 6498 3882 99196 14216 2616 12891 4731 349 338 11 1325
is_linear=0
shrinkage=0.0440977


Tree=3
num_leaves=35
num_cat=0
split_feature=3 0 2 3 0 3 0 3 0 2 3 0 3 3 0 3 3 3 0 0 2 0 2 3 0 0 0 2 3 0 0 2 3 3
split_gain=896.405 108.309 74.0314 74.9299 27.2566 41.6165 23.0873 20.438 19.8262 11.2372 10.9463 13.3345 10.4019 10.3666 15.9495 10.3629 8.31927 7.90912 7.41514 5.58201 5.39778 2.87453 2.3143 2.79502 1.83059 1.50954 1.28865 1.05436 0.998461 0.552198 1.32129 0.543731 0.310903 0.235194
threshold=1.0000000180025095e-35 -2.4859117269515987 0.030250000000000003 0.00279561709612608 -0.63629448413848866 0.0097110024653375166 -2.7606679201126094 1.7549102902412417 -3.498293280601501 0.087250000000000008 0.0036539272405207161 -2.1606539487838741 0.016225347295403484 0.027570256963372234 1.2286166548728945 0.08049460127949716 0.27077753841876989 0.001605421304702759 -3.1881225109100337 -1.1736056208610532 0.092250000000000013 -2.4275856018066402 0.90125000000000011 0.02076684590429068 -3.1881225109100337 -2.9327684640884395 -3.095567941665649 0.030250000000000003 0.00079428977915085863 -2.6138827800750728 -2.5478515624999996 1.4455000000000002 0.012838975060731174 0.025012734346091751
decision_type=2 2 2 2 2 2 2 2 2 2 2 2 2 2 2 2 2 2 2 2 2 2 2 2 2 2 2 2 2 2 2 2 2 2
left_child=25 2 12 17 5 10 8 9 -5 -7 21 -12 26 22 15 -15 -16 24 -19 -9 -8 -3 23 -6 -4 27 28 -1 -2 33 -31 -24 -28 -14
right_child=1 4 3 6 13 7 20 19 -10 -11 11 -13 29 14 16 -17 -18 18 -20 -21 -22 -23 31 -25 -26 -27 32 -29 -30 30 -32 -33 -34 -35
leaf_value=-0.39845550425245263 -0.00087687675244412769 0.093711054067920935 0.10226500984904816 0.66042004615621841 -0.067342962907248616 -0.20009007650744784 0.28817831461779564 0.39884820993822478 0.76434578772338146 0.22058545566524723 0.19491397781965134 0.035347627179851862 -0.39298770036518732 0.031340256988013342 -0.092757370887292176 0.2011732597506927 0.028063374695651788 0.39138341399260096 0.12103579520817818 0.4640651115305946 0.6959970545758537 -0.035044632946336619 -0.090282811988644879 0.056781595042697655 -0.0098054303394577262 5.2415873361856251 -0.71740880940647933 -0.39845550425245263 0.12401852848762231 -1.4046247439948685 -0.16058643952787868 -0.14309712195031365 -0.20561602463310522 -0.39845550425245263
leaf_weight=86364.586805462837 2220.3215487599373 1830.9316011667252 2956.1928042769432 2934.6323149800301 7856.9228136539459 2050.7763484120369 9528.2718712687492 385.88504791259766 15541.904983103275 31915.47238445282 7901.8071869015694 26240.34803467989 206.04868483543396 16865.715073883533 9133.9048954844475 10559.659460008144 10216.865248382092 2694.2893198132515 8217.5472659468651 57.882757186889648 794.72393822669983 16038.350844860077 3767.7749846577644 2181.2826380729675 4290.4916260838509 36.193967938423157 211.26060318946838 1232.0763410329819 5433.6857685446739 30.392950773239136 21.080772280693054 1711.572360098362 28.977908372879028 2122.7690018415451
leaf_count=99008 1995 1624 2905 1182 8567 753 6910 40 10192 28317 6768 28059 59 19918 11316 9647 10403 2591 7462 6 384 16926 4722 2535 4203 10 133 178 4329 9 8 2168 11 259
internal_value=-0.000190534 0.00139896 0.00302909 0.00377095 0.000771595 0.00127845 0.00516966 0.00246815 0.006103 0.00234509 0.000491329 0.000954135 -0.000361477 6.84177e-05 0.000396069 0.00108004 -0.000573318 0.00155242 0.00230237 0.0118605 0.00349869 -0.000392941 -0.000919216 -0.000521251 0.000423012 -0.00392601 0.000409059 -0.00392975 0.000509016 -0.00291606 0.00157642 -0.00164806 -0.00276448 -0.00301599
internal_weight=293581 205948 57232.6 46958.1 148715 86421.5 28799.5 34410 18476.5 33966.2 52011.4 34142.2 10274.5 62293.7 46776.1 27425.4 19350.8 18158.5 10911.8 443.768 10323 17869.3 15517.6 10038.2 7246.68 87632.9 7894.25 87596.7 7654.01 2380.29 51.4737 5479.35 240.239 2328.82
internal_count=293597 194401 42632 35829 151769 82493 18668 29116 11374 29070 53377 34827 6803 69276 51284 29565 21719 17161 10053 46 7294 18550 17992 11102 7108 99196 6468 99186 6324 335 17 6890 144 318
is_linear=0
shrinkage=0.0440977


Tree=4
num_leaves=39
num_cat=0
split_feature=1 0 2 0 2 0 2 1 1 1 2 0 1 2 0 0 1 1 0 0 0 0 1 0 2 2 1 2 0 0 0 0 1 1 2 0 2 2
split_gain=830.364 143.653 30.6282 25.1256 12.8201 28.838 17.1821 46.3992 16.3681 14.4877 8.1804 8.0417 7.47239 6.95654 6.74958 5.83053 3.55778 3.12225 12.6833 4.84447 3.33949 2.62576 2.47199 2.24669 2.10051 1.18076 1.13764 1.08049 1.15596 1.04166 1.03265 0.831665 0.754815 0.736765 0.64742 0.903703 0.637816 0.609349
threshold=0.03024999983608723 -2.4859117269515987 0.030250000000000003 -0.4841026365756988 0.030250000000000003 -3.1881225109100337 0.087250000000000008 0.043250000104308135 0.095249999314546599 0.085250001400709166 0.06925000000000002 -2.6138827800750728 0.068250000476837172 0.098250000000000018 -3.498293280601501 1.9169961214065554 0.090250000357627883 0.2152500003576279 -1.4773143529891966 -2.1606539487838741 -1.1736056208610532 -3.095567941665649 0.062249999493360526 -2.1606539487838741 0.092250000000000013 2.7235000000000005 0.55825001001358043 0.03425000000000001 -3.498293280601501 -3.2901258468627925 -3.1881225109100337 -3.0108587741851802 0.052249999716877944 5.5820000171661386 0.15225000000000002 -3.498293280601501 8.4840000000000018 0.063250000000000015
decision_type=2 2 2 2 2 2 2 2 2 2 2 2 2 2 2 2 2 2 2 2 2 2 2 2 2 2 2 2 2 2 2 2 2 2 2 2 2 2
left_child=2 4 14 17 12 6 7 -6 -8 11 27 -7 30 -11 -1 16 -5 22 19 -19 -20 -16 24 -24 -3 34 -18 28 -4 -30 -2 37 -32 -17 35 -12 -35 -29
right_child=1 3 10 15 5 9 8 -9 -10 13 25 -13 -14 -15 21 33 26 18 20 -21 -22 -23 23 -25 -26 -27 -28 31 29 -31 32 -33 -34 36 -36 -37 -38 -39
leaf_value=-0.38088452767251357 0.26555931680987754 -1.4412728638406622 -0.015109571416028575 -4.4117870767242122 0.56948599987881499 0.30904591135968379 -0.2067749794189869 2.0892340894523076 21.51039198698847 0.5832589382563379 -0.38088452767251357 0.11319221188481697 -0.48679954568546202 0.85335156809759483 -0.058605502206356172 -0.45404143120103962 -0.20613046672929247 0.32393464906793856 0.13288124961245359 0.31953823991856573 0.073021120192542185 -2.0932670452716402 0.10247768166406641 0.059703233844885163 0.92611513129317125 0.6965042540490578 0.024739089457187276 0.60883698365696137 0.68306749605079309 -0.52331758919977633 -0.56221835828235411 -2.2039400974956074 0.036237917568162928 -0.00088457713508882229 -0.42757851808985464 -7.0429325162735399 -0.078936232533726405 1.9368756795462845
leaf_weight=91663.208698868752 2539.7405895590782 367.73788321018219 1167.6945618987083 318.35516452789307 7022.5760937929153 26176.477810680866 1080.1481741666794 1057.1028882861137 72.653785824775696 1817.0446010828018 1327.3456859588623 6164.9032469391823 547.22890341281891 189.21868646144867 1475.4223763346672 271.26392596960068 1063.3986374735832 266.392493724823 12917.892840743065 3070.1786969900131 23802.15127658844 587.53188318014145 20553.541162312031 29907.833714544773 17.035807132720947 48.235630989074707 44219.601525962353 1199.4595956206322 381.31329905986786 87.517442226409912 227.92111569643021 34.709081053733826 49.268265247344971 1744.5242243409157 322.43653869628906 73.023532748222351 9734.4550662636757 14.055248975753782
leaf_count=102332 1969 89 1003 33 6281 20411 150 681 11 804 181 5165 74 100 1196 36 207 39 13255 2716 26293 125 17364 27962 7 5 50773 818 290 50 151 9 19 1633 36 13 11308 8
internal_value=-0.000252556 0.00141241 -0.00355598 0.000739234 0.00353831 0.00374078 0.00592881 0.00664732 0.00089161 0.00315249 -6.49456e-05 0.00292675 0.000915128 0.00678832 -0.0037294 1.64849e-05 0.000242188 0.00119522 0.00148641 0.00408921 0.0012498 -0.00123419 0.000965794 0.000992661 -0.00255114 -0.00242327 0.000274892 0.00138324 0.000637268 0.00248436 0.0018313 0.00235999 -0.000722186 -0.000859389 -0.00261447 -0.0022014 -0.000805531 0.00255346
internal_weight=293581 195199 98382 148254 46944.3 43580.1 9232.48 8079.68 1152.8 34347.6 4655.79 32341.4 3364.16 2006.26 93726.2 57351.6 45601.4 90902.8 40056.6 3336.57 36720 2062.95 50846.1 50461.4 384.774 1771.04 45283 2884.75 1636.53 468.831 2816.93 1248.22 277.189 11750.2 1722.81 1400.37 11479 1213.51
internal_count=293597 187531 106066 151715 35816 33603 7123 6962 161 26480 2413 25576 2213 904 103653 63990 51013 87725 42303 2755 39548 1321 45422 45326 96 235 50980 2178 1343 340 2139 835 170 12977 230 194 12941 826
is_linear=0
shrinkage=0.0440977


Tree=5
num_leaves=36
num_cat=0
split_feature=1 0 2 0 2 0 1 1 2 2 2 1 2 2 0 0 0 0 1 1 2 0 2 0 1 2 0 0 0 0 2 1 1 2 2
split_gain=814.596 132.6 26.716 25.3971 13.1154 14.6931 17.2142 14.8981 12.3095 10.5391 7.3524 6.46837 6.08124 5.12458 4.58276 3.91763 3.6354 3.46998 7.59833 2.79817 2.75217 2.72531 2.0356 1.55155 1.13572 0.882772 1.09601 0.851224 0.625317 0.473597 0.46978 0.855431 0.397032 0.247155 0.164029
threshold=0.03024999983608723 -2.5478515624999996 0.030250000000000003 -0.40609037876129145 0.030250000000000003 -3.095567941665649 0.60925000905990612 0.080249998718500151 0.087250000000000008 0.075250000000000025 0.053250000000000013 0.16025000065565112 4.4820000000000002 0.053250000000000013 -3.3888024091720577 1.9169961214065554 -3.498293280601501 -1.1736056208610532 0.26725000143051153 0.090250000357627883 11.929750000000002 -3.095567941665649 0.075250000000000025 -2.9327684640884395 0.1292499974370003 0.048250000000000008 -3.0108587741851802 -3.095567941665649 -3.3888024091720577 -3.0108587741851802 8.4840000000000018 50.056501388549812 23.264499664306644 0.14125000000000001 0.11725000000000002
decision_type=2 2 2 2 2 2 2 2 2 2 2 2 2 2 2 2 2 2 2 2 2 2 2 2 2 2 2 2 2 2 2 2 2 2 2
left_child=2 4 16 12 11 6 8 10 -6 25 -7 23 17 -9 33 19 -1 18 -3 -5 -21 -18 -19 24 -2 26 27 -4 -27 -30 31 -17 -32 34 -11
right_child=1 3 9 15 5 7 -8 13 -10 14 -12 -13 -14 -15 -16 30 21 22 -20 20 -22 -23 -24 -25 -26 28 -28 -29 29 -31 32 -33 -34 -35 -36
leaf_value=-0.36408839097978352 0.24532189448140565 0.091169398606453192 0.16106724253598287 -4.1637422074166857 0.64341871909843384 0.18532185442254928 20.561832888682687 -0.66447948754722819 0.10234368608626046 -0.36408839097978352 0.27674999307704118 -0.46533279889672929 2.2714570138342411 0.73185961713544168 0.24589674303627987 -0.037606420774930788 -0.19827183309328561 -4.0949828666759283 0.1789508960899496 0.014590362903292253 -0.29746356454675199 -2.0658555410400234 0.057053083897439412 -0.69930711833029802 8.34856541347507 0.12087875675607401 -1.8993331441894741 -0.20463536937982987 0.85670902362561141 3.6525447761380274 -0.092188532062573089 -0.29663017471360137 -0.053711366256207767 -0.4087232831959684 -0.41078238139712459
leaf_weight=91892.953625559807 2638.971114218235 63068.418164253235 2634.3824684023857 260.47240734100342 11227.333065152168 7498.6324070692062 28.941378593444824 191.17964732646942 1319.8659400939941 1394.4757939577103 17883.073101341724 410.96858501434326 67.52988338470459 1701.0175289511681 44.60807466506958 1949.3732331991196 1479.4694380760193 150.99812960624695 7454.7298583388329 42940.57510894537 32.111295461654663 612.24685806035995 26576.162544846535 83.549162030220032 24.901131629943848 179.18206810951233 71.280409812927246 23.572094321250916 43.516784429550171 23.911603569984436 4588.4940055012703 78.191647529602051 5227.4386789798737 359.27226281166077 40.648195385932922
leaf_count=102606 2086 57160 2028 27 9621 6011 3 36 186 188 13795 44 7 833 6 1689 1205 19 7049 48463 6 128 28952 35 5 80 20 12 21 6 5635 10 5766 40 7
internal_value=-0.000322504 0.00132746 -0.00358575 0.000717195 0.00348981 0.0037066 0.00495372 0.00313138 0.00487361 -0.000381891 0.00284976 0.000754198 0.00114545 0.00690556 -0.00300546 -3.9527e-05 -0.00374988 0.00113619 0.00129835 0.000155136 0.000182804 -0.00193064 0.000708264 0.00152636 0.00171247 0.00123988 0.00101071 0.00115602 0.00376178 0.00735614 -0.000750071 -0.000138905 -0.000876285 -0.00335467 -0.00309072
internal_weight=294202 195403 98799.5 152394 43008.4 39850 12576.1 27273.9 12547.2 4814.85 25381.7 3158.39 97317.8 1892.2 1839 55076.7 93984.7 97250.3 70523.1 43233.2 42972.7 2091.72 26727.2 2747.42 2663.87 2975.85 2729.23 2657.95 246.61 67.4284 11843.5 2027.56 9815.93 1794.4 1435.12
internal_count=293785 187438 106347 154783 32655 30485 9810 20675 9807 2408 19806 2170 93187 869 241 61596 103939 93180 64209 48496 48469 1333 28971 2126 2091 2167 2060 2040 107 27 13100 1699 11401 235 195
is_linear=0
shrinkage=0.0440977


Tree=6
num_leaves=39
num_cat=0
split_feature=1 0 2 0 2 2 0 2 2 2 1 1 2 2 1 0 1 1 0 1 0 2 1 0 0 0 0 1 1 2 2 0 0 0 0 2 2 2
split_gain=784.548 113.618 26.5686 24.2417 11.7932 10.4645 10.1671 16.1872 12.5657 30.8762 16.2967 8.58546 7.09185 6.55316 6.49112 6.00229 5.40031 5.20122 4.58276 4.24975 3.6354 3.40733 2.73657 2.72531 2.4682 2.05238 1.33934 1.20595 1.13895 1.05624 0.893359 1.08932 0.854758 0.625317 0.473597 0.461022 0.247155 0.164029
threshold=0.03024999983608723 -2.6138827800750728 0.030250000000000003 -0.93585610389709462 0.030250000000000003 0.075250000000000025 -3.095567941665649 0.075250000000000025 0.044250000000000005 0.087250000000000008 0.048250000923872001 0.068250000476837172 0.40425000000000005 0.048250000000000008 0.16025000065565112 -2.2706049680709834 3.7775000333786015 0.095249999314546599 -3.3888024091720577 0.090250000357627883 -3.498293280601501 3.8265000000000007 0.068250000476837172 -3.095567941665649 -2.4275856018066402 0.98637631535530101 -2.9327684640884395 5.5820000171661386 0.1292499974370003 0.092250000000000013 0.048250000000000008 -3.0108587741851802 -3.095567941665649 -3.3888024091720577 -3.0108587741851802 8.4840000000000018 0.14125000000000001 0.11725000000000002
decision_type=2 2 2 2 2 2 2 2 2 2 2 2 2 2 2 2 2 2 2 2 2 2 2 2 2 2 2 2 2 2 2 2 2 2 2 2 2 2
left_child=2 4 20 12 14 30 8 13 10 -10 -6 -9 22 -8 26 -14 19 -17 36 -5 -1 -21 29 -22 -24 27 28 -18 -2 -3 31 32 -4 -32 -35 -27 37 -7
right_child=1 3 5 16 6 18 7 11 9 -11 -12 -13 15 -15 -16 17 25 -19 -20 21 23 -23 24 -25 -26 35 -28 -29 -30 -31 33 -33 -34 34 -36 -37 -38 -39
leaf_value=-0.34803292550708115 0.23450375991813463 -0.28896083290571489 0.15396454545640625 -3.9592377112534778 0.32447915371293373 -0.34803292550708115 0.14353989937718048 0.23099298025053072 1.2360749099473667 0.10205159068335702 1.7878898665496654 0.78112962090292115 -0.24772012436026722 0.28300730989311945 -0.44481268655286377 2.1645112212522646 4.0701881324124516 0.38754245819277111 0.23505325896625862 0.026208427965550323 -0.1895284986467462 0.34021477676355799 0.13857169488556573 -1.9747560357207212 0.084230281346879474 -0.027113487317697953 -0.73879372423038581 -0.23423027450565562 7.9804127696021467 0.5673880268849768 0.11554827999943362 -1.8155768957805909 -0.19561141753470229 0.81893011474044097 3.4914759038705796 -0.066182630953373386 -0.39069952104419253 -0.39266781772326603
leaf_weight=91892.953625559807 2638.971114218235 948.89738178253174 2634.3824684023857 366.52735185623169 8185.117739200592 1394.4757939577103 3796.8747572302818 1076.6720134019852 2688.3839921951294 1329.5130662918091 373.12558615207672 1495.8002971410751 152.73024833202362 17302.992279589176 410.96858501434326 9.6471261978149396 42.695383191108704 1295.1210016608238 44.60807466506958 53476.255812227726 1479.4694380760193 329.36840552091599 10509.914129197598 612.24685806035995 70917.136465907097 8038.3578222990036 72.199566006660461 25.697481870651245 24.901131629943848 47.193965792655945 179.18206810951233 71.280409812927246 23.572094321250916 43.516784429550171 23.911603569984436 9847.8653149008751 359.27226281166077 40.648195385932922
leaf_count=102606 2086 468 2028 39 7442 188 2949 381 1990 187 191 905 19 13590 44 1 11 780 6 59476 1205 256 8398 128 67915 8831 31 4 5 21 80 20 12 21 6 11418 40 7
internal_value=-0.000383709 0.00123554 -0.0035862 0.000701184 0.00335155 -0.00039119 0.00357636 0.00303779 0.00458979 0.00662437 0.00363394 0.00633996 0.00121091 0.00263491 0.000761863 0.00425919 0.000108381 0.00522736 -0.00300546 0.000328054 -0.00374988 0.000360328 0.00115696 -0.00193064 0.00118506 -0.000554391 0.00153838 0.00701507 0.00169953 -0.00113954 0.00122484 0.000994307 0.00113918 0.00376178 0.00735614 -0.000583726 -0.00335467 -0.00309072
internal_weight=294202 195403 98799.5 156007 39395.5 4814.85 36248.5 23672.3 12576.1 4017.9 8558.24 2572.47 83880.6 21099.9 3147.04 1457.5 72126.8 1304.77 1839 54172.2 93984.7 53805.6 82423.1 2091.72 81427.1 17954.6 2736.07 68.3929 2663.87 996.091 2975.85 2729.23 2657.95 246.61 67.4284 17886.2 1794.4 1435.12
internal_count=293785 187438 106347 157637 29801 2408 27635 17825 9810 2177 7633 1286 77602 16539 2166 800 80035 781 241 59771 103939 59732 76802 1333 76313 20264 2122 15 2091 489 2167 2060 2040 107 27 20249 235 195
is_linear=0
shrinkage=0.0440977


end of trees

feature_importances:
price_log=82
price_std_7d=55
price_lag_3d=54
price_lag_1d=52

parameters:
[boosting: gbdt]
[objective: quantile]
[metric: quantile]
[tree_learner: serial]
[device_type: cpu]
[data_sample_strategy: bagging]
[data: ]
[valid: ]
[num_iterations: 1000]
[learning_rate: 0.0440977]
[num_leaves: 39]
[num_threads: -1]
[seed: 73]
[deterministic: 0]
[force_col_wise: 0]
[force_row_wise: 0]
[histogram_pool_size: -1]
[max_depth: 6]
[min_data_in_leaf: 5]
[min_sum_hessian_in_leaf: 0.001]
[bagging_fraction: 0.7]
[pos_bagging_fraction: 1]
[neg_bagging_fraction: 1]
[bagging_freq: 5]
[bagging_seed: 5921]
[bagging_by_query: 0]
[feature_fraction: 0.65]
[feature_fraction_bynode: 1]
[feature_fraction_seed: 22355]
[extra_trees: 0]
[extra_seed: 3536]
[early_stopping_round: 0]
[early_stopping_min_delta: 0]
[first_metric_only: 0]
[max_delta_step: 0]
[lambda_l1: 0]
[lambda_l2: 1]
[linear_lambda: 0]
[min_gain_to_split: 0.1]
[drop_rate: 0.1]
[max_drop: 50]
[skip_drop: 0.5]
[xgboost_dart_mode: 0]
[uniform_drop: 0]
[drop_seed: 14602]
[top_rate: 0.2]
[other_rate: 0.1]
[min_data_per_group: 100]
[max_cat_threshold: 32]
[cat_l2: 10]
[cat_smooth: 10]
[max_cat_to_onehot: 4]
[top_k: 20]
[monotone_constraints: ]
[monotone_constraints_method: basic]
[monotone_penalty: 0]
[feature_contri: ]
[forcedsplits_filename: ]
[refit_decay_rate: 0.9]
[cegb_tradeoff: 1]
[cegb_penalty_split: 0]
[cegb_penalty_feature_lazy: ]
[cegb_penalty_feature_coupled: ]
[path_smooth: 0]
[interaction_constraints: ]
[verbosity: -1]
[saved_feature_importance_type: 0]
[use_quantized_grad: 0]
[num_grad_quant_bins: 4]
[quant_train_renew_leaf: 0]
[stochastic_rounding: 1]
[linear_tree: 0]
[max_bin: 63]
[max_bin_by_feature: ]
[min_data_in_bin: 3]
[bin_construct_sample_cnt: 200000]
[data_random_seed: 277]
[is_enable_sparse: 1]
[enable_bundle: 1]
[use_missing: 1]
[zero_as_missing: 0]
[feature_pre_filter: 0]
[pre_partition: 0]
[two_round: 0]
[header: 0]
[label_column: ]
[weight_column: ]
[group_column: ]
[ignore_column: ]
[categorical_feature: ]
[forcedbins_filename: ]
[precise_float_parser: 0]
[parser_config_file: ]
[objective_seed: 8155]
[num_class: 1]
[is_unbalance: 0]
[scale_pos_weight: 1]
[sigmoid: 1]
[boost_from_average: 1]
[reg_sqrt: 0]
[alpha: 0.9]
[fair_c: 1]
[poisson_max_delta_step: 0.7]
[tweedie_variance_power: 1.5]
[lambdarank_truncation_level: 30]
[lambdarank_norm: 1]
[label_gain: ]
[lambdarank_position_bias_regularization: 0]
[eval_at: ]
[multi_error_top_k: 1]
[auc_mu_weights: ]
[num_machines: 1]
[local_listen_port: 12400]
[time_out: 120]
[machine_list_filename: ]
[machines: ]
[gpu_platform_id: -1]
[gpu_device_id: -1]
[gpu_use_dp: 0]
[num_gpu: 1]

end of parameters

pandas_categorical:[]
