tree
version=v4
num_class=1
num_tree_per_iteration=1
label_index=0
max_feature_idx=38
objective=quantile
feature_names=price_lag_1d return_1d return_3d return_7d return_14d return_30d return_60d price_std_7d price_std_14d price_std_30d price_std_60d price_zscore_30d vol_regime_60_30 trend_divergence_30_60 price_accel_7d price_log price_tier log_return_1d log_return_7d autocorr_1d autocorr_7d bb_pct_b bb_width rsi_14 macd_line macd_signal macd_histogram volume_missing volume_lag_1d volume_lag_7d volume_std_30d volume_mean_60d volume_log_change_1d volume_log_change_7d volume_zscore_30d volume_price_conf_7d volume_price_conf_1d rsi_missing macd_missing
feature_infos=[0.029999999329447746:449.08499145507812] [-99.944244384765625:500] [-99.944244384765625:500] [-99.634101867675781:500] [-99.634101867675781:500] [-99.529632568359375:500] [-99.696243286132812:500] [0:82.714279174804688] [0:60.404327392578125] [0:66.041351318359375] [0:83.876434326171875] [-4.9878606796264648:5.2946515083312988] [0.70178574323654175:3191.88232421875] [-299759592013824:2771.76318359375] [-599.63409423828125:597.15875244140625] [-3.5065579414367676:6.1072120666503906] [0:4] [-7.4919800758361816:7.4919800758361816] [-5.610569953918457:7.4919800758361816] [-49972.125:104660.375] [-49817.05078125:133939.390625] [-0.54071199893951416:1.5621322393417358] [0.0016972259618341923:17.690479278564453] [0:99.998138427734375] [-23.050159454345703:37.798225402832031] [-20.377595901489258:34.973644256591797] [-9.5351839065551758:14.867011070251465] none [1:378600] [1:372357] [0:87607.3984375] [1:297578] [-6.308098316192627:10.422162055969238] [-6.7117404937744141:9.4828834533691406] [-4.9106183052062988:5.2923283576965332] [-99.39617919921875:500] [-99.944244384765625:500] [0:1] [0:1]
tree_sizes=6606 6642 6714

Tree=0
num_leaves=63
num_cat=0
split_feature=15 1 7 1 18 4 21 34 21 31 34 18 1 23 15 1 23 21 1 21 1 1 7 1 37 31 30 19 34 21 25 23 25 33 24 10 31 14 9 15 19 34 34 30 26 21 26 18 10 7 1 4 31 30 25 9 24 7 14 34 34 14
split_gain=12037.1 822.011 321.029 228.572 175.029 129.781 123.11 115.286 91.9556 86.6134 73.0569 73.0287 51.921 40.4669 35.8825 35.803 37.9112 32.7446 30.122 29.3063 28.5244 25.1516 24.6936 24.6774 24.0591 25.7379 23.3428 18.8207 18.6825 18.5343 17.8597 17.7078 17.4095 16.4347 16.1684 16.054 16.0117 15.7093 14.8463 14.8405 14.4544 14.4435 13.6463 12.5383 12.3468 11.2767 10.3873 10.3025 10.2156 9.78556 9.39283 8.94911 8.34432 8.27934 8.99481 8.13325 8.02738 7.61984 7.58284 7.56158 7.50345 5.86333
threshold=-3.498293280601501 4.1540527343750009 1.0000000180025095e-35 -1.6665523648262022 0.37284190952777868 -1.0000000180025095e-35 0.36209079623222357 0.12433474510908128 0.42773342132568365 169.75833129882815 0.87061420083045971 0.20440611988306048 -6.5213146209716788 23.109794616699222 -1.6594171524047849 6.9770436286926278 36.585697174072273 0.41878077387809759 23.2382345199585 0.44409851729869848 -1.6665523648262022 2.0621213912963872 0.39725400507450109 9.4791135787963885 1.0000000180025095e-35 45.175001144409187 416.21464538574224 -81.629520416259751 -0.43530520796775812 0.43734486401081091 0.0095341037958860415 28.575837135314945 0.03394043259322644 0.68388766050338756 -0.021065676584839817 1.0000000180025095e-35 38.587963104248054 31.312847137451175 0.0049954575952142486 -3.3740954399108882 -12.69440698623657 -0.90131881833076466 -0.43530520796775812 416.21464538574224 -0.01029358198866248 0.30836795270442968 -0.01029358198866248 0.37284190952777868 0.019424174912273887 0.0032376135932281618 2.2472931146621709 17.424992561340336 90.52500152587892 904.69653320312511 -0.0012710685259662566 0.12949556112289431 -0.011031058616936205 0.080479662865400328 -1.2771227359771726 0.26788304746150976 1.0767267346382143 9.9071102142334002
decision_type=2 2 2 2 2 2 2 2 2 2 2 2 2 2 2 2 2 2 2 2 2 2 2 2 2 2 2 2 2 2 2 2 2 2 2 2 2 2 2 2 2 2 2 2 2 2 2 2 2 2 2 2 2 2 2 2 2 2 2 2 2 2
left_child=2 3 35 5 8 9 20 21 27 12 15 13 17 26 22 41 -17 -2 59 -15 45 24 30 38 28 -26 -7 -3 -5 43 -9 58 -25 61 -14 -1 -22 53 -12 -23 -41 -10 -29 46 51 52 -8 -13 -33 -44 -24 -16 -4 54 -31 -48 -49 -55 -11 -6 -46 -20
right_child=1 4 6 7 18 11 29 14 10 31 23 47 34 19 44 16 -18 -19 33 -21 36 39 50 32 25 -27 -28 42 -30 37 -32 48 -34 -35 -36 -37 -38 -39 -40 40 -42 -43 49 -45 60 -47 55 56 -50 -51 -52 -53 -54 57 -56 -57 -58 -59 -60 -61 -62 -63
leaf_value=0 0.20287717822989226 0.070756547796739427 0.38208536447913044 -0.016906432278293103 -0.49837220503230056 -0.10334159093804036 0 0 -0.12486449986291516 -0.047464020177573264 -0.075411584375384297 -0.11520162004018315 0.012431053445889722 0.063468608462738704 0.028644177219225762 0.059740956187240186 -0.23285888524488421 0.061626672130970631 -2.2369954778560412 0 0 -0.12325334426194126 0.12819422265287789 -0.18805095386484441 -1.2439902428863359 -0.047239405111451915 -0.48764788326925601 -0.09302947608638612 0 0 -0.066257577313071386 0.057891721338678849 0.074854179372043167 -1.1301116516815124 0.057642190491515359 0 0 -0.032145569862815387 0.019297239687090871 0 -0.043917857253148611 -0.069860898579366934 -0.061626672130970631 0 0.0043210105437802467 0 0 -0.020853286423103079 0 0 0.017728309475256665 0.17121275950979131 0 0 0 0 -0.46938982387645856 -18.849544653710183 0 -0.16559521714762074 0.022137042291383465 -2.7913382708778571
leaf_weight=68431.950884819031 7250.9291255474091 1729.7895084023476 456.76621431112289 25255.107299149036 660.01632529497147 1938.8614293932915 144.64776992797852 12244.998406946659 1689.510052382946 1514.4820910096169 604.16099542379379 1246.3852086663246 4104.1859810352325 6987.6132470965385 3664.0900099277496 539.43702882528305 12386.317789912224 2068.4174860715866 79.684570670127869 16958.987070858479 515.74516969919205 570.6495543718338 115.71821594238281 1976.3443182110786 497.30818849802017 1531.51771068573 441.37482917308807 1524.0883864164352 17476.577185451984 461.42963266372681 627.27363646030426 4184.0906186699867 224.7885370850563 763.02478742599487 11556.438138127327 19654.192505896091 925.261081635952 40.195337653160095 2623.4583393931389 2368.6253970861435 10491.02442741394 7663.4946095943451 544.66216933727264 623.29925727844238 12110.857755661011 387.61765223741531 3457.0205093026161 23.741103291511536 4415.9535145759583 2571.2562918663025 115.71821594238281 95.457074761390686 226.32607060670853 27.732145071029663 3959.3000130653381 318.22509384155273 1173.9099795818329 38.572738647460938 1334.6474307179451 356.44677931070328 5476.8494383096695 2267.4529970884323
leaf_count=84716 6497 1173 322 28053 464 451 15 11695 1600 1842 762 1011 3823 5381 4176 155 10002 819 25 16830 404 471 12 1653 92 220 98 1482 18702 81 156 5220 175 368 11263 14939 832 5 2381 2197 11183 7221 549 170 14144 272 2905 6 4223 2390 12 24 211 33 1729 33 653 4 1466 297 6553 725
internal_value=-0.00705255 -0.00155583 -0.017864 -0.000338367 -0.0065848 0.00139448 -0.0118738 -0.00155834 -0.00568279 0.00290956 -0.00663485 -0.000522568 0.0041709 6.25705e-05 0.000192382 -0.00760426 -0.00891287 0.00643221 -0.0140227 0.000536316 -0.00436469 -0.00259547 -0.00138015 -0.00264917 -0.00215848 -0.00623216 -0.00468666 -0.00153529 -0.0019641 -0.0139486 -0.00160532 0.000154149 -0.00576983 -0.0159027 0.00282264 -0.0186512 -0.00787467 -0.0157106 -0.000508583 -0.00404892 -0.00377631 -0.00579132 -0.00280659 -0.012183 0.00115946 0.000324986 -0.0113509 -0.00683996 0.00102218 -0.001341 0.0109554 0.00314988 0.00331137 -0.0159265 -0.0161288 -0.011737 -0.00939855 -0.00184331 -0.00245231 -0.00822778 0.000731735 -0.0175152
internal_weight=295714 196046 99668.3 157842 38203.9 65200 11582.1 92641.8 34077.3 36429.1 27707.5 28770.9 24980 26326.8 34451 22278.8 12925.8 9319.35 4126.63 23946.6 2511.72 58190.8 13103.7 5428.75 44760.5 2028.83 2380.24 6369.8 42731.7 9070.42 12872.3 11449.2 2201.13 3110.16 15660.6 88086.1 1441.01 4527.23 3227.62 13430.3 12859.6 9353 4640.01 4543.19 21347.3 1070.71 3919.89 2444.04 8600.04 3115.92 231.436 3759.55 683.092 4487.03 4420.73 3775.25 1197.65 66.3049 2849.13 1016.46 17587.7 2347.14
internal_count=295366 188695 106671 157273 31422 59583 7016 97690 29543 35153 23949 24430 22402 22760 36772 18978 10157 7316 1879 22211 2041 60918 11875 4971 47067 312 549 5594 46755 4975 11851 12751 1828 1118 15086 99655 1236 1852 3143 13851 13380 8821 4421 3123 24897 805 2953 1670 9443 2939 24 4200 533 1847 1810 2938 659 37 3308 761 20697 750
is_linear=0
shrinkage=0.0382085


Tree=1
num_leaves=63
num_cat=0
split_feature=0 2 7 2 1 31 1 37 1 1 4 0 11 14 34 11 34 22 8 31 34 1 11 31 34 7 12 22 4 30 0 31 22 11 33 11 28 14 1 28 31 1 5 20 31 4 4 9 12 28 21 11 4 33 18 31 32 35 9 19 19 2
split_gain=12979.8 525.384 262.523 217.824 167.732 104.973 102.166 89.3612 87.1325 65.1552 63.3482 52.1523 45.8735 45.4587 38.9869 34.0249 31.4965 30.6038 29.487 28.2922 27.2157 22.7848 22.1322 21.583 21.5391 20.9255 18.7762 18.5702 20.0147 16.8538 16.6603 16.4375 15.9734 15.7066 15.1647 14.9606 18.5308 15.3542 13.3357 13.2482 12.4591 11.3722 11.2126 11.5947 10.1397 10.0197 9.10534 8.73084 7.72758 7.80584 7.25372 6.41367 6.4005 7.45433 6.37059 6.34191 6.69046 6.25614 6.30343 6.20175 5.83386 5.60044
threshold=0.03024999983608723 7.9550316333770761 1.0000000180025095e-35 -1.0662243962287901 9.4791135787963885 245.841667175293 -3.9987699985504146 1.0000000180025095e-35 2.9244389533996586 -18.503632545471188 -1.0000000180025095e-35 0.034250000491738326 -0.4747153222560882 56.945711135864265 0.87061420083045971 0.28282696008682257 0.78077793121337902 0.25415280461311346 0.009571162052452566 228.77500152587893 -0.4077379703521728 -8.5905084609985334 -0.18257769942283628 45.175001144409187 -0.95154687762260426 0.047653511166572578 0.70710679888725292 2.5542645454406743 -19.995171546936032 38.016588211059577 0.11525000259280206 40.658334732055671 0.28091600537300115 -0.18254468590021131 0.44976171851158148 -0.30817307531833643 96.500000000000014 39.808166503906257 23.2382345199585 61.500000000000007 42.908334732055671 -3.9987699985504146 -3.7022138833999629 48.81248855590821 922.29791259765636 1.5161092281341555 59.953170776367195 0.035601176321506507 0.94323155283927929 24.500000000000004 0.71199950575828563 -0.20251636952161786 -14.51452589035034 -1.0000000180025095e-35 0.027030318044126037 1459.1583251953127 -1.9451655149459837 1.1677626371383669 0.70283588767051708 -10.988359928131102 -5.7288451194763175 -16.716357231140133
decision_type=2 2 2 2 2 2 2 2 2 2 2 2 2 2 2 2 2 2 2 2 2 2 2 2 2 2 2 2 2 2 2 2 2 2 2 2 2 2 2 2 2 2 2 2 2 2 2 2 2 2 2 2 2 2 2 2 2 2 2 2 2 2
left_child=2 3 22 5 16 6 10 8 9 19 21 -11 31 20 33 40 35 -12 26 -5 51 -2 -1 -9 -25 42 -7 44 -29 54 -31 59 -17 -10 38 48 50 -38 -15 -26 -8 -28 43 45 -20 -14 57 -16 49 -3 -37 -6 53 -44 -22 56 -27 -18 -59 -4 -33 -61
right_child=1 4 12 7 13 18 15 23 14 11 17 -13 25 34 47 32 46 -19 27 -21 29 -23 -24 24 39 55 41 28 -30 30 -32 60 -34 -35 -36 36 37 -39 -40 -41 -42 -43 52 -45 -46 -47 -48 -49 -50 -51 -52 -53 -54 -55 -56 -57 -58 58 -60 61 -62 -63
leaf_value=0 0.22478241417887657 0.26692705696556257 0.17664021509177311 0 -0.26260272573817811 0.15711970681283285 0.046812391932598514 -0.4574928454989427 -0.040576273754927297 0 0.084412539368271408 0 0 -0.54418353474688475 -0.018729674751696651 0.0016780370495711708 -0.039176488664005714 0 -0.015833912517573719 0 -0.19750343899176012 0.079126142204603941 0 -0.25129968911015327 0.010006664077873229 -4.0254064730718335 0.062548274866852119 0.061467746366245191 -0.098676051619228669 -0.23464102970901332 0.0076137625224324866 0.0047093298965595566 -0.067290441674474927 -0.07654664484729902 -0.69337021518636943 -0.10332953773723209 -0.047464020177573264 -0.33185266479308773 -2.682990611496801 0 0.012321082912736104 0 0 0.086123347697777908 -0.072480414814948171 -0.10348084902867409 -0.29814181489354186 0.030468607454647155 -0.068934245301430871 -0.0083072728727756531 -0.16144452687428748 -0.46488864017462223 0 0 -0.3250629849633907 0 0 0.012525491925607726 0.1355513470803395 0.12736178512316848 0 0
leaf_weight=7763.4353200793266 5923.1525314450264 148.36705803871155 82.733635902404785 1796.5872466564178 261.64601212739944 146.98491072654724 8225.9931896924973 706.04370403289795 4851.6629625558853 1530.4256703853607 1593.4764514565468 60832.132919311523 522.70429748296738 312.00259739160538 2231.9733340740204 4159.6960077285767 808.78158813714981 5816.7987944483757 6954.938206076622 877.28097152709961 518.46766465902328 7891.3625019192696 80322.708070635796 323.75868701934814 44.616020560264587 44.99773645401001 2310.1745148897171 117.71991240978241 832.4519876241684 985.91981428861618 848.89640027284622 60.382664859294891 3832.4266809821129 11036.67070132494 868.6892928481102 3443.1058436632156 4600.4658350348473 643.60640412569046 1513.4155751466751 2506.1402007341385 24688.852512061596 7179.9650785326958 125.24642711877823 44.382745921611786 1816.0182611346245 173.91022074222565 224.07249277830124 1693.5392372012138 1450.7725387811661 297.731096804142 3484.8941357731819 2221.3037320971489 5668.5186064243317 185.07592189311981 1920.1485650539398 142.82484340667725 1959.5115964412689 2171.635177731514 144.14561533927917 134.3147137761116 1084.3448438048363 610.00305217504501
leaf_count=5405 4492 86 49 660 193 16 7251 108 4486 1320 1717 65566 296 208 2654 5294 711 4202 7745 155 369 7413 94250 45 9 5 2679 48 170 756 704 53 3825 11312 448 2187 4489 495 468 342 23390 8653 59 11 1822 126 158 1209 1386 295 3642 1729 4448 77 1615 15 212 2173 80 75 1008 502
internal_value=-0.00666953 -0.000993724 -0.0179598 -0.000208441 -0.00595855 0.00121638 0.00198207 -0.00152186 -0.00127178 -0.000595244 0.00413348 -0.000344154 -0.0123371 -0.0100593 -0.00349043 0.000864828 -0.00373114 0.00127662 -0.00123919 -0.00643596 -0.00837103 0.00566306 -0.0186512 -0.00743633 -0.00594041 -0.0135141 0.000254903 -0.00272423 -0.00781227 -0.00650074 -0.00369624 -0.00702263 -0.00136896 -0.0043329 -0.0142766 -0.00452406 -0.00501707 -0.00328779 -0.0162898 -0.00473837 0.00140839 4.06218e-05 -0.0124407 -0.00786531 -0.00216827 -0.00910279 -0.000388186 -7.0727e-05 -0.00133982 0.0030155 -0.00632019 -0.0115727 -0.0130006 -0.00735518 -0.00859399 -0.0168519 -0.0174266 0.000133883 0.00115592 -0.00285099 -0.0100007 -0.00398756
internal_weight=295714 196789 98925.1 169921 26868.1 81490 62131.8 88430.8 84850.3 65036.4 21224.8 62362.6 10839 9450.49 19813.8 40907 17417.6 7410.28 19358.3 2673.87 6756.38 13814.5 88086.1 3580.56 2874.51 8867.17 9637.12 9721.13 950.172 4273.43 1834.82 1971.78 7992.12 15888.3 2694.11 14068.9 12172.1 5244.07 1825.42 2550.76 32914.8 9490.14 6719.84 740.997 8770.96 696.615 3348.63 3925.51 1896.87 446.098 6928 2482.95 5978.84 310.322 2438.62 2147.33 2004.51 3124.56 2315.78 827.051 1144.73 744.318
internal_count=295366 188775 106591 166583 22192 78717 57584 87866 87362 67701 17824 66886 6936 6490 19661 39760 15702 5919 21133 815 5366 11905 99655 504 396 5249 11348 9785 218 3444 1460 1687 9119 15798 1124 12580 10813 4984 676 351 30641 11332 5017 433 9567 422 3122 3863 1767 381 5829 1922 4584 136 1984 232 217 2964 2253 626 1061 577
is_linear=0
shrinkage=0.0382085


Tree=2
num_leaves=63
num_cat=0
split_feature=0 1 7 2 15 2 1 30 1 34 1 4 11 11 31 1 11 34 23 4 33 11 11 35 28 11 7 38 23 31 31 1 32 32 22 10 23 23 34 28 5 20 34 4 5 32 11 14 7 14 30 31 32 32 24 14 4 30 34 31 30 4
split_gain=13205.4 532.914 265.6 231.06 147.369 123.124 96.8317 71.3054 71.14 53.9661 56.0784 47.9673 45.2335 41.5763 40.0979 36.174 32.5162 31.6078 31.5588 26.5674 27.5787 24.2069 22.1322 20.9255 20.4813 19.7114 19.3158 18.0241 17.9073 16.4375 15.6958 75.9797 15.1623 14.2387 14.1579 13.7686 13.4717 12.3149 11.8778 11.6251 11.4006 11.5441 10.659 10.3576 10.1877 10.1495 9.95247 11.7684 9.68679 9.6359 9.43905 9.15947 8.93723 8.72534 8.26003 8.09978 8.03833 7.25909 7.21391 6.87371 6.83896 6.4005
threshold=0.03024999983608723 6.2392175197601327 1.0000000180025095e-35 -0.84858962893486012 -3.498293280601501 6.5697655677795419 -3.9987699985504146 103.94732666015626 23.2382345199585 0.31960773468017584 2.4627904891967778 13.102928638458254 -0.4747153222560882 1.0000000180025095e-35 308.75833129882818 -18.503632545471188 -0.18257769942283628 0.62674695253372203 30.77406215667725 10.000859260559084 0.68388766050338756 -0.63554462790489186 -0.18257769942283628 53.821811676025398 141.50000000000003 0.18660134077072146 0.047653511166572578 1.0000000180025095e-35 35.352708816528327 40.658334732055671 45.175001144409187 -1.0000000180025095e-35 -1.9451655149459837 -0.13463969528675077 0.56537055969238292 0.0068346490152180204 44.512735366821296 38.667209625244148 -0.27087041735649103 292.50000000000006 -3.7022138833999629 48.81248855590821 -0.95154687762260426 1.5161092281341555 16.08036041259766 1.3866302967071535 1.4010179042816164 4.8032827377319345 0.0046451459638774404 -14.961906909942625 18.717346191406254 110.70833206176759 1.1039435267448428 -1.9451655149459837 -0.00024411268532276151 -5.9381048679351798 -2.7388330698013301 60.693204879760749 -0.29997493326663965 1459.1583251953127 8.2451310157775897 -14.51452589035034
decision_type=2 2 2 2 2 2 2 2 2 2 2 2 2 2 2 2 2 2 2 2 2 2 2 2 2 2 2 2 2 2 2 2 2 2 2 2 2 2 2 2 2 2 2 2 2 2 2 2 2 2 2 2 2 2 2 2 2 2 2 2 2 2
left_child=2 3 22 6 21 13 7 11 17 10 16 18 29 27 25 24 -6 36 -2 46 52 -5 -1 -17 -11 28 40 42 -8 -4 31 -23 -28 38 53 -16 58 -15 -29 -12 41 43 -3 -14 -27 49 47 -10 -19 -39 -50 -35 -21 -9 -32 -38 -36 -22 -7 -34 -44 -42
right_child=1 5 12 4 9 8 14 34 19 15 39 -13 26 37 35 23 -18 48 -20 20 57 30 -24 -25 -26 44 32 33 -30 -31 54 -33 59 51 56 -37 55 45 -40 -41 61 -43 60 -45 -46 -47 -48 -49 50 -51 -52 -53 -54 -55 -56 -57 -58 -59 -60 -61 -62 -63
leaf_value=0 0.016516878251942865 -0.12664003604950297 0 0 0.00064597003390933557 -0.2092759924151279 -0.00047077054554903603 0.28802042250356791 0.081732489356644802 -0.090510546480345178 -0.066344735752511499 -0.025366663967369262 0 0.17114078892137577 0.0018135307449192882 0.0067216481079581791 -0.020779378251922449 -0.13296947176014179 0.10916979405408354 -1.5030278286948253 -0.75404377023049529 0 0 -0.37224632032227195 -0.52294016472255689 0.0025710692933153421 -3.8716015831278026 0.13478143356279901 0.026979042495116644 0 0 0.017480132061905802 0 0.04354968281595744 0.00060499062354078196 -0.023495501822748253 -0.16928130733721142 -0.06856066394801065 2.2019470361273603 -0.029899266326946838 0 0.082832700628251085 0.081521953058288646 -0.099526997236901019 -0.038247658454892371 0.0053965187414390407 -1.4878071931216827 -0.39651273418807248 -0.1088455815470126 -0.14881455244653324 0.0068942410019656054 -0.38468571140334956 -0.18746706181333103 0.021543668582410289 0 -0.22641768862718939 -0.14643641392541332 -0.4112975515193078 0.0049885415723888776 0 -0.038757488347166434 0
leaf_weight=7763.4353200793266 2535.549242079258 423.60276359319687 827.0514018535614 325.05542027950287 18139.196235954762 570.61025899648666 7794.8871782422066 99.148160517215729 265.05932033061981 774.83770650625229 11421.541295826435 1942.192530810833 522.70429748296738 107.26731956005096 2259.4880341887474 26162.166073560715 30395.328873693943 637.91884678602219 17035.696607649326 2473.7821683883667 426.32872253656387 762.38819122314453 80322.708070635796 331.52451461553574 391.25067210197449 5719.4072250127792 44.99773645401001 194.74602645635605 25250.76974439621 1144.7275086641312 211.23554688692093 132.9443883895874 1959.5115964412689 143.9191113114357 871.67424649000168 9057.7858665585518 1110.7064376473427 729.23494750261307 217.19340127706528 2677.8181890845299 310.32234901189804 44.382745921611786 407.91560214757919 173.91022074222565 3290.035029053688 357.3211373090744 185.30071669816971 275.11874264478683 682.9383487701416 3917.5939158201218 1285.2289066314697 167.52695339918137 72.501032829284668 2477.0149365663528 1159.9127799868584 4998.9646580815315 1583.288832962513 391.88062888383865 400.75330966711044 142.82484340667725 3543.3598366975784 5668.5186064243317
leaf_count=5405 2328 314 626 228 17750 418 8475 98 88 176 11489 1560 296 46 2762 27159 30440 515 14740 1109 243 594 94250 192 75 7085 5 46 23443 1061 85 17 212 47 637 10314 882 642 46 2885 136 11 305 126 3601 270 76 171 629 3723 1272 69 43 2933 376 4579 786 234 290 15 2490 4448
internal_value=-0.00656781 -0.000842893 -0.0179558 -0.000101862 -0.00139803 -0.00617961 0.00140416 0.00329028 -0.00853761 -0.00113969 -0.00176051 0.0042482 -0.0123004 -0.0029937 0.000465367 0.00026474 -0.00114316 -0.0067446 0.004817 -0.0127737 -0.0142123 -0.0103824 -0.0186512 0.000556002 -0.00631743 0.0010092 -0.0134692 -0.000543857 0.00144144 -0.00702263 -0.0117814 -0.00774608 -0.0166804 0.00502906 -0.000798285 -0.0015521 -0.00807207 -0.00542946 0.00969506 -0.00388279 -0.0124362 -0.00782501 -0.00147454 -0.00905992 -0.000571972 -0.00570851 -0.00604399 -0.00332287 -0.00312219 -0.00618618 -0.0017693 -0.00102567 -0.0161886 0.00116972 -0.0143848 -0.0087416 -0.00287882 -0.0080093 -0.00381924 -0.0171542 -0.000845625 -0.0130006
internal_weight=295714 196789 98925.1 172802 92885.2 23986.8 79916.9 26544.6 13777.1 90293.7 62633.9 21513.4 10839 10209.7 53372.4 27659.8 48534.5 9687.12 19571.2 4089.97 3364.49 2591.54 88086.1 26493.7 1166.09 42055.1 8867.17 5098.26 33045.7 1971.78 2266.48 895.333 2147.33 723.385 5031.13 11317.3 7081.03 5111.42 411.939 14099.4 6719.84 740.997 4374.88 696.615 9009.44 5004.15 725.479 540.178 2606.09 4646.83 1968.17 311.446 2546.28 2576.16 1371.15 6109.67 2454.96 818.209 971.364 2102.34 3951.28 5978.84
internal_count=295366 188775 106591 170228 91466 18547 78762 23082 10549 90166 62564 18628 6936 7998 55680 27602 48190 8585 17068 1964 1629 1300 99655 27351 251 42604 5249 3317 31918 1687 1072 611 232 208 4454 13076 6169 4681 92 14374 5017 433 3109 422 10686 4635 335 259 2416 4365 1901 116 1152 3031 461 5461 1423 477 708 227 2795 4584
is_linear=0
shrinkage=0.0382085


end of trees

feature_importances:
return_1d=22
volume_mean_60d=16
volume_zscore_30d=16
price_zscore_30d=13
return_14d=12
price_std_7d=9
price_accel_7d=8
volume_std_30d=8
bb_pct_b=7
rsi_14=7
volume_log_change_1d=6
return_3d=5
volume_lag_1d=5
price_lag_1d=4
price_std_30d=4
price_log=4
log_return_7d=4
autocorr_1d=4
bb_width=4
volume_log_change_7d=4
return_30d=3
price_std_60d=3
macd_line=3
macd_signal=3
vol_regime_60_30=2
autocorr_7d=2
macd_histogram=2
volume_price_conf_7d=2
rsi_missing=2
price_std_14d=1
macd_missing=1

parameters:
[boosting: gbdt]
[objective: quantile]
[metric: quantile]
[tree_learner: serial]
[device_type: cpu]
[data_sample_strategy: bagging]
[data: ]
[valid: ]
[num_iterations: 1000]
[learning_rate: 0.0382085]
[num_leaves: 63]
[num_threads: -1]
[seed: 13]
[deterministic: 0]
[force_col_wise: 0]
[force_row_wise: 0]
[histogram_pool_size: -1]
[max_depth: 7]
[min_data_in_leaf: 10]
[min_sum_hessian_in_leaf: 0.001]
[bagging_fraction: 0.7]
[pos_bagging_fraction: 1]
[neg_bagging_fraction: 1]
[bagging_freq: 5]
[bagging_seed: 16376]
[bagging_by_query: 0]
[feature_fraction: 0.75]
[feature_fraction_bynode: 1]
[feature_fraction_seed: 20348]
[extra_trees: 0]
[extra_seed: 30076]
[early_stopping_round: 0]
[early_stopping_min_delta: 0]
[first_metric_only: 0]
[max_delta_step: 0]
[lambda_l1: 1]
[lambda_l2: 0.5]
[linear_lambda: 0]
[min_gain_to_split: 0.1]
[drop_rate: 0.1]
[max_drop: 50]
[skip_drop: 0.5]
[xgboost_dart_mode: 0]
[uniform_drop: 0]
[drop_seed: 24096]
[top_rate: 0.2]
[other_rate: 0.1]
[min_data_per_group: 100]
[max_cat_threshold: 32]
[cat_l2: 10]
[cat_smooth: 10]
[max_cat_to_onehot: 4]
[top_k: 20]
[monotone_constraints: ]
[monotone_constraints_method: basic]
[monotone_penalty: 0]
[feature_contri: ]
[forcedsplits_filename: ]
[refit_decay_rate: 0.9]
[cegb_tradeoff: 1]
[cegb_penalty_split: 0]
[cegb_penalty_feature_lazy: ]
[cegb_penalty_feature_coupled: ]
[path_smooth: 0]
[interaction_constraints: ]
[verbosity: -1]
[saved_feature_importance_type: 0]
[use_quantized_grad: 0]
[num_grad_quant_bins: 4]
[quant_train_renew_leaf: 0]
[stochastic_rounding: 1]
[linear_tree: 0]
[max_bin: 63]
[max_bin_by_feature: ]
[min_data_in_bin: 3]
[bin_construct_sample_cnt: 200000]
[data_random_seed: 81]
[is_enable_sparse: 1]
[enable_bundle: 1]
[use_missing: 1]
[zero_as_missing: 0]
[feature_pre_filter: 0]
[pre_partition: 0]
[two_round: 0]
[header: 0]
[label_column: ]
[weight_column: ]
[group_column: ]
[ignore_column: ]
[categorical_feature: ]
[forcedbins_filename: ]
[precise_float_parser: 0]
[parser_config_file: ]
[objective_seed: 11872]
[num_class: 1]
[is_unbalance: 0]
[scale_pos_weight: 1]
[sigmoid: 1]
[boost_from_average: 1]
[reg_sqrt: 0]
[alpha: 0.5]
[fair_c: 1]
[poisson_max_delta_step: 0.7]
[tweedie_variance_power: 1.5]
[lambdarank_truncation_level: 30]
[lambdarank_norm: 1]
[label_gain: ]
[lambdarank_position_bias_regularization: 0]
[eval_at: ]
[multi_error_top_k: 1]
[auc_mu_weights: ]
[num_machines: 1]
[local_listen_port: 12400]
[time_out: 120]
[machine_list_filename: ]
[machines: ]
[gpu_platform_id: -1]
[gpu_device_id: -1]
[gpu_use_dp: 0]
[num_gpu: 1]

end of parameters

pandas_categorical:[]
