tree
version=v4
num_class=1
num_tree_per_iteration=1
label_index=0
max_feature_idx=38
objective=quantile
feature_names=price_lag_1d return_1d return_3d return_7d return_14d return_30d return_60d price_std_7d price_std_14d price_std_30d price_std_60d price_zscore_30d vol_regime_60_30 trend_divergence_30_60 price_accel_7d price_log price_tier log_return_1d log_return_7d autocorr_1d autocorr_7d bb_pct_b bb_width rsi_14 macd_line macd_signal macd_histogram volume_missing volume_lag_1d volume_lag_7d volume_std_30d volume_mean_60d volume_log_change_1d volume_log_change_7d volume_zscore_30d volume_price_conf_7d volume_price_conf_1d rsi_missing macd_missing
feature_infos=[0.029999999329447746:449.08499145507812] [-99.944244384765625:500] [-99.944244384765625:500] [-99.634101867675781:500] [-99.634101867675781:500] [-99.529632568359375:500] [-99.696243286132812:500] [0:82.714279174804688] [0:60.404327392578125] [0:66.041351318359375] [0:83.876434326171875] [-4.9878606796264648:5.2946515083312988] [0.70178574323654175:3191.88232421875] [-299759592013824:2771.76318359375] [-599.63409423828125:597.15875244140625] [-3.5065579414367676:6.1072120666503906] [0:4] [-7.4919800758361816:7.4919800758361816] [-5.610569953918457:7.4919800758361816] [-49972.125:104660.375] [-49817.05078125:133939.390625] [-0.54071199893951416:1.5621322393417358] [0.0016972259618341923:17.690479278564453] [0:99.998138427734375] [-23.050159454345703:37.798225402832031] [-20.377595901489258:34.973644256591797] [-9.5351839065551758:14.867011070251465] none [1:378600] [1:372357] [0:87607.3984375] [1:297578] [-6.308098316192627:10.422162055969238] [-6.7117404937744141:9.4828834533691406] [-4.9106183052062988:5.2923283576965332] [-99.39617919921875:500] [-99.944244384765625:500] [0:1] [0:1]
tree_sizes=6631 6711 6713 6696 6706 6638

Tree=0
num_leaves=63
num_cat=0
split_feature=0 1 15 1 7 21 31 3 34 11 21 34 2 11 1 8 0 7 3 8 21 2 31 29 2 3 19 0 31 11 14 7 0 21 2 34 1 31 22 34 21 0 31 24 1 15 8 33 33 8 19 29 11 10 24 21 31 13 32 8 31 22
split_gain=12182.9 650.687 238.014 226.242 222.638 127.71 127.534 127.15 108.34 102.006 88.6552 75.2672 59.1127 45.6661 45.1329 34.0244 32.7737 30.6598 25.9714 25.791 25.6419 25.3273 27.5118 23.9399 22.9307 22.7214 22.3524 22.0666 20.3777 19.0374 15.1943 15.0829 14.4422 13.6615 12.8012 12.7468 12.7177 12.3973 12.3723 12.0142 11.3996 11.074 10.3229 10.0824 11.0632 9.40899 7.45231 7.35456 6.56874 6.19784 5.83757 5.47171 8.00916 6.70673 5.37661 5.67935 10.581 7.04769 5.18461 5.12736 5.1038 4.92205
threshold=0.03024999983608723 3.7750099897384648 -3.498293280601501 -1.6665523648262022 1.0000000180025095e-35 0.44409851729869848 214.091667175293 45.185478210449226 -0.11601413786411284 -0.4747153222560882 0.42773342132568365 0.96622970700263988 7.9550316333770761 -0.40094737708568567 -3.9987699985504146 0.0089511801488697546 0.15025000274181369 0.0032376135932281618 45.185478210449226 0.0050653014332056054 1.2083246707916262 -1.2723995447158811 78.715476989746108 74.500000000000014 -0.62975600361824025 45.185478210449226 -81.629520416259751 0.16224999725818637 75.153949737548842 -0.18257769942283628 31.312847137451175 0.010431465692818167 0.044250000268220908 0.28127859532833105 -4.4774539470672599 -0.27087041735649103 0.43974256515502935 38.587963104248054 2.5542645454406743 0.96622970700263988 0.51001912355422985 3.1772500276565556 64.075000762939467 0.0095872767269611376 6.2392175197601327 -2.8259984254837032 0.0069756740704178819 1.0056419968605044 -0.5844721496105193 0.012562043964862825 -10.988359928131102 18.500000000000004 -0.18257769942283628 0.049018535763025291 1.0000000180025095e-35 0.65964558720588695 150.79167175292972 2.8183050155639653 -0.29842376708984369 0.0047748771030455836 14.672316551208498 0.7559441626071931
decision_type=2 2 2 2 2 2 2 2 2 2 2 2 2 2 2 2 2 2 2 2 2 2 2 2 2 2 2 2 2 2 2 2 2 2 2 2 2 2 2 2 2 2 2 2 2 2 2 2 2 2 2 2 2 2 2 2 2 2 2 2 2 2
left_child=4 2 9 5 29 6 14 10 21 33 26 16 18 37 -4 -8 24 36 -7 -13 35 22 -5 -18 -12 -19 43 -23 -21 -1 34 54 -11 42 -28 -9 -10 46 -14 -22 47 61 -2 44 -3 -32 50 -37 51 -48 -6 52 -33 -53 55 57 -57 -15 -44 -39 -42 -41
right_child=1 7 3 8 13 12 15 20 17 32 11 19 38 31 -16 -17 23 25 -20 28 39 27 -24 -25 -26 -27 30 -29 -30 -31 45 48 -34 -35 -36 40 -38 59 -40 41 60 -43 58 -45 -46 -47 49 -49 -50 -51 -52 53 -54 -55 -56 56 -58 -59 -60 -61 -62 -63
leaf_value=0 0.6368089165062174 0.27030773435460537 0.1143305668102282 0.017446819786294056 0.23676669225389077 0.0081642172724513042 0.044819395843063874 -0.77700184700067809 0 0 -0.078628062812646199 -0.097970609546821893 -0.10996520699123169 0 0.035378273898369714 -0.039594338146392398 -0.14003128755744634 0.0095987947497749651 -0.30763989625113658 -0.052340461636288409 -2.8308304249856953 -0.042941205250547655 -0.012996100708683008 -0.059817669140097472 -0.17367516401603655 -0.32642183918873197 0.013793695061587346 -0.021214558396257167 0.046193396022395299 0 -0.30979895992945705 -0.002679516687132383 0 0 -0.05911129515552796 -0.9599044261823968 0 0 -0.49742419146705719 -0.15920222912655435 -0.21046806692865633 0.56764744126756828 0.38208536447913044 -0.33865871868162006 0.070756547796739427 0.13102208709364802 0.25472357024633696 -3.3412348547388202 0 0 0 0 -1.2565066965150657 0 0 -0.34735032803207311 0.22475609246554731 0.36139646168499123 0 0 -0.52831557874542101 -1.3749212969240341
leaf_weight=7778.5874151587486 308.3423558473587 177.97651702165604 19792.444543063641 5016.1041458845139 48.801298856735229 18444.572076201439 5496.7650464773178 746.01783794164658 4242.1484439969063 1247.5212042331696 2295.9200134277344 1302.1420378684998 2916.5770879983902 2624.2597405910492 11514.059487044811 5859.8385013341904 5547.0178472399712 32372.03456401825 524.97885942459106 1963.0564832091331 1356.2106599211693 11380.780022203922 10315.954555273056 5551.1845042109489 9894.1454241871834 334.84253686666489 1182.3183757066727 20438.736234664917 1781.3346189260483 79841.573886871338 92.311008393764496 51.276068806648254 1294.190675675869 673.73119843006134 3680.8612364530563 56.831228613853455 4565.216214120388 943.86254858970642 452.71318233013153 102.89944738149643 148.57668966054916 25.926268219947815 65.330947935581207 70.271279036998749 1409.7337282299995 338.89539527893066 165.90834951400757 46.089622735977173 2538.2352644205093 93.817891240119934 761.12709790468216 190.92454063892365 51.228218197822571 224.05679082870483 2319.7466721534729 264.25582110881805 142.05934607982635 19.794838726520538 163.59030699729919 629.29757505655289 595.78880131244659 361.1386810541153
leaf_count=5487 202 100 15621 4736 32 18425 6051 360 4227 885 1491 1338 2438 1424 11273 5055 5708 35974 290 1682 534 9397 11488 5361 7672 213 968 23792 1680 94063 56 15 226 512 3854 13 4537 962 70 113 79 19 63 35 982 254 80 9 394 36 706 54 18 24 2604 195 101 7 161 359 396 163
internal_value=-0.00707343 -0.00156401 -0.000472224 -0.00023978 -0.0180231 0.00147218 0.00269789 -0.00600097 -0.00149527 -0.00997898 -0.00531548 -0.00626453 -0.000866992 -0.0129047 0.00395628 -0.000767758 -0.00718187 -7.09267e-05 -3.65665e-05 -0.00202339 -0.0130209 -0.0027485 -0.00146829 -0.00566891 -0.0085559 0.000466953 -0.00144188 -0.00336413 -0.000401454 -0.0186692 -0.00265766 -0.0142861 -0.0143274 -0.00081855 -0.00327164 -0.00940646 -0.00207264 -0.00848403 -0.00553036 -0.0161162 -0.00610866 -0.0107711 0.00368525 0.00241701 0.00306417 0.0041741 -0.00523582 0.00557513 -0.0164809 0.000255345 -0.00704294 -0.012269 -0.00381723 -0.0142576 -0.0130287 -0.011896 -0.00743744 -0.0125651 -0.00232971 -0.010666 -0.00777809 -0.0121737
internal_weight=294836 196147 157420 153668 98688.8 65001.9 42663.1 38726.6 88665.8 3752.71 35287.2 28334.8 22338.8 11068.7 31306.5 11356.6 23288.3 41514.2 18969.6 5046.53 3439.48 47151.6 15332.1 11098.2 12190.1 32706.9 6952.37 31819.5 3744.39 87620.2 5294.39 8425.84 2541.71 1210.99 4863.18 1593.3 8807.36 2642.81 3369.29 1846.18 847.286 489.964 537.264 1657.98 1587.71 431.206 1069.65 102.921 3055.72 259.726 809.928 517.486 102.504 414.981 5370.12 3050.37 406.315 2644.05 228.921 1573.16 744.365 464.038
internal_count=295064 188503 155636 153587 106561 59223 38000 32867 94364 2049 31181 24932 21223 7011 26894 11106 20232 44951 18715 4700 1686 49413 16224 11069 9163 36187 6249 33189 3362 99550 5132 4836 1111 938 4822 857 8764 2175 2508 829 497 295 426 1117 1082 310 854 22 505 116 738 111 33 78 4331 1727 296 1431 224 1321 475 276
is_linear=0
shrinkage=0.0382085


Tree=1
num_leaves=63
num_cat=0
split_feature=15 17 7 21 2 17 11 17 30 3 37 23 17 23 4 2 23 17 28 11 8 28 15 9 17 2 19 19 11 11 11 22 33 22 21 19 17 32 8 28 30 2 32 32 32 13 25 30 30 25 7 11 33 11 23 8 7 29 13 14 2 26
split_gain=12982.7 745.222 310.283 239.503 159.455 157.742 119.743 104.729 93.7046 68.8234 51.7331 46.1124 42.9679 41.2159 36.2276 35.445 29.7252 28.4473 28.0755 26.8007 24.4045 27.3917 22.7262 22.3873 20.346 22.5329 19.8524 20.2339 19.0374 18.5591 18.1805 18.1793 18.0273 17.3649 16.9453 15.9107 15.6213 13.5493 13.2238 12.5633 11.0336 11.0282 10.449 10.287 9.49805 9.25497 9.22311 9.01147 8.8216 8.63569 10.9038 8.29179 7.87994 7.84102 7.44961 7.41723 6.04019 10.3162 5.97451 5.93955 5.87103 5.59588
threshold=-3.498293280601501 0.060523133724927909 1.0000000180025095e-35 0.44409851729869848 6.0246665477752694 -0.033674433827400201 -0.43734528124332422 0.20894917100667956 112.86614990234376 45.185478210449226 1.0000000180025095e-35 30.77406215667725 0.024329527281224731 40.427709579467781 8.4217143058776873 7.9550316333770761 30.77406215667725 -1.0000000180025095e-35 222.50000000000003 -1.1961647272109983 0.0029281693277880554 292.50000000000006 -1.3384574651718137 0.0042076148092746743 0.010493805166333916 -4.1259014606475821 73.982013702392592 -180.36164093017575 -0.18257769942283628 -0.18257769942283628 -0.25438576936721796 0.67172405123710643 0.75999823212623607 1.397558391094208 0.28127859532833105 3.5149121284484868 0.090563602745533003 -0.29842376708984369 0.0047748771030455836 642.50000000000011 416.21464538574224 -8.1630740165710431 1.9832742214202883 -0.68262049555778492 -1.9451655149459837 0.29354019463062292 -0.069159947335720048 14.199664115905763 47.097654342651374 0.071762565523386015 0.033886980265378959 -0.050738016143441193 -2.0780190229415889 -1.0876173973083494 49.057758331298835 0.0061597884632647046 0.20926556736230853 45.500000000000007 -2.080540537834167 39.808166503906257 -0.37725684046745295 0.026773284189403061
decision_type=2 2 2 2 2 2 2 2 2 2 2 2 2 2 2 2 2 2 2 2 2 2 2 2 2 2 2 2 2 2 2 2 2 2 2 2 2 2 2 2 2 2 2 2 2 2 2 2 2 2 2 2 2 2 2 2 2 2 2 2 2 2
left_child=2 3 28 5 13 8 17 20 11 10 12 38 15 26 51 -5 39 34 -14 -13 61 36 23 -12 35 -26 27 33 -1 40 56 44 -16 -3 47 -18 -22 58 -2 53 41 46 -33 -23 -10 -39 -8 -4 55 50 54 59 -43 -7 -11 -19 -15 -58 -32 -9 -51 -6
right_child=1 4 6 9 7 16 29 14 31 49 22 19 18 30 32 -17 24 48 -20 -21 21 43 -24 -25 25 -27 -28 -29 -30 -31 37 42 -34 -35 -36 -37 -38 45 -40 -41 -42 52 -44 -45 -46 -47 -48 -49 -50 60 -52 -53 -54 -55 -56 -57 57 -59 -60 -61 -62 -63
leaf_value=0 0.11503327277064909 -0.021952935821375461 1.1856054265282292 0 -0.24692754644071693 0 0.12736178512316848 0.054127837710020957 0.28485153983970468 0.075866892936662517 -0.12325334426194126 0.14297835004084344 -0.050810577569352547 -0.020985100347634594 -1.6879022382228774 -0.064106837607979264 0.0041253888791709893 0 0 0.087332087489762122 -0.11276580256532424 -0.1631798518093206 -0.14219625272281161 0.0016407206059328649 0.041246502881196537 -0.011301332535302945 1.3374788559866342 -0.053930467040953493 0 0 0.029933089306609238 -0.1260261244671497 -0.72547850786296919 1.2655118704422883 0 0.050626025379343804 -0.27850179217216381 -0.12626337901895116 0.0015128417121974276 -0.04393196717689072 0 0 -0.94592944742471763 -0.0017649820555745721 0.013154651032439443 -0.072965240728873171 0 0.10303024842648466 0 0.0079831527621368765 -0.53015219681339343 -0.7560215727209979 0 -0.031029869053082349 -0.25395287862215715 0 -0.18911272231925302 0.29338477352070369 -0.21379799309113276 -1.1442680308817419 -0.28583816456293326 19.117539971625327
leaf_weight=7778.5874151587486 347.19747322797775 212.95416504144669 138.89068847894669 53928.988335728645 1236.7928214669228 6029.5741916298866 19.286369323730469 163.51949685811996 97.165529370307922 57.184605360031128 613.05242323875427 5616.242099404335 14228.005251944065 1738.0605281591415 3197.6217095255852 6484.3373321890831 24139.718481183052 841.50235670804977 5010.4508543014526 15029.160126626492 3304.8241155147552 200.78389936685562 1399.0441813468933 866.25399875640869 3280.2225791215897 10636.008947134018 163.13800102472305 957.32670730352402 79841.573886871338 2669.4482045173645 93.686771631240845 1895.1512786746025 869.13980305194855 221.59550046920776 772.0002247095108 5455.182320356369 5263.2152611613274 1721.1969345211983 3501.3931965827942 1962.3216672539711 667.32145899534225 207.79217314720154 153.42499798536301 1126.750983774662 2824.3471408486366 3377.3531888127327 828.35169720649719 399.15494811534882 890.02139753103256 86.635259747505188 924.19394725561142 609.61137694120407 3976.1040337085724 3862.8852134346962 709.80977147817612 279.7170398235321 64.95614218711853 106.73162853717804 1490.8782941699028 84.435098648071289 174.01454949378967 9.6431846618652326
leaf_count=5487 217 120 77 58476 1273 7559 2 89 99 21 242 6622 14544 1593 1430 5902 25972 805 5712 10649 2968 178 187 130 2930 10635 37 799 94063 1296 64 864 506 45 595 5140 4190 1555 2951 2227 166 104 31 1142 3094 2560 439 350 751 51 480 277 2355 3099 491 137 44 52 1025 38 126 1
internal_value=-0.0066381 -0.000923793 -0.0178883 4.15466e-06 -0.00691855 0.00143848 -0.0120309 -0.00928807 0.00369711 -0.00143562 -0.00126734 0.004668 -0.00108489 -0.00316304 -0.0139368 -0.000583278 0.000235784 -0.00587195 -0.00265801 0.0053841 -0.00722955 -0.00658594 -0.00630194 -0.00296159 0.000698492 -0.000504425 0.00254514 0.00103522 -0.0186692 -0.0144703 -0.00420056 -0.00108002 -0.0154492 0.00788616 -0.0014546 0.00126542 -0.00737829 -0.00514121 0.000816436 -0.00145925 -0.0132061 -0.0125654 -0.00384253 -0.00144241 0.000844319 -0.0041662 -0.00845752 0.00370764 -0.00872917 -0.00852952 -0.00953292 -0.00671538 -0.0133874 -0.000900249 -0.00606022 -0.0063931 -0.000888288 0.00589166 -0.00825205 -0.000654572 -0.00186702 -0.0123039
internal_weight=294836 195526 99309.8 169312 26214.2 84830 11689.6 16066.3 29464.1 84482 82530.1 24494 79651.8 10147.9 4924.33 60413.3 55365.9 3321.29 19238.5 20645.4 11142 9895.57 2878.35 1479.31 43511.1 13916.2 1555.01 1391.88 87620.2 8368.3 8592.86 4970.09 4066.76 434.55 1310.05 29594.9 8568.04 6683.12 3848.59 11854.8 5698.86 5031.53 2048.58 1327.53 2921.51 5098.55 847.638 538.046 2011.24 1951.84 1691.19 857.566 4183.9 9892.46 766.994 1121.22 1909.75 171.688 1584.57 247.955 260.65 1246.44
internal_count=295064 188437 106627 168451 19986 82089 7077 12092 24527 86362 85193 20439 84634 7894 2340 64378 57562 2715 20256 17271 9752 8478 559 372 44677 13565 1001 964 99550 4362 6893 4088 1936 165 1022 31112 7158 5204 3168 12885 3066 2900 895 1320 3193 4115 441 427 1693 1169 992 404 2459 10658 512 942 1689 96 1089 127 177 1274
is_linear=0
shrinkage=0.0382085


Tree=2
num_leaves=63
num_cat=0
split_feature=15 1 7 21 23 1 1 21 23 3 34 1 34 31 34 3 1 12 21 28 23 6 25 28 31 8 23 3 15 26 29 21 19 34 10 21 19 35 30 29 15 32 8 29 28 12 33 34 9 21 34 30 23 25 7 19 14 21 9 15 9 32
split_gain=13179.9 719.522 310.283 227.444 151.621 135.195 122.49 111.438 91.0931 67.8847 47.1359 45.8963 44.4651 39.4375 36.0252 28.0346 27.9843 25.4405 25.0125 22.8858 21.6395 21.4234 21.0045 20.7532 20.5812 19.9571 23.4023 19.0093 18.634 18.4854 17.0736 16.9693 16.9636 16.815 15.825 14.5182 14.4893 13.5149 13.5051 13.2601 13.0652 12.6476 12.6328 11.915 11.8607 11.791 11.4893 10.7663 10.5534 10.4967 10.0598 9.24509 8.78273 8.59008 9.32356 7.80732 7.62773 7.57629 7.52668 9.05012 7.01803 6.94393
threshold=-3.498293280601501 6.2392175197601327 1.0000000180025095e-35 0.44409851729869848 49.998714447021491 -3.9987699985504146 23.2382345199585 0.36209079623222357 23.109794616699222 45.185478210449226 0.37497001886367803 3.1920372247695927 0.96622970700263988 90.52500152587892 -0.54821616411209095 0.84528693556785595 -1.6665523648262022 1.3253813385963442 1.2083246707916262 107.50000000000001 35.352708816528327 12.5720272064209 0.01172995660454035 65.500000000000014 340.55833435058599 0.0044813407585024842 47.224102020263679 -1.0000000180025095e-35 -2.260966300964355 0.00043626970727927988 113.50000000000001 0.42773342132568365 149.78632354736331 1.5094250440597536 1.0000000180025095e-35 0.44409851729869848 -394.57060241699213 10.055923938751222 30.796401977539066 208.50000000000003 -1.1139800548553465 0.21809325367212298 0.35711947083473211 15.500000000000002 51.500000000000007 0.71558824181556713 -0.39515595138072962 -0.46393977105617518 0.0010957728954963388 0.72924181818962108 -0.4077379703521728 103.94732666015626 38.667209625244148 0.071762565523386015 0.033886980265378959 47.141702651977546 16.559844017028812 0.26710318028926855 0.027776333503425125 -3.263633012771606 0.29514579474926 0.090991474688053145
decision_type=2 2 2 2 2 2 2 2 2 2 2 2 2 2 2 2 2 2 2 2 2 2 2 2 2 2 2 2 2 2 2 2 2 2 2 2 2 2 2 2 2 2 2 2 2 2 2 2 2 2 2 2 2 2 2 2 2 2 2 2 2 2
left_child=2 3 34 5 15 8 12 16 24 10 11 19 30 21 20 27 43 38 50 -5 -7 -10 -15 45 40 26 46 35 -22 37 49 60 36 -20 -1 47 -29 -12 -16 -13 -2 -31 -26 57 -18 56 -25 -3 -47 -6 -8 -32 -19 54 -11 -52 -9 -4 -14 -60 -17 -50
right_child=1 4 7 9 6 14 18 23 13 53 29 39 58 22 17 31 44 52 33 -21 28 -23 -24 25 42 -27 -28 32 -30 41 51 -33 -34 -35 -36 -37 -38 -39 -40 -41 -42 -43 -44 -45 -46 48 -48 -49 61 -51 55 -53 -54 -55 -56 -57 -58 -59 59 -61 -62 -63
leaf_value=0 0.10632317483582887 -0.085687361647731025 0.69453894410922967 -0.025099487897015965 -0.18459142087581382 -0.037491297303330631 -0.77091858286304393 0 0.14888712313429939 -0.20050066999879551 -0.00036675589905281312 -0.077712639407418571 -0.11002928351151832 0.07257285858975128 0.034299718810414007 -0.045431539727137024 0 -0.006287281651150672 -2.7413757165047978 -0.00031194279322313686 0.0070676812104891159 0.075356799295046017 -0.0077052348770040675 0 -0.08206089210128148 0 0 1.5161953243353123 -0.0097687208531205775 0.028818630971827394 -0.13599325057292269 -0.13889290790177383 1.4599264523078985 -0.73926134035433744 0 -0.19260113336526091 -0.072938257288988409 0.042087175511878343 0.0031914178813041761 -0.029753208605389662 -0.074810353424767412 0 -0.54710146164366957 0 0 0 0.25472357024633696 0.027530923736145883 0 -0.23795621399214301 -0.64737759374068693 -0.081471326579160439 0.0026903634515184436 -0.086752223803039916 -0.50989585727850772 -0.50821264734579619 0 0.036124592247160039 -0.24297709431445122 0.019087243376718882 0.34242434908873065 0
leaf_weight=68239.572534561157 994.75084125995636 813.37302619218826 173.36490124464035 26072.630787372589 3730.513195335865 6034.6073103547096 1001.2197125554085 1550.2757430076599 10562.654211223125 766.99437683820724 8892.0917821526527 7528.6672228574753 1474.7039209008217 8066.2846015691757 12238.563202142715 596.13253456354141 744.09466004371643 6578.0050153136253 2123.267998278141 24267.227137863636 3516.2582409977913 2288.106094956398 1352.3376396894455 42.940989077091217 859.12260818481445 3605.8429909944534 945.60066360235214 238.16382217407227 8904.0581288933754 7198.4587252736092 1907.8768523335457 2218.0106181502342 297.59070521593094 461.6555483341217 19380.588767468929 666.77311766147614 577.98920720815659 571.65300130844116 12173.022377789021 2331.2844683527946 1249.7839651107788 5668.1192523241043 276.23681980371475 686.88364607095718 768.54447704553604 582.83262348175049 129.74187839031219 1781.0326330065727 1060.9115183353424 4336.7865020036697 1019.6039696931839 1307.7436899542809 9736.2041855454445 260.64980924129486 924.19394725561142 409.73965084552765 63.529360294342041 236.4491166472435 38.572738647460938 1110.1897118091583 103.27645796537399 1098.5780240297318
leaf_count=84614 521 683 97 24488 2328 6708 448 1025 8367 512 8384 7226 1627 7913 10356 496 609 8191 898 27400 2984 1681 849 18 645 565 942 36 9912 8436 1881 1807 52 293 14936 541 314 384 11292 2634 732 6241 69 586 670 723 56 1450 787 4222 563 1287 11869 177 480 168 11 155 4 810 78 833
internal_value=-0.006553 -0.00079548 -0.0178883 0.000116326 -0.00668599 0.00151406 -0.00849052 -0.0120309 0.00383121 -0.00128671 -0.00111959 -0.00167583 -0.00663854 0.0047188 0.000509118 -0.00199816 -0.00504748 0.00114412 -0.0136167 -0.00120782 -0.000890101 0.00609793 0.00283282 -0.0140331 -0.00200539 -0.0158156 -0.0112468 -5.46289e-05 1.88524e-05 0.000378285 -0.00768164 -0.00489905 0.00424492 -0.0162642 -0.0186692 -0.00153513 0.00134207 -0.000901111 0.0019248 -0.00406122 9.87082e-05 0.00132229 -0.00619693 -0.000363441 -0.00841701 -0.0120896 0.00148583 -0.000227022 -0.0105111 -0.00862783 -0.0107826 -0.005295 -2.17353e-05 -0.00833171 -0.00933194 -0.00864679 -0.0147442 0.00475 -0.00213722 0.000149764 0.000237718 -0.00922986
internal_weight=294836 195526 99309.8 169312 26214.2 84830 18921.9 11689.6 25649.3 84482 82530.1 60199.8 13906.4 22269.4 59180.7 7292.34 2609.34 40725.8 5015.49 50339.9 18454.9 12850.8 9418.62 9080.25 3379.89 4724.13 1118.28 4374.92 12420.3 22330.3 11282.9 2917.42 1113.74 2584.92 87620.2 3261.18 816.153 9463.74 24411.6 9859.95 2244.53 12866.6 1135.36 1096.7 1512.64 4356.13 172.683 2594.41 2742.32 8067.3 2430.56 3215.62 16314.2 1951.84 1691.19 1429.34 1613.81 409.814 2623.47 1148.76 699.409 2159.49
internal_count=295064 188437 106627 168451 19986 82089 14529 7077 20777 86362 85193 61748 12159 18810 61312 5457 2117 41708 2370 51888 19604 10048 8762 4960 1967 1581 1016 3076 12896 23445 9718 2381 402 1191 99550 2674 350 8768 21648 9860 1253 14677 714 838 1279 3379 74 2133 2343 6550 1179 3168 20060 1169 992 731 1036 252 2441 814 574 1620
is_linear=0
shrinkage=0.0382085


Tree=3
num_leaves=63
num_cat=0
split_feature=0 1 15 7 2 21 1 11 23 18 21 1 34 12 31 34 4 15 31 34 34 33 30 11 10 12 34 32 0 34 21 19 11 19 4 28 15 10 2 7 34 7 31 7 1 4 31 32 23 2 11 4 12 26 12 24 11 30 26 26 0 10
split_gain=13486.3 520.041 276.872 260.235 141.764 132.083 123.844 102.006 78.8521 67.0383 63.2991 61.8398 47.3799 42.6019 38.8169 33.8901 32.3363 31.7177 31.2937 28.5216 25.1937 23.4138 23.3718 19.0374 17.0387 15.0582 14.5822 15.3508 14.4422 13.9184 13.6615 13.6301 13.5935 13.424 13.1935 12.7205 12.5412 19.304 11.4888 11.0781 11.031 10.8458 10.3229 10.2556 9.87526 9.25805 8.29421 8.09717 7.78885 7.61254 9.01368 7.45405 7.41091 6.81498 6.77135 6.49561 6.44764 6.32004 6.2526 6.2321 5.88218 5.75865
threshold=0.03024999983608723 4.1540527343750009 -3.498293280601501 1.0000000180025095e-35 13.48544216156006 0.44409851729869848 -3.9987699985504146 -0.4747153222560882 23.109794616699222 0.37284190952777868 0.44409851729869848 23.2382345199585 -0.21519058942794797 0.73783251643180858 90.52500152587892 1.7208421230316164 8.4217143058776873 -1.1139800548553465 45.175001144409187 -0.15104751288890836 -0.54821616411209095 0.68388766050338756 51.808610916137702 -0.18257769942283628 0.087671812623739256 0.99999862909317028 -0.27087041735649103 -0.3961316049098968 0.044250000268220908 -1.0693289637565611 0.28127859532833105 -115.40492630004881 -0.4747153222560882 -10.988359928131102 -1.0000000180025095e-35 292.50000000000006 -2.6003232002258296 0.13650704920291903 -0.62975600361824025 0.0075376043096184739 -0.73752632737159718 0.011957265436649324 64.075000762939467 0.0043888378422707328 9.4791135787963885 -1.0000000180025095e-35 40.658334732055671 -1.0932742357254026 75.11261367797853 -1.7110505700111387 -0.22951653599739072 -3.5585005283355708 1.0000014305114748 -0.00021948014182271433 1.0312522053718569 0.28922571241855627 -0.30817307531833643 67.918594360351577 -0.0035769080277532335 0.10608524456620218 0.10224999859929086 0.033185811713337905
decision_type=2 2 2 2 2 2 2 2 2 2 2 2 2 2 2 2 2 2 2 2 2 2 2 2 2 2 2 2 2 2 2 2 2 2 2 2 2 2 2 2 2 2 2 2 2 2 2 2 2 2 2 2 2 2 2 2 2 2 2 2 2 2
left_child=3 2 7 23 10 6 8 30 25 12 26 15 17 45 -10 35 40 -7 59 29 -20 -18 43 -1 -24 -4 36 52 -9 54 42 -14 33 -15 -11 44 37 -3 -31 -29 -13 53 -2 -21 -6 49 -35 -43 -42 50 -5 -51 -28 -34 -12 -36 -38 -55 -17 -8 -37 -53
right_child=1 4 5 13 11 9 18 28 14 34 19 16 31 32 -16 58 21 -19 20 22 -22 -23 24 -25 -26 -27 27 39 -30 38 -32 -33 41 46 55 60 56 -39 -40 -41 48 47 -44 -45 -46 -47 -48 -49 -50 51 -52 61 -54 57 -56 -57 -58 -59 -60 -61 -62 -63
leaf_value=0 0.58200342824680018 -0.059618222387058828 0.081515954203554078 0 -0.17497622766169529 -0.00030002391563860683 0.041806619014951932 0 0.12988801773176803 0.014895825036212628 -0.21273175041203754 -1.1909823819956207 -0.058606575719541878 0.11985924132949625 0.058054568399599112 -0.14656816030709233 -1.5570566454288481 -0.027365457434858347 -0.0097809306682228227 -0.11127098631830541 0.0043234629459238706 -0.53750857822756026 -0.046536826228819494 0 0.084501496032707443 -0.086465264249850224 1.4393427733018256 -0.051806391029246529 0 -0.062544824558059986 0 0.001652639483517395 0 0 -0.41468006934444812 -0.25549233464260973 -0.041660116325232179 0.092130953900768489 -0.11464389561917281 0.048261463248473149 0.00057799766971770221 -0.11628902690643449 -0.0039366350022408741 -0.058538884435112876 -0.33416151625222984 0 0 0 -2.90853807639993 0 0.24499095542843727 0 0.032644441060040913 0 -0.10785511854506424 -0.047748215233717368 -0.10354725081617994 0 0.019455684324084278 -0.060485893147467371 -0.036132139187129965 -0.24466743218653347
leaf_weight=7778.5874151587486 308.3423558473587 852.31351417303085 641.48133152723312 79.017927765846252 1786.3174054026604 20274.955826282501 8883.4899923205376 1247.5212042331696 12850.760306179523 91.52894139289856 815.91903561353683 104.34151029586792 1182.3613152503967 159.1175092458725 9418.6222412586212 46.097303628921509 2258.4197393655777 17451.988447785378 15031.25036740303 1574.342357635498 31420.995915174484 747.69820016622543 2238.126364171505 79841.573886871338 706.33144474029541 2738.4129028320312 171.33518797159195 1604.2516030669212 1294.190675675869 1619.4774403572083 673.73119843006134 34771.429221570492 565.7239602804184 763.09060156345367 1566.9145648479462 336.96293520927429 1446.1941799521446 175.76815420389175 5854.0912209153175 2230.9672150611877 411.8289178609848 36.895993113517761 228.9212549328804 4974.3896122574806 2803.6136224865913 4592.4117822051048 1127.8593277335167 547.37824273109436 84.010902166366577 363.83560997247696 70.256181120872498 31.44207239151001 102.64071130752563 1932.581911444664 987.0106937289238 116.14780586957932 717.71933889389038 760.46820449829102 616.85916948318481 135.40982204675674 551.63642507791519 38.572738647460938
leaf_count=5487 202 700 490 31 1570 18809 8781 885 10048 35 523 45 730 98 8762 16 1018 19488 16335 1338 32977 441 2459 94063 419 1477 57 1306 226 1262 512 37382 320 604 911 314 1437 27 5291 1763 201 8 224 4799 2172 2143 1019 93 16 95 9 23 112 1931 1210 90 335 633 626 159 523 4
internal_value=-0.00645035 -0.000653713 0.000275969 -0.0179709 -0.00481609 0.000522028 0.00159245 -0.00997898 0.00378816 -0.000628252 -0.00334379 -0.00874953 -0.000450929 -0.0124391 0.00461393 -0.00640407 -0.0127318 -0.00139706 0.000576456 -0.00451814 0.000175685 -0.0143543 -0.00303742 -0.0186692 -0.000196405 -0.00164121 -0.000319464 0.00117935 -0.0143274 -0.00602908 -0.00081855 0.00054081 -0.0101955 -0.00762392 -0.00796695 -0.00739267 -0.00226081 0.00118497 -0.00528916 0.000544022 -0.00453622 -0.0115561 0.00368525 -0.00430886 -0.00820803 -0.0149852 -0.00852586 -0.0164777 -0.00206416 -0.0102374 -0.00246227 -0.0128186 0.00991654 -0.0106596 -0.0090727 -0.00874463 -0.00391545 -0.0114816 0.00170734 0.00263629 -0.00313583 -0.000805541
internal_weight=294836 196147 160328 98688.8 35818.7 156576 81120.4 3752.71 25649.3 75455.3 26070.9 9747.79 73680.7 11068.7 22269.4 6141.49 3606.3 37726.9 55471.1 18769.7 46452.2 3006.12 9493.19 87620.2 2944.46 3379.89 7301.19 4109.19 2541.71 9276.5 1210.99 35953.8 5893.12 2050.07 1774.59 5478.53 3192 1028.08 7473.57 3835.22 600.181 3843.05 537.264 6548.73 4589.93 5175.54 1890.95 584.274 495.84 583.125 149.274 433.85 273.976 3258.77 1802.93 1683.06 2163.91 2693.05 662.956 9018.9 888.599 70.0148
internal_count=295064 188503 158523 106561 29980 156474 79029 2049 20777 77445 23038 6942 76409 7011 18810 5221 1721 38297 58252 17301 49312 1459 9015 99550 2878 1967 5737 3238 1111 8286 938 38112 4706 1721 1036 4579 2499 727 6553 3069 262 2985 426 6137 3742 2305 1623 101 217 162 40 122 169 2884 1733 1001 1772 2564 642 8940 837 27
is_linear=0
shrinkage=0.0382085


Tree=4
num_leaves=63
num_cat=0
split_feature=0 1 15 7 2 21 1 11 30 11 3 1 34 10 12 37 15 2 31 23 29 34 2 34 34 11 34 22 25 23 8 28 0 21 9 34 10 26 2 23 12 25 31 2 35 3 11 9 26 8 10 15 6 1 19 28 9 8 20 34 10 26
split_gain=13411.3 490.097 275.582 263.732 143.553 134.44 115.127 102.006 79.4645 67.8006 63.3624 52.6251 49.6148 42.5806 41.6035 38.654 30.7382 28.6227 28.5532 26.8133 24.03 23.7488 21.4684 20.5486 19.3606 19.0374 17.4835 17.435 15.6118 15.4942 14.9909 15.4469 14.4422 13.6615 13.3069 13.192 15.978 12.9183 11.6892 11.3747 11.3725 10.7529 10.3229 9.45214 9.41218 9.23035 9.255 8.8105 8.18711 7.6043 7.14595 6.63578 6.41868 8.47859 6.01347 5.80162 5.64543 5.12016 8.68652 5.08415 4.83195 4.49914
threshold=0.03024999983608723 3.7750099897384648 -3.498293280601501 1.0000000180025095e-35 16.675724029541019 0.44409851729869848 -3.3113759756088252 -0.4747153222560882 112.86614990234376 -0.20251636952161786 45.185478210449226 23.2382345199585 0.96622970700263988 0.030646855942904953 0.73783251643180858 1.0000000180025095e-35 -1.3384574651718137 10.001285552978517 49.808332443237312 50.602659225463874 196.50000000000003 1.7208421230316164 -1.2723995447158811 -0.54821616411209095 2.3840564489364628 -0.18257769942283628 -0.95154687762260426 0.67172405123710643 -0.0019398269359953699 13.643257617950441 0.0044813407585024842 209.50000000000003 0.044250000268220908 0.28127859532833105 0.17438976466655734 -0.32665535807609553 0.053826179355382926 -7.7234104537637891e-05 -6.2406001091003409 49.998714447021491 0.73783251643180858 0.071762565523386015 64.075000762939467 -10.12768507003784 -7.0079720020294181 -29.697243690490719 -0.30817307531833643 0.051664074882864959 0.10608524456620218 0.0036713361041620378 0.15404038131237033 -2.4163178205490108 13.701282024383547 1.530751705169678 -180.36164093017575 15.500000000000002 0.12949556112289431 0.0012849504710175099 -22.276532173156735 -0.63833090662956227 0.0036752922460436825 -0.0035769080277532335
decision_type=2 2 2 2 2 2 2 2 2 2 2 2 2 2 2 2 2 2 2 2 2 2 2 2 2 2 2 2 2 2 2 2 2 2 2 2 2 2 2 2 2 2 2 2 2 2 2 2 2 2 2 2 2 2 2 2 2 2 2 2 2 2
left_child=3 2 7 25 9 6 8 33 13 26 15 21 20 -4 28 17 -17 -7 48 35 22 45 -11 -20 40 -1 -3 -10 47 44 50 -32 -9 42 37 51 -37 38 56 -12 -21 -41 60 -31 -28 -6 -47 -5 -8 -22 -14 -13 53 -39 -26 -40 -16 -49 -59 -44 -2 -23
right_child=1 4 5 14 11 10 18 32 27 12 39 19 30 -15 34 16 -18 -19 23 24 49 61 -24 -25 54 -27 29 -29 -30 43 31 -33 -34 -35 -36 36 -38 52 55 41 -42 -43 59 -45 -46 46 -48 57 -50 -51 -52 -53 -54 -55 -56 -57 -58 58 -60 -61 -62 -63
leaf_value=0 -0.050505670899902898 -0.096620797803328079 0.12233628185744656 -0.15365190072944818 -0.57805310894575013 -5.1226058356704547e-05 0.03870143953277954 0 0.025450682801509833 -0.062111154811516973 0.0077761581194906622 -0.17180045146454401 -0.084940077005564468 0.056992121871998293 0 -0.049314003504864479 -0.14981237303269782 -0.071979598329792477 -0.012808113178906332 -2.9921511292471572 -0.087018389243644856 0.72382455188113781 -0.12096646069862822 0.0017536108076825004 -1.0580734045934972 0 -0.33337999017585918 -0.15045756436639562 0 0.090832160281897167 -0.014461638095241491 0.076103601075767233 0 0 0 -0.51357070941488892 1.3941669851619687 0 0 -0.4087920922387912 -0.89037402910341357 -0.047914737565982884 0.25093734830606135 -0.0214524085516677 0.75495267335669647 -0.032699874255139948 -0.25342446162119964 0 -0.04088933358403378 -0.026618137676104162 -0.22432374364785948 -1.6278758989505946 -0.79250784312649092 -0.12613985482694728 -0.18140764617316441 0 0.12736178512316848 -0.18506742065336021 0 -0.0037862219402756241 0.55976592904582201 0.01586809392531421
leaf_weight=7778.5874151587486 19.861123621463776 925.79105913639069 10071.576600730419 87.626209259033203 133.5708886384964 63798.804663181305 9252.0706384181976 1247.5212042331696 2921.5126702189445 2732.45085978508 93.687759160995483 48.363170325756073 829.79836857318878 14422.416295111179 626.43629372119904 1207.0400021076202 1250.459276676178 5395.6301338076591 13394.835922241211 926.10649472475052 1177.017427444458 30.652669548988342 11931.101766884327 28021.559746801853 110.76738107204437 79841.573886871338 64.421175181865692 2048.5762766599655 4432.1735458374023 1036.2614777088165 2383.2109531164169 590.18844377994537 1294.190675675869 673.73119843006134 253.07427978515625 102.27882415056229 128.75550240278244 2054.1932612061501 672.80140709877014 1428.1563322544098 1797.7405381202698 212.92052936553955 80.785684049129486 6220.2344036698341 312.72875237464905 319.73663973808289 3562.7652914524078 183.22050857543945 148.51865416765213 2440.3798185586929 79.135730981826782 126.65928965806961 376.06091076135635 925.57351446151733 280.42142158746719 965.68971425294876 19.286369323730469 106.07503128051758 366.44101715087891 148.13557088375092 288.48123222589493 436.10935741662979
leaf_count=5487 24 900 10267 18 45 69158 9156 885 3193 1959 36 23 933 10172 499 224 168 4812 14688 155 1333 9 10376 29681 52 94063 45 895 2219 630 2104 603 226 512 27 65 38 1805 462 820 1079 150 80 5985 84 265 2938 19 167 2542 21 42 271 787 203 853 2 11 38 144 178 438
internal_value=-0.00647776 -0.000697263 0.000249805 -0.0179662 -0.00454795 0.000499882 0.00158055 -0.00997898 0.00348094 -0.00335852 -0.000681791 -0.00910828 -0.00447416 0.00437502 -0.0123976 -0.000506501 -0.00521613 -0.000338646 0.000477914 -0.0126152 -0.00530747 -0.00634413 -0.0059974 4.54693e-05 -0.0138228 -0.0186692 -0.000465198 -0.000917659 -0.014914 0.000131425 -0.000540249 0.000761522 -0.0143274 -0.00081855 -0.01018 -0.00325167 0.00260891 -0.00977955 -0.00750954 -0.00789766 -0.0149733 -0.00864539 0.00368525 -0.00025615 0.00768015 -0.007294 -0.00693596 -0.00964439 0.00237898 -0.00249976 -0.00483883 -0.0111909 -0.0113119 -0.0106763 -0.00570523 -0.00923705 -0.0030632 -0.011171 -0.00887705 -0.00232971 0.00827117 0.00174595
internal_weight=294836 196147 157420 98688.8 38726.6 153668 80281.1 3752.71 29464.1 30722.7 73386.7 8003.93 22163.3 24494 11068.7 71651.9 2457.5 69194.4 50817 3521.09 18280.9 4482.83 14663.6 41416.4 3115.04 87620.2 8559.44 4970.09 5175.54 7633.65 3882.33 2973.4 2541.71 1210.99 5893.12 406.057 231.034 5640.04 2284.21 1734.76 2723.85 1641.08 537.264 7256.5 377.15 4016.07 3882.5 743.363 9400.59 3617.4 908.934 175.022 3355.83 2979.77 391.189 1638.49 645.723 655.737 472.516 228.921 308.342 466.762
internal_count=295064 188503 155636 106561 32867 153587 78219 2049 24527 27515 75368 5352 19871 20439 7011 74362 392 73970 53692 1657 16210 3695 12335 44369 1489 99550 7644 4088 2305 6744 3661 2707 1111 938 4706 168 103 4679 1816 1006 1234 970 426 6615 129 3248 3203 86 9323 3875 954 65 2863 2592 255 1315 501 68 49 224 202 447
is_linear=0
shrinkage=0.0382085


Tree=5
num_leaves=63
num_cat=0
split_feature=0 1 7 15 21 31 2 1 21 1 2 34 21 7 10 38 1 31 23 14 15 3 7 38 11 30 32 33 25 21 30 14 34 31 2 11 0 32 28 9 34 1 8 23 10 2 9 4 31 13 31 34 11 23 13 34 9 6 31 23 9 13
split_gain=13537.4 480.708 265.903 248.87 178.402 130.679 114.547 101.186 99.0387 75.1492 52.5439 47.4806 42.1636 41.5493 38.2829 37.5807 37.5508 31.2497 30.7378 28.5424 27.0331 24.416 23.5966 24.7823 20.8185 16.8353 16.6502 15.8787 15.2868 22.159 16.8611 14.7368 17.1153 13.6327 13.5345 13.1886 12.7817 12.4681 11.778 10.6784 10.3078 10.1269 10.0853 9.63943 9.5401 9.44864 9.29466 8.52906 8.31749 8.21175 7.34365 7.32881 7.30986 7.15047 6.87675 6.49548 6.46065 6.33111 6.29178 6.2666 6.21719 6.11049
threshold=0.03024999983608723 5.5560002326965341 1.0000000180025095e-35 -3.498293280601501 0.44409851729869848 129.1055603027344 6.0246665477752694 -3.3113759756088252 0.36209079623222357 23.2382345199585 11.542535781860353 0.87061420083045971 0.59141781926155101 0.027687456458806995 0.0062876217998564252 1.0000000180025095e-35 1.0000000180025095e-35 45.175001144409187 26.089925765991214 56.945711135864265 -1.275648236274719 -3.703357338905334 0.11064486205577852 1.0000000180025095e-35 -0.18257769942283628 30.796401977539066 -1.0932742357254026 0.60624003410339367 -0.0019398269359953699 0.38639463484287268 112.86614990234376 56.945711135864265 0.55671110749244701 282.34092712402349 -4.1259014606475821 -0.27897474169731135 0.074250001460313811 -0.29842376708984369 30.500000000000004 0.36928717792034155 -0.60742518305778492 8.0890612602233904 0.0029281693277880554 61.027465820312507 0.27253343164920812 -7.3817512989044181 0.10055712237954141 -2.7388330698013301 789.46667480468761 0.58085864782333385 36.691667556762702 -0.32665535807609553 0.089563962072134032 46.692735671997077 -4.3583259582519522 0.37497001886367803 0.020305653102695945 -2.0822494029998775 60.838233947753913 50.602659225463874 0.14966367185115817 1.240929186344147
decision_type=2 2 2 2 2 2 2 2 2 2 2 2 2 2 2 2 2 2 2 2 2 2 2 2 2 2 2 2 2 2 2 2 2 2 2 2 2 2 2 2 2 2 2 2 2 2 2 2 2 2 2 2 2 2 2 2 2 2 2 2 2 2
left_child=2 3 24 8 5 7 12 20 49 11 15 33 22 21 48 16 -6 -17 -16 25 -5 28 36 44 -1 59 -15 -21 29 -4 45 32 -12 40 -9 56 46 -14 -31 -27 -8 -25 -13 -38 -24 -30 -3 -23 -7 55 -28 -35 -29 -37 -49 -2 -10 -56 -57 -11 -44 -33
right_child=1 6 13 4 10 14 9 34 35 19 31 42 37 26 18 17 -18 -19 -20 27 -22 47 23 41 -26 39 50 52 30 38 -32 61 -34 51 -36 53 43 -39 -40 -41 -42 -43 60 -45 -46 -47 -48 54 -50 -51 -52 -53 -54 -55 57 58 -58 -59 -60 -61 -62 -63
leaf_value=0 0.024853664480749105 -0.045413802950859138 0 0.14182217532585625 0.00088539647346284997 0.061477078795733969 -0.23069699895320675 0.041342926035210899 0 -0.31380398101626805 -0.12645319418058129 -0.13107415928644675 -0.20148419169381065 0 -0.040927177712843425 -0.41438281274786154 -0.015201775675537597 -0.033269931636850443 7.7671875635451323e-05 -2.3914195531362439 0.053643826232233911 0 0.068551164426109978 -0.0067605870683272442 0 -0.35343374282101014 0 1.2632810222228692 0 -0.10954785987164876 0 -0.39621610525393192 0.0047837759187373333 -0.16668004176797885 0.0091821537682242379 -1.2873356055664202 -0.054875139197046986 -0.068046219373137151 0.0070711552873551683 0.00066389280856712603 -0.16601983588687474 1.1194992144706677 -0.042997445542213623 0.21197882685094099 -0.092074901629834505 0 0.026454465808462155 0.2872325906833727 9.6816432078307746e-05 0.37814872947688954 0 -0.015017336579679897 -0.77280601582310871 0 0 0 0 0 0 -0.5871132252673219 0.062513100419128997 -0.064654299479811272
leaf_weight=7744.5381485819817 619.42169111967087 2086.740098297596 232.18397396802902 11835.343091011047 35748.316561818123 3956.1529422998428 2391.6646395921707 8596.1512590050697 655.53608858585358 227.42296653985977 4291.1604637503624 181.96394270658493 1166.6927571296692 112.4891529083252 7567.6364832520485 702.66151201725006 35346.275868833065 3775.9424014687538 25394.259159326553 1526.1604973077774 6745.2057597637177 1240.3362605571747 343.24125021696091 140.31311112642288 80631.477667689323 683.35538125038147 124.72689533233643 34.034885168075562 312.71770662069321 40.845638751983643 473.38617020845413 687.95345932245255 1160.6782777309418 647.91312623023987 17965.363621771336 28.197901248931885 2963.2554614543915 3664.9833832979202 139.94979798793793 82.967244863510132 5294.6889994740486 412.98770296573639 1741.6186295747757 56.901435792446136 485.06672781705856 759.41195893287659 336.87742400169373 42.998855233192444 1252.5011655092239 249.82889020442963 2389.9238616228104 608.10519707202911 548.81702291965485 1851.6441351175308 755.46752834320068 99.711355328559875 98.955298066139221 4456.8312693834305 107.05992966890335 980.68194365501404 552.60491877794266 134.76446861028671
leaf_count=5418 482 1590 173 7913 37673 4578 2134 7855 605 102 3676 194 881 13 7488 160 39397 1437 26470 484 6904 856 160 48 94540 469 16 8 229 13 300 370 1087 625 18301 5 2518 3606 32 29 4376 80 1773 24 379 626 38 26 1473 195 298 631 274 600 652 66 19 3732 64 617 360 92
internal_value=-0.00646994 -0.000644461 -0.0179515 0.00011411 0.000334196 0.00157903 -0.00536246 0.00297054 -0.00967108 -0.00751542 -0.000932455 -0.00591746 -0.0024959 -0.0123609 -6.56319e-05 -0.000652894 -0.000438426 -0.00404847 -0.000547634 -0.0119732 0.00513417 -0.0110417 -0.000556135 0.00389405 -0.018652 -0.00862245 -0.0165886 -0.0150892 -0.00725043 -0.000619209 -0.00899688 -0.00429319 -0.00356169 -0.0072148 0.00145551 -0.0136601 -0.00169285 -0.00522782 0.00929607 -0.00411045 -0.00782194 0.010153 -0.0012164 -0.00335241 -0.000244366 -0.00627861 0.000359693 -0.0121782 0.00297705 6.12735e-05 -0.0172338 -0.00346731 -0.00956097 -0.0154056 -0.0128707 -0.00173872 -0.00925327 -0.0129972 -0.0075981 -0.01145 -0.000511104 -0.00908902
internal_weight=295487 196030 99457.3 168871 165160 83312.6 27159.1 45142.1 3710.36 15502 81847.8 11418.6 11657.1 11081.3 38170.5 75573.2 71094.6 4478.6 32961.9 4083.44 18580.5 8454.13 6825.38 1381.61 88376 1974.43 2627.14 2109.01 1958.5 412.979 1545.52 6274.56 5451.84 8942.37 26561.5 2634.33 5443.77 4831.68 180.795 766.323 7686.35 553.301 2476.19 3020.16 828.308 1072.13 2423.62 6495.63 5208.65 1076.02 2514.65 1256.02 582.852 1879.84 5255.3 826.193 754.491 5212.3 206.771 1208.1 2294.22 822.718
internal_count=295234 188310 106924 166910 164874 80982 21400 40973 2036 12076 83892 10093 9324 6966 40009 78667 77070 1597 33958 1983 14817 6639 4837 667 99958 1217 327 766 1373 218 1155 5225 4763 7766 26156 1229 4170 4487 45 498 6510 128 2327 2542 539 855 1628 5266 6051 807 314 1256 282 605 4410 612 624 4384 130 719 2133 462
is_linear=0
shrinkage=0.0382085


end of trees

feature_importances:
volume_zscore_30d=29
bb_pct_b=24
return_1d=23
price_zscore_30d=23
return_3d=21
volume_mean_60d=21
rsi_14=18
price_std_7d=16
price_log=16
price_std_14d=14
price_lag_1d=12
price_std_30d=11
price_std_60d=11
autocorr_1d=11
volume_std_30d=11
volume_log_change_1d=11
return_7d=10
volume_lag_1d=10
vol_regime_60_30=8
macd_histogram=8
log_return_1d=7
macd_signal=7
volume_lag_7d=7
volume_log_change_7d=7
return_14d=6
trend_divergence_30_60=6
price_accel_7d=5
bb_width=5
return_60d=3
macd_line=3
volume_price_conf_7d=2
rsi_missing=2
macd_missing=2
log_return_7d=1
autocorr_7d=1

parameters:
[boosting: gbdt]
[objective: quantile]
[metric: quantile]
[tree_learner: serial]
[device_type: cpu]
[data_sample_strategy: bagging]
[data: ]
[valid: ]
[num_iterations: 1000]
[learning_rate: 0.0382085]
[num_leaves: 63]
[num_threads: -1]
[seed: 128]
[deterministic: 0]
[force_col_wise: 0]
[force_row_wise: 0]
[histogram_pool_size: -1]
[max_depth: 7]
[min_data_in_leaf: 10]
[min_sum_hessian_in_leaf: 0.001]
[bagging_fraction: 0.7]
[pos_bagging_fraction: 1]
[neg_bagging_fraction: 1]
[bagging_freq: 5]
[bagging_seed: 7259]
[bagging_by_query: 0]
[feature_fraction: 0.85]
[feature_fraction_bynode: 1]
[feature_fraction_seed: 2349]
[extra_trees: 0]
[extra_seed: 22898]
[early_stopping_round: 0]
[early_stopping_min_delta: 0]
[first_metric_only: 0]
[max_delta_step: 0]
[lambda_l1: 1]
[lambda_l2: 0.5]
[linear_lambda: 0]
[min_gain_to_split: 0.1]
[drop_rate: 0.1]
[max_drop: 50]
[skip_drop: 0.5]
[xgboost_dart_mode: 0]
[uniform_drop: 0]
[drop_seed: 14092]
[top_rate: 0.2]
[other_rate: 0.1]
[min_data_per_group: 100]
[max_cat_threshold: 32]
[cat_l2: 10]
[cat_smooth: 10]
[max_cat_to_onehot: 4]
[top_k: 20]
[monotone_constraints: ]
[monotone_constraints_method: basic]
[monotone_penalty: 0]
[feature_contri: ]
[forcedsplits_filename: ]
[refit_decay_rate: 0.9]
[cegb_tradeoff: 1]
[cegb_penalty_split: 0]
[cegb_penalty_feature_lazy: ]
[cegb_penalty_feature_coupled: ]
[path_smooth: 0]
[interaction_constraints: ]
[verbosity: -1]
[saved_feature_importance_type: 0]
[use_quantized_grad: 0]
[num_grad_quant_bins: 4]
[quant_train_renew_leaf: 0]
[stochastic_rounding: 1]
[linear_tree: 0]
[max_bin: 63]
[max_bin_by_feature: ]
[min_data_in_bin: 3]
[bin_construct_sample_cnt: 200000]
[data_random_seed: 456]
[is_enable_sparse: 1]
[enable_bundle: 1]
[use_missing: 1]
[zero_as_missing: 0]
[feature_pre_filter: 0]
[pre_partition: 0]
[two_round: 0]
[header: 0]
[label_column: ]
[weight_column: ]
[group_column: ]
[ignore_column: ]
[categorical_feature: ]
[forcedbins_filename: ]
[precise_float_parser: 0]
[parser_config_file: ]
[objective_seed: 18400]
[num_class: 1]
[is_unbalance: 0]
[scale_pos_weight: 1]
[sigmoid: 1]
[boost_from_average: 1]
[reg_sqrt: 0]
[alpha: 0.5]
[fair_c: 1]
[poisson_max_delta_step: 0.7]
[tweedie_variance_power: 1.5]
[lambdarank_truncation_level: 30]
[lambdarank_norm: 1]
[label_gain: ]
[lambdarank_position_bias_regularization: 0]
[eval_at: ]
[multi_error_top_k: 1]
[auc_mu_weights: ]
[num_machines: 1]
[local_listen_port: 12400]
[time_out: 120]
[machine_list_filename: ]
[machines: ]
[gpu_platform_id: -1]
[gpu_device_id: -1]
[gpu_use_dp: 0]
[num_gpu: 1]

end of parameters

pandas_categorical:[]
