tree
version=v4
num_class=1
num_tree_per_iteration=1
label_index=0
max_feature_idx=38
objective=quantile
feature_names=price_lag_1d return_1d return_3d return_7d return_14d return_30d return_60d price_std_7d price_std_14d price_std_30d price_std_60d price_zscore_30d vol_regime_60_30 trend_divergence_30_60 price_accel_7d price_log price_tier log_return_1d log_return_7d autocorr_1d autocorr_7d bb_pct_b bb_width rsi_14 macd_line macd_signal macd_histogram volume_missing volume_lag_1d volume_lag_7d volume_std_30d volume_mean_60d volume_log_change_1d volume_log_change_7d volume_zscore_30d volume_price_conf_7d volume_price_conf_1d rsi_missing macd_missing
feature_infos=[0.029999999329447746:449.08499145507812] [-99.944244384765625:500] [-99.944244384765625:500] [-99.634101867675781:500] [-99.634101867675781:500] [-99.529632568359375:500] [-99.696243286132812:500] [0:82.714279174804688] [0:60.404327392578125] [0:66.041351318359375] [0:83.876434326171875] [-4.9878606796264648:5.2946515083312988] [0.70178574323654175:3191.88232421875] [-299759592013824:2771.76318359375] [-599.63409423828125:597.15875244140625] [-3.5065579414367676:6.1072120666503906] [0:4] [-7.4919800758361816:7.4919800758361816] [-5.610569953918457:7.4919800758361816] [-49972.125:104660.375] [-49817.05078125:133939.390625] [-0.54071199893951416:1.5621322393417358] [0.0016972259618341923:17.690479278564453] [0:99.998138427734375] [-23.050159454345703:37.798225402832031] [-20.377595901489258:34.973644256591797] [-9.5351839065551758:14.867011070251465] none [1:378600] [1:372357] [0:87607.3984375] [1:297578] [-6.308098316192627:10.422162055969238] [-6.7117404937744141:9.4828834533691406] [-4.9106183052062988:5.2923283576965332] [-99.39617919921875:500] [-99.944244384765625:500] [0:1] [0:1]
tree_sizes=5845 5054 5073 4838 5279 6650 4844 5143 4936 5162 4971 5167 5272 5165 5902

Tree=0
num_leaves=55
num_cat=0
split_feature=2 0 17 17 38 5 17 10 17 2 17 4 4 3 17 34 34 4 33 30 3 12 0 17 0 0 12 21 10 0 7 3 33 25 34 0 21 0 30 10 12 19 32 30 0 2 32 21 28 25 10 25 34 34
split_gain=3390.05 688.391 597.116 376.424 336.529 237.535 189.083 91.9544 87.3767 73.9746 67.8824 61.0064 57.7341 51.1589 40.1377 37.79 31.2065 26.7101 22.4813 18.8017 18.084 17.674 17.4434 16.8689 13.6432 12.9434 11.4606 13.1415 11.3133 11.2303 10.6945 10.62 10.5876 15.5916 9.53938 9.28482 8.83944 7.79386 7.17244 6.82636 5.87158 5.3708 5.34633 4.73828 4.42877 3.76585 3.33286 3.22864 2.86331 2.38969 2.38913 0.400064 0.356349 0.474166
threshold=11.542535781860353 0.03024999983608723 0.20894917100667956 0.060523133724927909 1.0000000180025095e-35 32.078548431396491 0.090563602745533003 0.0088018039241433161 0.090563602745533003 34.055976867675788 0.13766930997371676 8.4217143058776873 13.102928638458254 22.67962741851807 -0.077367130666971193 1.5094250440597536 -0.18436331301927564 6.4517722129821786 0.68388766050338756 280.28167724609381 -1.0000000180025095e-35 0.71558824181556713 0.044250000268220908 0.090563602745533003 0.052749998867511756 0.03024999983608723 0.7895849645137788 0.86915129423141491 0.13650704920291903 0.048250000923872001 0.022906253114342693 6.0607674121856698 0.11488801240921022 -5.0517695854068727e-05 -0.21519058942794797 0.034250000491738326 0.71199950575828563 0.034250000491738326 11.342347621917726 1.6625517606735232 0.71558824181556713 73.982013702392592 -0.43301391601562494 165.42481994628909 0.18625000119209292 16.675724029541019 1.1039435267448428 0.72924181818962108 86.500000000000014 -5.0517695854068727e-05 0.059115830808877952 0.00065264842123724531 -0.32665535807609553 0.43232773244380956
decision_type=2 2 2 2 2 2 2 2 2 2 2 2 2 2 2 2 2 2 2 2 2 2 2 2 2 2 2 2 2 2 2 2 2 2 2 2 2 2 2 2 2 2 2 2 2 2 2 2 2 2 2 2 2 2
left_child=1 6 8 4 5 12 -1 19 9 16 23 26 -3 -7 -9 21 22 28 30 -6 46 38 -2 29 -18 -23 52 41 -12 -5 39 -25 36 -34 -19 47 -11 49 -10 -13 -22 -28 -37 -29 -32 -39 50 -20 -42 -17 -8 -48 -4 -54
right_child=2 3 11 10 7 13 20 14 15 32 17 18 -14 -15 -16 37 24 34 35 -21 40 25 -24 31 -26 -27 27 43 -30 -31 44 -33 33 -35 -36 42 -38 45 -40 -41 48 -43 -44 -45 -46 -47 51 -49 -50 -51 -52 -53 53 -55
leaf_value=-7.5541495397652767 -8.2337778955912064 -7.7617794373514899 -10.638438504491305 -8.0010260132273352 -7.7920510233685567 -7.970665702813049 -7.993199061629471 -8.5809177892049 -10.057145263816095 -8.7023737794423397 -8.4524238761598376 -9.0895102302730297 -7.8702489282605219 -8.2946167597385134 -8.6222844779726362 -8.250336036495284 -8.1328545706910571 -8.6778120808037613 -8.5539057115014376 -8.1328545706910571 -8.1633127401724934 -8.1052971672414049 -8.1418190036772184 -8.026561805403496 -7.9919625858448491 -8.4114903356662616 -8.7372279981622487 -10.782984443485445 -8.1445884499682322 -7.9106085782217423 -10.803493148780994 -8.0471014869521138 -8.51574045459129 -9.8321734006195669 -8.3817463774084047 -11.193589682689684 -8.8803251633821585 -7.913593651496865 -8.441362801443173 -7.8152194760390294 -8.3808710125163906 -8.8150502460516016 -9.5599800898200193 -10.001991703551557 -10.556072709318592 -8.1840325606162363 -7.7431144523279487 -10.794470588693821 -7.9447776421972263 -8.1052971672414049 -7.7545668645814914 -8.4989740710417152 -9.1795680200116934 -9.4814756361854133
leaf_weight=96621.638975977898 424.89656454324722 130878.20073252916 57.477539658546448 1015.9424809217453 2480.1494588255882 8405.1922987699509 79.08632504940033 2487.4261528253555 50.049991130828857 329.29532337188721 1070.8018822669983 1037.1238948106766 12116.477614700794 1606.6561506986618 6068.2688211798668 31.969995260238647 573.92770832777023 592.78962385654449 15.527888298034666 175.11866718530655 77.656385660171509 264.70081615447998 3845.5620085597038 2315.6963437795639 3243.4705540537834 3472.7488599419594 315.36429703235626 144.78910845518112 576.04161095619202 6195.6041705608368 1386.6254255175591 1538.3972253799438 100.91097521781921 590.79396158456802 517.54218769073486 98.055505692958832 389.61297214031219 196.08996087312698 272.86729431152344 28.929553985595703 221.07605272531509 182.51915675401688 624.41322487592697 36.839754700660706 538.91461056470871 363.62042194604874 38.970427632331848 286.98629432916641 115.19799202680588 21.10630190372467 14.455444574356077 10.250025033950804 30.520776033401489 12.05629253387451
leaf_count=105239 367 138604 10 878 1031 7043 65 789 7 118 647 672 12604 1220 2350 25 492 395 9 70 29 225 3379 1806 3014 2956 183 63 203 5673 259 1394 69 334 407 49 292 175 101 3 176 58 378 13 368 339 18 138 70 26 3 5 11 5
internal_value=-7.81247 -7.81154 -7.826 -7.81276 -7.81232 -7.81192 -7.8093 -7.81785 -7.82258 -7.82075 -7.81801 -7.83608 -7.81157 -7.81684 -7.81952 -7.82629 -7.81953 -7.82265 -7.83774 -7.81248 -7.8285 -7.82745 -7.82148 -7.81685 -7.81734 -7.82678 -7.82753 -7.8259 -7.81995 -7.8159 -7.83922 -7.81862 -7.82775 -7.83074 -7.82663 -7.83338 -7.82483 -7.81857 -7.83498 -7.83637 -7.83201 -7.82302 -7.83119 -7.83361 -7.84077 -7.81736 -7.81814 -7.83846 -7.82988 -7.83069 -7.82179 -7.81147 -7.83818 -7.83279
internal_weight=294186 275219 18967.8 178040 164217 153007 97178.3 11211 14171.6 9498.47 13822.8 4796.14 142995 10011.8 8555.69 4673.15 8087.86 2757.18 4016.58 2655.27 556.693 4060.37 4270.46 11065.6 3817.4 3737.45 779.567 679.512 1646.84 7211.55 2991.59 3854.09 1410.61 691.705 1110.33 1024.98 718.908 612.787 322.917 1066.05 413.93 497.883 722.469 181.629 1925.54 559.71 142.762 302.514 336.274 53.0763 93.5418 49.2205 100.055 42.5771
internal_count=294857 280719 14138 175114 163711 159471 105605 4240 11919 8065 11403 2219 151208 8263 3139 3854 7252 1652 1876 1101 366 3289 3746 9751 3506 3181 343 317 850 6551 1302 3200 813 403 802 574 410 565 108 675 275 241 427 76 627 514 91 147 246 51 68 23 26 16
is_linear=0
shrinkage=1


Tree=1
num_leaves=46
num_cat=0
split_feature=1 15 22 3 3 5 5 0 1 1 23 1 3 1 1 34 34 22 15 26 3 30 34 22 6 14 19 0 33 33 1 15 19 23 34 32 1 0 15 7 9 33 23 1 23
split_gain=3125.69 813.745 541.005 398.182 276.74 132.064 259.925 97.0658 72.9338 46.7507 45.9704 40.489 36.6769 31.9773 31.9271 29.0166 23.4241 16.7693 17.8283 14.4053 14.1567 13.8548 13.1119 10.9058 10.7791 10.4272 9.65189 9.50174 7.01246 6.89464 5.61363 12.8468 4.09309 3.86732 3.45988 3.3715 3.19001 2.87171 2.6143 4.42422 2.28653 2.01276 1.81886 0.815167 2.06209
threshold=9.4791135787963885 -3.498293280601501 0.21600311249494555 45.185478210449226 29.463113784790043 -1.0000000180025095e-35 1.0000000180025095e-35 0.03024999983608723 14.759599208831789 23.2382345199585 50.602659225463874 5.0233771800994882 45.185478210449226 3.7750099897384648 23.2382345199585 -0.27087041735649103 -0.21519058942794797 2.5542645454406743 -2.6700387001037593 -0.0076153373811393968 7.144585609436036 38.016588211059577 1.0000000180025095e-35 0.15304718911647799 34.170503616333015 31.312847137451175 47.141702651977546 0.044250000268220908 -0.83924686908721913 0.68388766050338756 6.9770436286926278 -3.3740954399108882 -38.907890319824212 49.998714447021491 0.31960773468017584 1.3866302967071535 4.1540527343750009 0.068250000476837172 0.20802989602088931 0.011957265436649324 0.047012135386466987 -0.24702624976634976 58.33415603637696 14.759599208831789 52.500360488891609
decision_type=2 2 2 2 2 2 2 2 2 2 2 2 2 2 2 2 2 2 2 2 2 2 2 2 2 2 2 2 2 2 2 2 2 2 2 2 2 2 2 2 2 2 2 2 2
left_child=1 -1 11 7 5 13 -7 20 16 28 15 23 27 -4 -12 -10 26 22 -19 -14 24 -18 42 36 29 -20 -9 -6 43 -2 34 -32 35 -24 -13 -22 -3 -25 39 -30 -34 -40 -11 44 -5
right_child=3 2 4 9 12 6 -8 8 10 17 14 30 19 -15 -16 -17 21 18 25 -21 32 -23 33 37 -26 -27 -28 -29 38 -31 31 -33 40 -35 -36 -37 -38 -39 41 -41 -42 -43 -44 -45 -46
leaf_value=0.24980710531587619 -1.8841264200089269 0.094570937381321052 0.0022973586128390276 0.33828358694348459 -0.55443983322516521 -0.74866585428569254 -0.074623427908251203 -0.27298924034277766 -0.84317865891482691 -2.0287061052898916 -0.44990660088922663 -0.033974642331522011 -1.9217514745063282 -0.096326962495222671 -0.89823193917303779 -0.66507380280849471 -0.23956318853837064 0.35885416569429779 -2.8617868164895968 -1.0292086200770829 -0.59503521847201624 -0.15476793102198932 -0.025777689956564716 0.020467056285551871 -1.8828893242753604 -2.9079520403179111 -0.57248700304518685 -0.4149561943225869 -0.90287232426758002 -0.20437933719072954 -0.004568725175946464 -0.065064830182960998 -0.52614174138480896 -1.7360856816405963 0.023793901894120121 -0.48598168195620234 0.015465048253702629 0.061840737701895437 -1.342275804272274 -1.4477050493697652 -1.0717061486855046 -0.56320971495686167 -1.9666996130289489 -2.6308750299875441 -1.0606715891392604
leaf_weight=99345.17293125391 303.08528792858124 42163.385724127293 37565.910239696503 4.691259264945983 157.36688238382339 9850.7943646907806 44287.135147094727 2158.5156716704369 1080.4252049922943 179.85318005084991 1939.4077781438828 1959.9059147238731 63.594089269638062 5532.4219850301743 1543.5413383841515 1254.2901881933212 1873.5627266168594 19.769957304000854 38.241176843643188 2044.3816135525703 200.68165081739426 1270.2578741312027 17.724857568740845 3248.4189192056656 57.484081625938416 1378.1635529994965 575.03411483764648 1831.0116692185402 148.63606917858124 106.96742671728134 26.649473309516907 1608.7636699676514 502.19006854295731 716.95557254552841 1152.7861611843109 32.251512765884399 1297.5478574037552 25413.898949861526 12.125160694122313 298.26369911432266 119.33257472515106 70.916882634162903 632.96303743124008 61.687368094921112 40.239217579364777
leaf_count=106400 175 50148 34430 3 130 4409 39184 1869 520 96 1688 2222 10 4874 1008 618 1603 3 8 1321 150 1078 6 3547 14 168 418 1598 106 59 34 1799 506 439 1363 26 1428 30669 11 211 14 63 366 35 30
internal_value=7.38943e-05 0.000908519 -0.000428329 -0.0138479 -0.00201536 -0.0016604 -0.00274779 -0.011146 -0.0101813 -0.0235525 -0.0128108 0.0016635 -0.0104348 -0.00029406 -0.0152263 -0.00919537 -0.00757392 -0.0253003 -0.0279603 -0.0134837 -0.0196535 -0.00561177 -0.0228045 0.00185832 -0.0148537 -0.0283964 -0.00982164 -0.00718906 -0.0153076 -0.0128408 -0.00129213 -0.00286215 -0.02224 -0.0194406 -0.00046127 -0.0179848 0.00218919 0.00135599 -0.0136241 -0.0146775 -0.0237768 -0.00765142 -0.025797 -0.0233173 -0.0177027
internal_weight=294186 277549 178204 16637.3 101333 97236.3 54137.9 13017 11695 3620.23 5817.66 76871.4 4096.35 43098.3 3482.95 2334.72 5877.37 2983.67 1436.17 2107.98 1321.99 3143.82 1547.5 72123.3 467.537 1416.4 2733.55 1988.38 636.56 410.053 4748.11 1635.41 854.456 734.68 3112.69 232.933 43460.9 28662.3 529.942 446.9 621.523 83.042 812.816 106.618 44.9305
internal_count=294857 283566 177166 11291 85956 82897 43593 9746 8802 1545 3834 91210 3059 39304 2696 1138 4968 1086 179 1331 944 2681 907 85792 248 176 2287 1728 459 234 5418 1833 696 445 3585 176 51576 34216 391 317 520 74 462 68 33
is_linear=0
shrinkage=0.0330689


Tree=2
num_leaves=46
num_cat=0
split_feature=2 15 1 22 38 1 5 1 22 12 1 34 1 21 30 3 26 15 15 26 12 26 32 1 35 34 34 38 11 34 22 21 34 34 15 23 22 30 11 19 11 12 3 32 20
split_gain=3037.3 741.38 584.975 434.246 317.56 245.719 139.629 77.0874 57.1906 56.8088 54.498 33.4612 32.3076 31.4858 29.8418 29.3785 28.6564 24.1112 23.2309 23.0733 17.8931 17.427 16.4524 15.1323 14.466 14.0257 10.9592 10.9284 10.7144 9.98941 9.24729 9.20445 8.56816 7.0824 6.81396 6.15427 6.11355 5.93085 3.99267 3.72906 3.67679 3.31 2.08491 2.01047 1.72932
threshold=11.542535781860353 -3.498293280601501 23.2382345199585 0.21600311249494555 1.0000000180025095e-35 8.0890612602233904 32.078548431396491 9.4791135787963885 0.67172405123710643 0.7895849645137788 6.9770436286926278 1.5094250440597536 0.43974256515502935 0.76586198806762706 33.474445343017585 6.0607674121856698 -0.00084884563693776716 -3.0737084150314327 -3.3740954399108882 -0.09379506483674048 0.71558824181556713 0.0021500027505680923 1.0000000180025095e-35 3.7750099897384648 -7.5539886951446524 -0.21519058942794797 1.5094250440597536 1.0000000180025095e-35 -0.25438576936721796 1.3463041782379153 0.16247605532407763 1.2083246707916262 -0.27087041735649103 -0.18436331301927564 -3.263633012771606 55.738552093505866 0.86368936300277721 34.869915008544929 -0.10005075857043265 9.354225158691408 -0.20251636952161786 0.73783251643180858 7.8128068447113046 -0.29842376708984369 -25.668729782104489
decision_type=2 2 2 2 2 2 2 2 2 2 2 2 2 2 2 2 2 2 2 2 2 2 2 2 2 2 2 2 2 2 2 2 2 2 2 2 2 2 2 2 2 2 2 2 2
left_child=1 -1 7 10 5 6 -5 8 17 19 23 20 14 28 -6 -7 22 35 42 -4 21 -9 -10 30 -18 -19 31 -22 43 40 -3 -15 -14 -30 44 -2 -28 -31 -20 -25 -21 -36 -12 -11 -13
right_child=2 3 9 4 12 15 -8 11 16 13 18 34 32 26 -16 -17 24 25 38 29 27 -23 -24 39 -26 -27 36 -29 33 37 -32 -33 -34 -35 41 -37 -38 -39 -40 -41 -42 -43 -44 -45 -46
leaf_value=0.24154626939545881 -0.30760919090236016 0.091214515967366946 -1.139359494967388 -0.0078035906390654664 -0.40204167471474272 -0.24964238311766607 -0.21839970593129396 -0.58607379443863161 -0.21307009190304443 -0.47985368566045689 -0.16404943282313034 -0.41823929950392313 -0.55100136375423947 -1.4500570266912798 -1.1353730718983517 -0.3760539321643197 -1.4402935298135708 -0.24854739590489977 0.0089403084190082336 -1.5514786055961338 -0.44200000948333773 -0.579789188406587 -0.23139713942069026 0.015316461876811823 -0.90733519837967924 -0.1311434968157755 -0.66136981551631524 -1.4041397135572533 -1.6386604960344913 -2.8887090573274574 0.055418189621034918 -2.7064375973487529 -0.2991134321207356 -0.73776242925100544 0.0094383842059148314 -0.42143714559517659 -2.72772390723686 -2.3878140749735257 -0.081512732729960596 -0.032851139677741684 -2.785911055589501 -0.29637099222158203 -0.020502349290285368 0.074432102622593976 -0.18698043017819013
leaf_weight=99345.17293125391 364.24470108747482 45824.975126087666 54.996704339981079 74084.901949346066 1283.5456535220146 3761.8447754383087 9869.8071687221527 265.48510837554932 427.18726933002472 26.165883421897888 16.186023354530334 20.251937806606293 1294.6030956506729 859.23860907554626 4498.2924773097038 3067.5623034238815 202.23644256591797 2521.6212530136108 425.28803819417953 27.711963176727295 3332.0384891033173 57.432177066802979 482.69380444288254 5437.3140444755554 2566.5468188524246 2605.1062127351761 207.4165186882019 405.4111869931221 305.20398956537247 106.31158834695816 22303.025567233562 802.26741337776184 1160.1768748760223 263.16939479112625 83.376653552055359 328.83356577157974 165.79812973737717 211.78713244199753 1760.2908792495728 1001.0017679333687 1693.7796902060509 477.4793895483017 84.648374736309052 72.296306073665619 31.67869907617569
leaf_count=106400 344 54722 7 66954 577 2902 7975 99 181 17 19 13 490 503 1396 2403 87 2655 396 8 3029 9 137 6230 1457 2867 216 152 128 25 26455 539 434 124 16 337 80 89 2093 1166 443 499 107 40 37
internal_value=0.00014087 0.00102305 -0.0126579 -0.000266818 -0.00171451 -0.00115017 -0.000659229 -0.00927634 -0.00755985 -0.0226423 0.00159824 -0.0127593 -0.00793172 -0.0194336 -0.00928443 -0.007182 -0.0107922 -0.00551235 -0.00342722 -0.0267616 -0.0138493 -0.0214205 -0.00565838 0.0017526 -0.0124707 -0.00472245 -0.0214943 -0.0131852 -0.013098 -0.0273336 0.00189745 -0.0226815 -0.00473641 -0.0148476 -0.00549934 -0.0113162 -0.0161186 -0.0215462 -0.0026977 0.000217243 -0.0283803 -0.0043799 -0.0188955 -0.00278498 -0.0169659
internal_weight=294186 275219 18967.8 175873 99020.7 90784.1 83954.7 14171.6 9498.47 4796.14 76852.7 4673.15 8236.62 2701.56 5781.84 6829.41 3678.66 5819.81 2286.41 2094.59 4060.37 322.917 909.881 74566.3 2768.78 5126.73 2034.72 3737.45 666.836 2039.59 68128 1661.51 2454.78 568.373 612.787 693.078 373.215 318.099 2185.58 6438.32 1721.49 560.856 100.834 98.4622 51.9306
internal_count=294857 280719 14138 174319 83131 80234 74929 11919 8065 2219 91188 3854 2897 1647 1973 5305 1862 6203 2615 572 3289 108 318 88573 1544 5522 1338 3181 309 565 81177 1042 924 252 565 681 296 114 2489 7396 451 515 126 57 50
is_linear=0
shrinkage=0.0330689


Tree=3
num_leaves=44
num_cat=0
split_feature=1 15 22 3 3 12 22 22 3 0 15 5 1 22 22 1 5 1 0 23 12 1 33 33 26 31 14 3 21 15 32 26 22 30 21 8 0 15 21 33 7 21 7
split_gain=2615.46 822.071 492.34 334.673 211.824 104.324 97.8416 78.8434 64.2051 53.4552 151.91 49.4762 46.2199 45.7491 44.4448 32.8433 32.1881 27.1099 27.0088 23.3282 17.2211 16.7237 17.1397 16.5238 16.2796 13.8223 13.683 13.4247 12.4431 12.1108 10.0216 10.8643 9.58551 8.75177 8.49768 8.48097 6.7007 6.35449 6.28515 6.02177 2.84274 2.35239 2.12264
threshold=11.384126186370851 -3.498293280601501 0.33486993610858923 45.185478210449226 22.67962741851807 0.94323155283927929 0.20997694134712222 0.67172405123710643 11.29057550430298 0.096250001341104521 -1.3384574651718137 16.08036041259766 5.0233771800994882 2.5542645454406743 1.0516322255134585 23.2382345199585 25.455875396728519 5.0233771800994882 0.034250000491738326 78.777839660644545 0.71558824181556713 23.2382345199585 0.49478396773338323 -0.16105689853429792 -0.00067990997922606755 49.808332443237312 31.312847137451175 -29.697243690490719 0.69445210695266735 -2.6700387001037593 0.26342661678791052 -0.037489853799343102 0.15304718911647799 103.94732666015626 0.72924181818962108 0.0018885498866438868 0.47325000166893011 -1.1139800548553465 1.2083246707916262 -0.22304964065551755 0.0026106464210897688 0.54087948799133312 0.0090917940251529234
decision_type=2 2 2 2 2 2 2 2 2 2 2 2 2 2 2 2 2 2 2 2 2 2 2 2 2 2 2 2 2 2 2 2 2 2 2 2 2 2 2 2 2 2 2
left_child=1 -1 6 8 5 11 12 -7 16 10 -8 -4 32 21 25 18 19 -11 40 27 -18 39 38 -20 -16 -6 37 -2 -22 -28 31 -17 -3 -32 -24 -14 -31 -15 -23 42 -10 -41 -5
right_child=3 2 4 13 14 7 9 -9 15 17 -12 -13 35 26 24 30 20 -19 23 -21 28 22 34 -25 -26 -27 29 -29 -30 36 33 -33 -34 -35 -36 -37 -38 -39 -40 41 -42 -43 -44
leaf_value=0.23355860989257279 -0.73775687552404356 0.086024489468200321 0.0024794434228402724 -0.86825760827948761 -0.52018706676108706 -0.10265653347353586 -0.05180592038421454 -0.40131126668652101 -0.23365254748570882 0.028136936578744064 -1.9894420750499273 -0.1551260755029393 -0.064247814841828746 0.80640984799773308 -0.2259837680803167 -0.1724346390264182 -1.7284974232344468 -0.079891795971378438 -0.48764196156771161 -2.5642599483200152 -0.66743802465003965 -1.2398749708870576 0.13028188091995707 -0.31560410517016652 -0.99558393427926239 -0.23743019607124938 -1.2781435084521591 -0.40569827314014084 -0.77698973766132817 -2.7196693782789896 -0.7124067733498306 -0.7178233855761148 0.053746425798208333 -0.42215681414076495 -1.5105053664047885 -0.026543711707556365 -2.5314393203856174 -2.6776519889689108 -1.8570677669467468 -1.9278538630437203 -0.33474734683237262 -0.78282783464766381 -1.4178655376440974
leaf_weight=99345.17293125391 346.91795146465302 43460.933581531048 22076.289973795414 41.193858683109283 1534.7815189361572 19760.418442249298 10306.772104799747 10921.54010206461 313.93322765827179 25252.070675551891 985.35252571105957 8253.8089954853058 578.58194488286972 24.211322784423828 254.50503849983215 33.687906265258789 81.98401415348053 2796.5329576134682 885.93413698673248 82.141683340072632 545.47589123249054 303.39932388067245 22.687475204467773 1552.6656174063683 2007.3346793055534 2322.7419969439507 23.972817182540894 4087.08442735672 393.09190136194229 1377.2304708957672 492.33195185661316 876.66444909572601 26372.84686756134 100.54260045289993 583.74082338809967 4462.2418148517609 60.708625555038452 20.472274303436279 637.66902512311935 16.890684008598328 189.9665242433548 286.81311303377151 113.06583541631699
leaf_count=106400 137 51576 10069 33 1333 21078 10517 5729 316 30097 126 5304 682 6 52 8 10 3198 752 16 294 152 7 1401 1011 2504 4 2698 306 166 347 641 31491 69 349 5109 17 4 399 6 136 230 77
internal_value=0.000205028 0.000888772 -0.000435727 -0.014015 -0.00268325 -0.00209452 0.000885148 -0.00345419 -0.0109209 -0.000449774 -0.00237099 -0.000718458 0.00158676 -0.022799 -0.00854907 -0.0138875 -0.00853375 0.000323158 -0.0118309 -0.00732435 -0.013857 -0.0194758 -0.0211465 -0.0103676 -0.0122379 -0.00637923 -0.0271958 -0.00699185 -0.0125301 -0.027753 -0.0178917 -0.0201357 0.00180761 -0.0143901 -0.0166604 -0.00146928 -0.0281435 -0.008395 -0.023999 -0.0137609 -0.0188454 -0.0108655 -0.0192483
internal_weight=294186 280692 181347 13494.5 67131.4 61012.1 114215 30682 9982.42 39340.7 11292.1 30330.1 74874.6 3512.06 6119.36 4445.73 5536.7 28048.6 2942.5 4516.14 1020.55 2005.46 1547.5 2438.6 2261.84 3857.52 1506.6 4434 938.568 1461.91 1503.23 910.352 69833.8 592.875 606.428 5040.82 1437.94 44.6836 941.068 457.963 503.9 303.704 154.26
internal_count=294857 286276 179876 8581 47080 42180 132796 26807 7131 43938 10643 15373 88858 1450 4900 3670 3461 33295 2605 2851 610 1253 907 2153 1063 3837 197 2835 600 187 1065 649 83067 416 356 5791 183 10 551 346 452 236 110
is_linear=0
shrinkage=0.0330689


Tree=4
num_leaves=48
num_cat=0
split_feature=1 15 3 3 19 37 1 5 4 1 11 3 4 34 19 12 34 19 1 11 20 15 4 34 0 25 12 29 19 29 3 29 4 15 8 11 5 11 34 4 26 1 19 34 19 26 29
split_gain=2469.18 755.452 410.604 310.076 147.931 120.463 89.5714 87.9651 64.2611 59.7311 59.7108 40.4805 38.6889 30.9918 29.7628 27.6724 22.0752 19.8542 19.4771 19.2789 14.8517 14.2418 12.886 14.9283 12.8071 11.9536 11.4679 10.1566 9.96545 13.2516 9.66958 7.68148 7.01372 6.98099 8.80508 6.29847 6.11228 4.83421 4.24301 5.19182 4.16329 3.21764 3.02715 2.77277 2.38801 2.14197 1.81913
threshold=9.4791135787963885 -3.498293280601501 45.185478210449226 22.67962741851807 13.223929882049562 1.0000000180025095e-35 14.759599208831789 28.433695793151859 14.290558338165285 23.2382345199585 -0.18254468590021131 45.185478210449226 -1.0000000180025095e-35 0.37497001886367803 33.628753662109382 0.71558824181556713 -0.11601413786411284 -180.36164093017575 -2.00993800163269 -0.4747153222560882 -498.60307312011713 -3.0737084150314327 26.030408859252933 0.49177943170070654 0.03024999983608723 0.018918058834970001 0.73783251643180858 27.500000000000004 -32.052343368530266 30.500000000000004 10.157131671905519 33.500000000000007 -2.3291430473327632 -2.3101165294647212 0.12561005353927615 0.089563962072134032 88.926731109619155 1.1438003182411196 -0.079453326761722551 59.953170776367195 -0.00041318425792269403 14.759599208831789 -394.57060241699213 3.0869361162185673 149.78632354736331 -0.09379506483674048 3.5000000000000004
decision_type=2 2 2 2 2 2 2 2 2 2 2 2 2 2 2 2 2 2 2 2 2 2 2 2 2 2 2 2 2 2 2 2 2 2 2 2 2 2 2 2 2 2 2 2 2 2 2
left_child=1 -1 6 4 5 7 16 -3 19 38 -7 21 18 26 -14 33 30 32 -6 42 -21 40 35 -24 -15 -19 -10 -23 36 -30 37 -32 -13 34 -11 -17 -18 -2 39 44 -5 -41 -8 -35 -4 -40 -47
right_child=2 3 9 11 12 10 8 -9 13 15 -12 17 14 24 -16 22 28 25 -20 20 -22 27 23 -25 -26 -27 -28 -29 29 -31 31 -33 -34 43 -36 -37 -38 -39 45 41 -42 -43 -44 -45 -46 46 -48
leaf_value=0.22583509317480915 -0.29790177108622201 0.028536609915699986 -0.76078569715911026 0.42174187121291817 -0.028303079664399492 -1.5917334335815814 -0.16472457101621132 -0.11757036701631439 -0.59380295713558784 -1.5604503353904646 -0.012259671470725025 -0.24693778762186466 -0.091534220268247091 -0.51606386013953165 -0.3049015814316246 0.054451417801654287 -0.080226781780068229 -0.83994730555758557 -0.1483435223611953 -0.73529249361272431 -0.65490897379938973 -0.38197265259445351 -2.4423173415829864 -1.8900658827085555 -0.42520479386329596 -0.39137851050917977 -0.6341036849451932 -0.20661361097679054 -0.31386043308219097 -0.15309955890320781 -0.39248915269931345 -0.23142196914331636 -1.9179936257118233 -2.6419929285616885 0.40168968969277441 -1.7985955535826665 -1.1032731199548016 -0.27417229593245884 -0.69591167883074434 -0.97963398864037377 -0.53842371937810296 -3.3702124754479392 -0.30007570146284235 -2.6332978240989324 -1.1223645878199651 -0.051249680253836534 -0.77880686209582461
leaf_weight=99345.17293125391 1752.3190496563911 140524.58852219582 112.30592048168182 20.323574900627136 7004.7998313307762 1669.4600866436958 241.10029548406601 10112.548347294331 409.28144407272339 71.329371333122253 1112.7651358246803 21.382374405860901 4958.3398547172546 100.89166474342346 4422.1409384608269 22.100481510162354 1307.1997326016426 1090.7640215158463 2223.585448205471 450.02588874101639 2652.0484807491302 906.90090578794479 1056.3275943994522 591.64247542619705 761.50250869989395 578.04166299104691 1719.5656250715256 2744.2516459226608 455.2997510433197 1201.8894844055176 501.17683440446854 693.52368968725204 417.78764390945435 934.83110189437866 16.923731803894043 196.4474219083786 23.724755764007568 382.70545375347137 9.6431846618652326 61.967450678348541 396.29266661405563 100.91667097806931 364.77284121513367 94.069156467914581 53.692131817340851 21.318549275398254 276.71574866771698
leaf_count=106400 1286 146822 79 5 6296 221 131 8849 155 45 370 7 4645 94 2909 6 1115 722 1997 228 1488 735 471 333 628 414 1389 2671 387 1068 411 683 188 117 2 94 11 378 1 48 315 55 294 18 37 13 226
internal_value=0.000254199 0.000996018 -0.0121194 -0.000292052 -3.05742e-05 0.000307064 -0.00937623 0.000433118 -0.0120434 -0.0219731 -0.00650962 -0.00757176 -0.00281496 -0.0156583 -0.00431118 -0.0239432 -0.00654403 -0.0112989 -0.00129199 -0.00911925 -0.0101761 -0.00563396 -0.0214113 -0.0224336 -0.0103035 -0.00961983 -0.017814 -0.0049624 -0.00446625 -0.00618331 -0.00840177 -0.0108143 -0.0176052 -0.0281357 -0.018275 -0.0135597 -0.00231281 -0.00703962 -0.0126898 -0.0154096 -0.0114538 -0.0197601 -0.00367296 -0.0289469 -0.010949 -0.00968858 -0.00904126
internal_weight=294186 277549 16637.3 178204 172028 153419 13017 150637 6699.19 3620.23 2782.23 6175.74 18608.9 2991.24 9380.48 2983.67 6317.84 2107.98 9228.39 3707.95 3102.07 4067.77 1866.52 1647.97 862.394 1668.81 2128.85 3651.15 2988.11 1657.19 3329.73 1194.7 439.17 1117.15 88.2531 218.548 1330.92 2135.02 636.56 328.882 416.616 162.884 605.873 1028.9 165.998 307.677 298.034
internal_count=294857 283566 11291 177166 172109 156262 9746 155671 4407 1545 591 5057 15847 2266 7554 1086 5339 1331 8293 2141 1716 3726 904 804 722 1136 1544 3406 2581 1455 2758 1094 195 182 47 100 1126 1664 459 219 320 103 425 135 116 240 239
is_linear=0
shrinkage=0.0330689


Tree=5
num_leaves=61
num_cat=0
split_feature=1 22 4 38 4 9 4 11 38 31 22 14 1 29 1 12 1 28 28 34 11 1 1 34 1 14 35 22 4 12 22 6 12 11 11 11 28 11 34 22 12 26 34 1 31 1 37 29 1 14 9 23 12 11 9 23 1 6 1 5
split_gain=2424.77 656.86 437.532 251.503 263.842 132.16 97.4816 95.9481 74.4131 99.7485 64.2401 57.4591 52.8386 52.1166 46.4562 44.7683 40.6559 35.5053 34.7397 34.0133 30.3247 28.4155 35.021 26.4614 21.3812 20.8958 20.6666 17.7632 16.4889 15.4933 15.0886 14.3486 18.0067 13.3084 13.1337 10.1067 10.0112 10.0007 10.2018 9.12788 9.01542 8.67561 8.47865 8.07059 7.95151 7.80681 7.2128 7.00156 6.79206 6.60492 6.19376 5.57184 5.46112 3.01353 2.99542 1.60097 0.779976 0.369467 0.258093 0.181264
threshold=9.4791135787963885 0.22553574293851855 59.953170776367195 1.0000000180025095e-35 26.030408859252933 0.0010957728954963388 15.807462692260744 -0.10005075857043265 1.0000000180025095e-35 24.305171966552738 2.5542645454406743 39.808166503906257 14.759599208831789 27.500000000000004 3.7750099897384648 1.1984818577766421 3.7750099897384648 51.500000000000007 96.500000000000014 1.1997777223587038 0.80255013704299938 -1.8361932039260862 1.0000000180025095e-35 0.12433474510908128 23.2382345199585 -14.961906909942625 53.821811676025398 0.86368936300277721 7.6934077739715585 0.94323155283927929 1.397558391094208 12.5720272064209 0.73783251643180858 1.0000000180025095e-35 -0.75992262363433827 1.5526655912399294 850.50000000000011 -0.18254468590021131 -0.4077379703521728 0.41687577962875372 0.7895849645137788 0.0010871695121750238 -0.95154687762260426 -0.42187580466270441 55.091665267944343 23.2382345199585 1.0000000180025095e-35 83.500000000000014 6.2392175197601327 31.312847137451175 0.027776333503425125 59.12721252441407 0.7895849645137788 1.7309572100639345 0.17438976466655734 70.272331237792983 5.5560002326965341 7.3701078891754159 1.8767175078392031 2.5650140047073369
decision_type=2 2 2 2 2 2 2 2 2 2 2 2 2 2 2 2 2 2 2 2 2 2 2 2 2 2 2 2 2 2 2 2 2 2 2 2 2 2 2 2 2 2 2 2 2 2 2 2 2 2 2 2 2 2 2 2 2 2 2 2
left_child=1 5 6 4 7 28 20 14 16 15 23 17 37 -9 -3 -10 46 -6 -11 29 31 26 43 24 49 35 34 40 57 -14 -13 39 -33 -24 -5 54 53 50 -39 -2 -22 -26 -29 -23 52 -21 -7 -38 -18 -4 -8 -46 -25 -27 -12 56 -30 58 -1 -59
right_child=2 3 10 21 11 8 12 13 9 18 25 30 19 -15 -16 -17 48 -19 -20 45 27 22 33 44 41 36 -28 42 55 -31 -32 32 -34 -35 -36 -37 47 38 -40 -41 -42 -43 -44 -45 51 -47 -48 -49 -50 -51 -52 -53 -54 -55 -56 -57 -58 59 -60 -61
leaf_value=0.21836698434167462 -0.093485156628639529 0.048502539480958486 -0.6405923992090673 -0.38002573538301326 -0.44915122299750176 0.076790552976763807 -0.49736247463132732 -0.20076479896566993 0.0060920306905688582 -0.57717097225853642 -1.6517015996092472 -0.55838656653328811 -0.60281585055054232 -0.036252083821276856 -0.073224409938822607 -2.4853905546570698 0.0045679372506862359 -0.12824322393089641 0.065933118317786379 -0.1512086647035546 -0.19977597704773201 -0.70429036936527745 -0.45806519201192003 -1.7526384196392901 -1.0858069580417691 -1.7814359977288847 -2.198214482094889 -2.0199360920637743 -0.10864020888401847 -0.54597857811521766 -1.2102083924826845 -1.3385359427789869 -0.30546179486778907 -1.448724285038488 -0.72343309557437041 0.12983094269405063 0.1315254792605173 -0.40767999985318026 -0.24588395756746514 -0.44289465143534928 -0.2989930319844753 -1.710122401475249 -2.1658234583924454 0.17902220832448962 -1.9178945122916993 -0.5067397561283864 0.21836698434167462 -2.2797184504480685 -0.051073615981666633 -1.1337636644564424 -0.96280782700448786 -1.1899291589969434 -1.209499037544187 -2.5563029408020057 -2.3621749669937473 -0.049183242708612268 -0.11004338949532493 0.063025195502853182 0.044363417297068053 -0.083947517772216415
leaf_weight=77927.456351935863 1372.6055498719215 60419.022227227688 150.85620892047882 1447.249326467514 2942.2942663431168 69910.845852196217 16.29517674446106 5964.0873890519142 94.625123500823975 3123.7932152748108 33.071163892745972 975.61538398265839 1243.3094267249107 21313.39210152626 6851.0442024469376 328.45084190368652 5615.5903178453445 4782.247897028923 2524.1195857524872 246.12100929021835 107.51933801174164 375.0038298368454 1204.5331919193268 116.27785730361938 117.64736199378967 232.06493258476257 67.562002182006836 66.271759152412415 11.730387210845945 1270.9346655011177 788.98669636249542 285.1396621465683 1488.7912193536758 492.52296906709671 2607.676820397377 32.643506765365601 18.178100347518921 517.74326419830322 935.45102769136429 3162.2619625329971 2021.1121950149536 565.62485843896866 298.34192943572998 853.28124105930328 40.174194633960724 275.7173308134079 4111.3827468752861 40.125086307525635 2698.4604921936989 118.45355421304703 45.464636504650116 392.15065371990204 239.89024382829666 1254.7767503261566 27.211584329605103 5.4741806983947745 21.114696979522705 6.2562065124511701 268.47692120075226 6.2562065124511719
leaf_count=96630 1351 42874 112 741 2230 85139 11 5631 40 725 8 898 763 23576 4654 42 6784 4586 1212 227 129 202 601 48 52 29 18 13 15 1129 290 41 1093 251 800 9 5 517 880 1518 2063 304 80 364 22 234 1812 12 3101 85 9 298 162 149 4 7 27 8 298 8
internal_value=0.00025016 0.000986764 -0.0119751 -0.000982911 -0.000573163 0.00229976 -0.00928169 -4.53828e-05 0.00142332 -0.0021084 -0.0226076 -0.00582953 -0.0132159 -0.00169984 0.000625254 -0.0175785 0.00168395 -0.00459491 -0.000943731 -0.0157395 -0.00724439 -0.00702813 -0.00452135 -0.0181352 -0.0218817 -0.0273371 -0.00880142 -0.0103421 0.00328978 -0.0173405 -0.011219 -0.00601611 -0.00855205 -0.00759846 -0.00848847 -0.0116288 -0.028263 -0.00814043 -0.00755789 -0.0050188 -0.00916198 -0.0250309 -0.0171425 -0.000253692 -0.0135663 -0.00797556 0.00193026 -0.0138947 -0.000507028 -0.0137674 -0.0212453 -0.0104096 -0.0173116 -0.0288056 -0.0195846 -0.0180612 -0.0207532 0.00330068 0.00330167 -0.00145574
internal_weight=294471 277739 16732.2 111085 104037 166654 13353.1 94547.5 88407.3 6070.99 3379.15 9489.14 4551.04 27277.5 67270.1 423.076 82336.3 7724.54 5647.91 3036.08 8802.04 7047.83 2925.34 1741.07 952.582 1638.07 4122.49 2493.25 78246.8 2514.24 1764.6 6308.8 1773.93 1697.06 4054.93 92.9263 1545.14 1514.95 1453.19 4534.87 2128.63 683.272 364.614 1228.29 788.493 521.838 74022.2 58.3032 8314.05 269.31 61.7598 432.325 356.168 1486.84 60.2827 38.3193 32.8451 78208.4 78195.9 12.5124
internal_count=294921 283564 11357 87716 84739 195848 10058 76735 98855 2019 1299 8004 3770 29207 47528 82 96836 6816 1937 2353 6288 2977 1418 1083 553 216 1559 2285 96993 1892 1188 4003 1134 852 1541 21 195 1417 1397 2869 2192 356 93 566 530 461 86951 17 9885 197 20 320 210 178 12 49 42 96944 96928 16
is_linear=0
shrinkage=0.0330689


Tree=6
num_leaves=44
num_cat=0
split_feature=2 15 1 22 38 1 3 14 1 0 31 23 2 1 22 3 15 1 38 2 15 35 3 15 9 0 32 23 2 28 22 26 28 19 23 20 0 13 26 1 28 9 9
split_gain=2493.71 737.587 512.41 373.1 297.166 163.73 91.694 82.7587 55.5269 42.4366 39.9378 39.4491 34.1145 32.0941 31.2979 30.4164 25.7746 19.9401 19.8017 18.8213 16.2844 13.7973 13.3292 17.2857 12.5178 12.4898 11.9132 12.969 11.0015 7.54715 6.73097 6.28623 5.83134 5.73471 5.57628 4.92843 4.72869 4.58851 3.8015 3.41881 2.45623 0.953879 1.30589
threshold=13.48544216156006 -3.498293280601501 23.2382345199585 0.21600311249494555 1.0000000180025095e-35 9.4791135787963885 29.463113784790043 56.945711135864265 5.5560002326965341 0.03024999983608723 14.672316551208498 41.199926376342781 21.965879440307621 -18.503632545471188 2.5542645454406743 10.157131671905519 -1.0577105879783628 14.759599208831789 1.0000000180025095e-35 21.965879440307621 -2.2050073146820064 24.273801803588871 12.622056484222414 -3.263633012771606 0.071172855794429793 0.044250000268220908 1.3866302967071535 47.224102020263679 4.2474458217620858 166.50000000000003 0.15304718911647799 0.026773284189403061 65.500000000000014 13.223929882049562 41.950666427612312 -1.0000000180025095e-35 0.044250000268220908 -1.2250049114227293 0.0015263019013218584 6.9770436286926278 735.50000000000011 0.012249325867742302 0.0099907428957521933
decision_type=2 2 2 2 2 2 2 2 2 2 2 2 2 2 2 2 2 2 2 2 2 2 2 2 2 2 2 2 2 2 2 2 2 2 2 2 2 2 2 2 2 2 2
left_child=1 -1 9 8 5 6 -5 19 28 31 11 -6 17 24 21 -7 -12 25 -15 36 -16 34 39 -24 -14 -11 27 -21 30 -23 -3 41 -30 -28 -9 -19 37 -4 -38 -10 -22 42 -2
right_child=2 3 7 4 10 15 -8 14 22 12 16 -13 13 18 20 -17 -18 35 -20 26 40 29 23 -25 -26 -27 33 -29 32 -31 -32 -33 -34 -35 -36 -37 38 -39 -40 -41 -42 -43 -44
leaf_value=0.21114583734586787 -0.20434875907808825 0.08367324640072793 -0.28269516565344982 -0.022673056394471734 -1.1392959912980605 -0.20694896387282466 -0.38027952469902859 -1.4338226801226317 -0.012091898363887391 -0.26383094543611613 -0.46264303939843515 -2.4489541609062884 -2.4614334119130041 -0.47298955381503371 -1.4067029214291022 -0.43949540192565811 -0.8799302862193642 -0.33270063930390131 -1.6364118682884659 -0.88183472456737622 -2.4703316380795126 -1.6938646443639127 -0.099852237009913622 -0.11072472663570819 -2.6809689658866258 -0.20395715258555014 -0.55789225560461497 -1.0440107906957474 -0.018489056591611219 -1.3653654520849172 0.059938455991024271 16.903066324370251 0.039705389229620434 -0.10844840445205771 -1.6427594468011031 -0.37433027017002446 -0.24776282157699575 -0.68644245743733168 -0.41561664229544698 -0.051633954587347576 -2.4561499780419531 -0.23777668346337041 -0.20561308655555913
leaf_weight=99615.949112355709 134.88623058795929 39299.990672647953 24.543004214763641 85007.84877461195 112.57689148187637 3716.1909602284431 2075.6106993556023 24.196864128112793 1935.1380389332771 559.65655744075775 4281.1231021881104 250.63851296901703 180.87734174728394 3891.5069789886475 43.167316317558289 2180.4002905488014 3730.6053716540337 392.23432195186615 655.12055552005768 154.26661479473114 1370.4155509471893 492.93180787563324 103.6622713804245 371.53099572658539 170.11432147026062 4934.2540642619133 123.03754568099976 1507.4313512444496 2389.3803032636642 182.31834208965302 24139.728595137596 9.6431846618652326 6812.0933617353439 56.150674223899841 510.60162883996964 394.91455882787704 149.72913402318954 82.257531821727753 56.141707718372345 2216.5750316381454 58.165917754173279 63.879156768321991 9.2936323285102826
leaf_count=106850 145 46707 13 76057 37 2846 1568 13 2079 472 1483 44 74 3179 6 1677 1364 324 219 60 158 266 121 455 36 4375 86 928 2813 129 28795 1 8162 35 270 333 87 57 54 2511 13 14 5
internal_value=0.000291678 0.00102676 -0.0123072 -0.000244642 -0.00156431 -0.00102667 -0.000665325 -0.021329 0.00148619 -0.00847634 -0.00753048 -0.0182748 -0.00819086 -0.0102666 -0.0252221 -0.00635934 -0.00703909 -0.00656834 -0.00951178 -0.0164638 -0.0285136 -0.0211848 -0.00202436 -0.00727339 -0.0199419 -0.00585492 -0.0177486 -0.0186351 0.00171005 -0.0178958 0.00186517 -0.0229551 0.000638647 -0.00937872 -0.0252655 -0.0115129 -0.00881376 -0.0145448 -0.0057048 -0.00141798 -0.0291235 -0.0241665 -0.0217045
internal_weight=294471 278239 16231.7 178623 101355 92980.1 87083.5 4835.35 77268.1 11396.4 8374.94 363.215 11178.7 4897.62 2681.8 5896.59 8011.73 6281.06 4546.63 2153.56 1471.75 1210.05 4626.91 475.193 350.992 5493.91 1840.89 1661.7 72641.2 675.25 63439.7 217.702 9201.47 179.188 534.798 787.149 312.671 106.801 205.871 4151.71 1428.58 208.059 144.18
internal_count=294921 283569 11352 176719 85076 82148 77625 2175 91643 9177 2928 81 9012 3508 855 4523 2847 5504 3398 1320 177 678 5166 576 110 4847 1109 988 86477 395 75502 165 10975 121 283 657 211 70 141 4590 171 164 150
is_linear=0
shrinkage=0.0330689


Tree=7
num_leaves=47
num_cat=0
split_feature=17 0 3 22 38 3 4 17 17 0 22 33 17 3 31 34 26 17 3 23 22 22 0 7 0 34 23 22 3 34 22 10 26 19 34 30 23 34 22 17 10 30 34 0 28 34
split_gain=2172.19 750.677 394.623 381.37 280.797 196.159 84.7805 65.8517 63.8115 55.8462 54.448 44.8161 40.6161 32.3942 28.9424 26.1755 24.6517 16.6248 15.9262 18.2462 15.0099 9.7941 9.70525 9.56106 8.38756 7.3798 6.4848 6.2707 6.1024 5.69582 6.8699 5.37784 5.53979 5.3638 4.54703 4.4555 4.09405 3.92211 3.75802 3.62188 3.15194 2.96932 1.32939 0.771025 0.707652 0.364342
threshold=0.10781463980674745 0.03024999983608723 45.185478210449226 0.21600311249494555 1.0000000180025095e-35 16.162512779235843 11.981972694396974 0.060523133724927909 0.20894917100667956 0.03024999983608723 0.7559441626071931 0.68388766050338756 0.054071435704827316 45.185478210449226 24.305171966552738 1.5094250440597536 0.0045570621732622394 0.20894917100667956 11.29057550430298 84.189739227294936 2.5542645454406743 0.15304718911647799 0.074250001460313811 0.11064486205577852 0.034250000491738326 -0.49165292084217066 37.664060592651374 1.0516322255134585 -29.697243690490719 1.0767267346382143 2.5542645454406743 4.695411443710328 0.026773284189403061 47.141702651977546 1.7208421230316164 904.69653320312511 49.998714447021491 0.31960773468017584 1.397558391094208 0.024329527281224731 0.049018535763025291 558.48370361328136 -0.43530520796775812 0.08624999970197679 77.500000000000014 0.040891010314226157
decision_type=2 2 2 2 2 2 2 2 2 2 2 2 2 2 2 2 2 2 2 2 2 2 2 2 2 2 2 2 2 2 2 2 2 2 2 2 2 2 2 2 2 2 2 2 2 2
left_child=1 -1 6 12 5 7 18 -5 34 31 -7 16 21 14 -6 17 25 -11 19 23 22 39 -13 -2 41 -10 -15 -18 -17 30 -20 32 -8 -22 36 -23 45 -26 -38 -3 -31 -14 -21 -36 -45 -4
right_child=2 3 8 4 13 10 9 -9 11 15 -12 20 24 26 -16 28 27 -19 29 42 33 35 -24 -25 37 -27 -28 -29 -30 40 -32 -33 -34 -35 43 -37 38 -39 -40 -41 -42 -43 -44 44 -46 -47
leaf_value=0.20416348544123417 -0.39516056066229555 0.083963961373705626 -0.031858721847919866 -0.011900898114030943 -1.962143514629044 -0.17985379811486535 -0.44110417746340758 -0.12767048690514826 -1.3540423739771206 -0.35222154389752885 -0.50757977414194511 -1.466242019720855 -0.11555678055402947 0.14197858438435257 -0.57776312239790006 -0.33859183926049241 -1.0553837779338584 -0.62336839006624234 -0.35460755105907288 -1.9051405195221944 -2.4484966284190293 0.049095977058453227 -0.67385684367618903 -0.33169698703555234 -0.053226345836212122 -2.2685814173030705 -1.8742332881231241 -2.387035168750566 -0.22162576289753461 -0.27181118026768331 -1.2021470380403567 0.15028515254894795 16.344101208942526 -2.379992600204293 0.43651359898476405 -0.14470436827488536 -0.69671831344353585 -0.0065150512732498923 -1.5550297346956445 0.033500775747110884 0.029005807415120353 -0.096550237472380437 -2.3078980035909242 -1.7804654011946186 -0.41568032171192892 -1.2973901074477139
leaf_weight=97078.84320884943 3067.0271866321564 37730.341299533844 19.935490131378177 80299.056771039963 685.55543488264084 6617.4935350418091 648.49916434288025 6213.283398270607 343.52069664001465 2188.6265139579773 4161.2206934094429 284.81646370887756 102.00840997695923 12.111096262931822 8263.4967599511147 20.997040987014771 238.52060890197754 1087.7628691792488 1056.3943780660629 12.915524959564207 126.36256575584412 29045.346118271351 217.64346903562546 913.84641194343567 2428.7036458849907 392.98336434364319 187.69022643566132 1424.9946397542953 590.49134314060211 135.91291570663452 71.259878635406494 9.6431846618652326 9.6431846618652326 81.373526096343994 21.772767245769501 208.39191800355911 298.68680566549301 1625.1579928994179 112.74957066774368 6250.5893955230713 85.856716930866241 11.989262104034422 39.883316516876221 7.8966330289840689 29.952848851680756 9.5306355953216535
leaf_count=105794 2102 45102 9 70874 200 7158 530 5259 155 1917 2254 150 128 5 2879 3 188 694 846 4 18 34638 162 387 2653 165 68 240 513 126 14 1 1 18 8 224 253 1808 50 7219 55 4 6 6 28 5
internal_value=0.000328839 0.00095267 -0.0126029 -0.000289454 -0.00157391 -0.00105282 -0.00919689 -0.000528461 -0.0219685 -0.0125209 -0.00525949 -0.0237376 0.00147664 -0.00711271 -0.00681423 -0.0109894 -0.0259139 -0.0121649 -0.00637895 -0.00532678 -0.0163338 0.00165747 -0.0131215 -0.00506159 -0.00169645 -0.0207227 -0.0202986 -0.0281885 -0.00465451 -0.00950554 -0.0104705 -0.0213827 -0.0217439 -0.0239241 -0.0109171 0.00118707 -0.0120824 -0.00144151 -0.0129333 0.00196995 -0.00449965 -0.0105271 -0.0245487 -0.00197029 -0.00492782 0
internal_weight=294471 280921 13549.5 183842 106440 97291.1 9938.76 86512.3 3610.74 4555.66 10778.7 3110.22 77402.5 9148.85 8949.05 3887.88 2400.02 3276.39 5383.1 4033.67 710.196 73234.7 502.46 3980.87 4167.86 736.504 199.801 1663.52 611.488 1349.42 1127.65 667.786 658.142 207.736 500.525 29253.7 440.903 4053.86 411.436 43980.9 221.77 113.998 52.7988 59.6222 37.8495 29.4661
internal_count=294921 286267 8654 180473 88697 85545 7199 76133 1455 3659 9412 1096 91776 3152 3079 3127 748 2611 3540 2499 348 87183 312 2489 4593 320 73 428 516 1041 860 532 531 36 359 34862 317 4461 303 52321 181 132 10 42 34 14
is_linear=0
shrinkage=0.0330689


Tree=8
num_leaves=45
num_cat=0
split_feature=2 15 1 1 38 6 21 10 3 34 1 0 3 3 2 1 0 2 34 1 1 38 0 26 34 6 29 14 34 0 13 9 14 13 32 26 31 14 6 21 9 29 33 9
split_gain=2262.07 716.607 506.832 219.446 224.973 130.908 94.9558 72.4536 65.4761 56.1412 48.7376 40.9856 34.2203 33.7051 29.3061 29.292 29.1164 25.4105 18.2268 15.9982 15.3881 14.9964 13.6219 13.125 11.8453 19.4228 11.7791 11.7319 11.0482 10.5162 9.70956 9.30019 8.27623 7.06925 6.00227 5.85819 5.63224 5.01368 2.86296 2.31655 1.71966 1.02106 1.39982 1.12668
threshold=13.48544216156006 -3.498293280601501 23.2382345199585 6.9770436286926278 1.0000000180025095e-35 47.541807174682624 1.2083246707916262 0.0094839665107429045 12.622056484222414 1.5094250440597536 1.0000000180025095e-35 0.03024999983608723 11.29057550430298 29.463113784790043 21.965879440307621 -18.503632545471188 0.03024999983608723 34.055976867675788 -0.49165292084217066 11.384126186370851 14.759599208831789 1.0000000180025095e-35 0.074250001460313811 -0.037489853799343102 -0.4077379703521728 19.119962692260746 30.500000000000004 56.945711135864265 1.3463041782379153 0.03024999983608723 1.0003823637962344 0.071172855794429793 56.945711135864265 0.96323922276496898 1.9832742214202883 0.026773284189403061 24.305171966552738 15.055649757385256 140.10134887695315 0.44409851729869848 0.071172855794429793 125.50000000000001 1.2042430043220522 0.018835468217730526
decision_type=2 2 2 2 2 2 2 2 2 2 2 2 2 2 2 2 2 2 2 2 2 2 2 2 2 2 2 2 2 2 2 2 2 2 2 2 2 2 2 2 2 2 2 2
left_child=1 -1 11 4 5 8 17 22 -3 27 -9 35 24 -7 19 31 39 23 37 26 -18 -17 -6 -4 25 -5 -13 34 -21 -20 32 -16 -11 -25 -8 41 -26 -19 -29 -14 -32 42 -2 -43
right_child=2 3 6 12 7 13 9 10 -10 30 -12 14 16 -15 15 21 20 18 29 28 -22 -23 -24 33 36 -27 -28 38 -30 -31 40 -33 -34 -35 -36 -37 -38 -39 -40 -41 -42 43 -44 -45
leaf_value=0.19741203194659504 -0.18300436698652356 0.037098227040294217 0.025808084265097973 -0.14753131681005852 -0.12193955908965119 -0.1229863326910858 -0.86948130826884051 -0.83469684374838526 -0.097247969065776596 -0.48866088695136317 -0.10723357152293531 -0.32464268928554663 -0.19890714728717931 -0.40000485423762422 -2.1037017284763135 -0.44971893157940568 -0.17565201117570653 -1.6800654479733834 -2.1424289196134092 -0.29145933166086385 -0.53431902715241808 -1.5733642252440694 0.043847020259245625 -0.42204299581788707 -0.26533941054140753 -0.26197648364036419 -0.16531004590954995 -2.2157141868036248 -0.13916939672248574 -1.4160532180553238 -0.6490222502710884 -2.5755272974748205 -2.2830659014433947 -0.44037038282639185 -0.3325851569893058 15.803620432052517 -0.076577080799771061 -2.056966924203651 -2.3108839810258459 -0.2222122593243572 -0.61297223615801522 -0.12966024451676075 -0.16478615345267222 -0.10316358183346183
leaf_weight=99615.949112355709 155.41638916730881 136545.54688453674 65.045492768287659 2561.5682812929153 960.60608273744583 9563.2777791023254 463.18541651964188 6289.7886709570885 7610.1194645166397 71.260341942310333 1762.8677055835724 1381.5046536922455 32.041706442832947 1080.2234162092209 180.87734174728394 3891.5069789886475 2324.585309445858 160.55700093507767 141.67554986476898 1224.5031658411026 967.1068519949913 655.12055552005768 1689.7308260798454 514.09509229660034 1148.6259368658066 818.7386394739151 3408.7935338020325 457.51048189401627 266.25814914703369 646.61275815963745 114.05960392951965 170.11432147026062 251.13316893577576 318.62566685676575 16.641014277935028 9.6431846618652326 5053.3082230687141 284.24549674987793 1296.3394060730934 214.95809519290924 34.368500471115112 28.381220579147339 17.973688542842865 6.2877213954925528
leaf_count=106850 114 144869 9 2021 420 8637 416 2129 7607 79 913 1190 8 734 74 3179 2049 54 51 1027 676 219 756 330 894 686 3056 255 231 253 79 36 107 197 8 1 4111 99 215 209 23 30 18 2
internal_value=0.000359309 0.00105942 -0.0116401 -0.000193768 0.000132504 0.000453203 -0.0206124 -0.00450388 0.000714606 -0.0247394 -0.0060647 -0.00783034 -0.00431019 -0.00308542 -0.00754986 -0.00947411 -0.00709313 -0.0153576 -0.0184639 -0.00604554 -0.00625979 -0.00875298 0.000232688 -0.0110569 -0.0032801 -0.00485986 -0.00510459 -0.0269379 -0.0090526 -0.0153453 -0.014239 -0.0187169 -0.0174955 -0.0121776 -0.0220624 -0.0220563 -0.00241575 -0.0239069 -0.028249 -0.018062 -0.00698542 -0.0232262 -0.0245709 -0.0155372
internal_weight=294471 278239 16231.7 178623 165502 154799 4835.35 10703 144156 2704.5 8052.66 11396.4 13120.9 10643.5 11178.7 4897.62 3538.69 2130.86 1233.09 6281.06 3291.69 4546.63 2650.34 897.766 9582.24 3380.31 4790.3 2233.68 1490.76 788.288 470.822 350.992 322.394 832.721 479.826 217.702 6201.93 444.802 1753.85 247 148.428 208.059 173.39 34.6689
internal_count=294921 283569 11352 176719 166065 161847 2175 4218 152476 1182 3042 9177 10654 9371 9012 3508 2942 993 457 5504 2725 3398 1176 536 7712 2707 4246 894 1258 304 288 110 186 527 424 165 5005 153 470 217 102 164 132 32
is_linear=0
shrinkage=0.0330689


Tree=9
num_leaves=47
num_cat=0
split_feature=2 15 17 17 38 4 14 20 12 31 17 3 7 17 17 17 15 3 11 32 12 32 28 6 15 2 2 12 29 38 32 3 19 29 28 38 12 15 25 32 2 32 26 7 29 15
split_gain=2149.96 708.88 505.369 201.835 199.62 130.543 98.1899 68.8196 56.2595 60.7108 60.7062 32.601 31.0676 30.3866 31.9859 26.1007 26.0247 19.4632 17.975 19.4993 16.2444 14.1071 13.0328 12.2285 11.6485 11.0102 10.5462 10.3151 10.0948 10.0374 9.84044 9.65965 9.59893 9.08875 9.00688 8.63834 8.0327 7.75472 7.55174 7.50784 7.02745 6.89711 4.48248 4.31939 3.43384 1.46974
threshold=13.48544216156006 -3.498293280601501 0.20894917100667956 0.067444078624248519 1.0000000180025095e-35 26.030408859252933 56.945711135864265 -140.74749755859372 1.1984818577766421 57.867294311523445 -0.089820865541696535 11.29057550430298 0.053900040686130531 0.090563602745533003 -0.20461174845695493 0.10781463980674745 -3.263633012771606 45.185478210449226 -0.10005075857043265 0.26342661678791052 0.71558824181556713 0.28776149451732641 45.500000000000007 16.354107856750492 -3.263633012771606 21.965879440307621 21.965879440307621 0.94323155283927929 30.500000000000004 1.0000000180025095e-35 1.9832742214202883 29.463113784790043 47.141702651977546 74.500000000000014 850.50000000000011 1.0000000180025095e-35 0.73783251643180858 -2.6003232002258296 0.01172995660454035 0.01870671380311251 34.055976867675788 1.3866302967071535 0.026773284189403061 0.0097318203188478964 96.500000000000014 -2.9141628742218013
decision_type=2 2 2 2 2 2 2 2 2 2 2 2 2 2 2 2 2 2 2 2 2 2 2 2 2 2 2 2 2 2 2 2 2 2 2 2 2 2 2 2 2 2 2 2 2 2
left_child=1 -1 13 4 5 7 18 -3 10 -10 -6 23 21 14 20 22 42 -7 30 27 45 38 -13 36 -17 28 -22 -20 -16 37 40 -21 -23 -31 41 -27 -5 -18 -8 -25 -4 -14 43 -15 -36 -2
right_child=2 3 6 11 8 17 12 -9 9 -11 -12 15 34 16 25 24 29 -19 19 31 26 32 -24 39 -26 35 -28 -29 -30 33 -32 -33 -34 -35 44 -37 -38 -39 -40 -41 -42 -43 -44 -45 -46 -47
leaf_value=0.19088384131500791 -0.70401285615094789 -0.074242468130153949 -0.17801355220729889 0.0038253956035039127 -0.61964345570464874 -0.19509437192953072 -1.4659124226258857 0.035734012257719057 -2.0982166163068872 -0.91328697731845021 -0.086324721882470354 -0.23640662190104544 -2.2211697718912311 -0.19644524443094757 -0.35533044045482859 -0.1923295148973401 -0.45743390700714948 -0.46211495056210272 -0.82936339161021311 -0.42133583612104242 -0.26574345467213961 -1.5096709993010728 -0.062821039410724408 -0.21182374335199908 -0.4555270071445659 -0.40426465627069752 -1.9511975577272758 -0.89553171966052258 -0.16104698665803627 -1.7049218594563418 -1.3642996764104747 -1.4480984156566146 -1.0033832949133352 -0.64563893349363555 1.0775378274203884 -1.5977650923426263 -0.12493831445069147 -0.30768570680234525 0.23771922130262682 -0.1464536641037979 -0.8006589193439726 -2.1654222706771535 15.281012737717075 0.084734287788587576 -1.9677538600350448 -2.4021218531752342
leaf_weight=99615.949112355709 30.589910268783569 12647.141389191151 165.75532698631287 913.70986706018448 2562.4176198840141 5798.647040784359 592.85662579536438 135566.94203454256 531.77755355834961 1196.4994955062866 6412.2986164093018 655.652203977108 1571.7042583823204 293.13372009992599 1182.8311107754707 265.82178431749344 913.32051974534988 786.43707984685898 529.70050513744354 345.32512313127518 116.92337149381638 186.02119308710098 1084.0483654737473 1163.603727221489 1533.1696093082428 2390.363741338253 265.85613828897476 652.94776296615601 3017.7746935486794 92.658387839794159 26.907785773277283 341.25138127803802 156.90565860271454 298.71647000312805 10.796167850494383 366.58455675840378 6098.517481148243 2334.612751185894 12.117956757545469 1406.4100052714348 91.669678449630737 100.54878211021423 9.6431846618652326 8.7448956966400129 50.846785366535187 74.627452850341797
leaf_count=106850 5 10305 51 182 784 5192 278 145854 68 153 3213 531 340 234 1061 240 735 496 328 236 65 91 1016 975 1155 1877 100 437 2719 41 6 230 83 93 3 130 5357 2104 3 1198 32 31 1 4 26 8
internal_value=0.000389029 0.00107157 -0.0113093 -0.000174841 0.000138062 0.000440156 -0.0202685 0.00064268 -0.00422926 -0.00969599 -0.00317371 -0.00412264 -0.0245043 -0.00750506 -0.00625344 -0.00683891 -0.00985744 -0.00411506 -0.0149772 -0.0161635 -0.0144543 -0.0195793 -0.00393136 -0.00311719 -0.0096377 -0.00567387 -0.0111629 -0.0187664 -0.00459536 -0.00905875 -0.00709127 -0.0116351 -0.0140164 -0.0141338 -0.0271743 -0.00730888 -0.00239695 -0.00843796 -0.0226769 -0.00507424 -0.00496786 -0.0276468 -0.0190763 -0.0197889 -0.0138551 -0.0260546
internal_weight=294471 278239 16231.7 178623 165502 154799 4835.35 148214 10703 1728.28 8974.72 13120.9 2681.8 11396.4 7445.55 3538.69 3950.83 6585.08 2153.56 1869.22 487.997 947.901 1739.7 9582.24 1798.99 6957.55 382.78 1182.65 4200.61 3639.31 284.333 686.577 342.927 391.375 1733.9 2756.95 7012.23 3247.93 604.975 2570.01 257.425 1672.25 311.522 301.879 61.643 105.217
internal_count=294921 283569 11352 176719 166065 161847 2175 156159 4218 221 3997 10654 855 9177 5965 2942 3212 5688 1320 1231 178 455 1547 7712 1395 5787 165 765 3780 2973 89 466 174 134 400 2007 5539 2839 281 2173 83 371 239 238 29 13
is_linear=0
shrinkage=0.0330689


Tree=10
num_leaves=45
num_cat=0
split_feature=17 15 4 22 18 37 22 22 0 11 17 34 25 11 11 22 26 14 7 36 8 18 34 11 34 5 4 22 15 5 22 34 26 34 7 37 25 17 26 16 34 11 22 14
split_gain=1910.59 746.325 370.33 338.946 151.964 96.1363 79.1622 73.2979 68.347 39.7089 38.7812 30.5716 26.1541 22.4112 21.2685 19.2905 22.6639 17.759 16.5399 15.7316 15.4695 13.8047 12.6613 11.6246 11.609 11.2197 10.8354 9.92099 9.60083 9.07348 8.9916 8.2993 7.85777 6.7144 6.07833 5.3192 4.59976 4.42663 4.19284 3.9916 2.84719 2.29133 1.0178 2.14999
threshold=0.10781463980674745 -3.498293280601501 59.953170776367195 0.21600311249494555 0.25822581350803381 1.0000000180025095e-35 2.5542645454406743 0.36305762827396398 0.03024999983608723 -0.10005075857043265 0.037055004388093955 -1.0000000180025095e-35 0.0035416425671428446 1.4010179042816164 1.5526655912399294 1.0516322255134585 -0.0045177589636296025 4.2815232276916513 0.017615435644984249 25.45875453948975 0.00077739669359289121 -0.35235917568206782 1.5094250440597536 2.7095153331756596 0.55671110749244701 16.08036041259766 15.807462692260744 0.13998270779848102 -2.4163178205490108 88.926731109619155 0.23911556601524356 -0.21519058942794797 -1.0000000180025095e-35 -0.18436331301927564 0.0034546371316537265 1.0000000180025095e-35 0.0012084779446013274 0.07778534293174745 -0.01029358198866248 3.5000000000000004 -0.11601413786411284 1.0248122215270998 0.28091600537300115 8.4042825698852557
decision_type=2 2 2 2 2 2 2 2 2 2 2 2 2 2 2 2 2 2 2 2 2 2 2 2 2 2 2 2 2 2 2 2 2 2 2 2 2 2 2 2 2 2 2 2
left_child=1 -1 8 10 5 7 12 -5 13 26 27 14 22 25 -11 28 -17 21 -19 -13 -7 -8 29 41 -25 32 33 39 -6 -4 -27 35 -2 -10 -28 -12 -24 -33 -20 -3 -29 -14 43 -15
right_child=2 3 6 4 15 20 17 -9 9 11 31 19 23 42 -16 16 -18 18 38 -21 -22 -23 36 24 -26 30 34 40 -30 -31 -32 37 -34 -35 -36 -37 -38 -39 -40 -41 -42 -43 -44 -45
leaf_value=0.18457153049835454 -0.2412197171974316 0.079479408211895197 -0.87272140982889734 0.00053897113311992249 -0.53905927966543221 0.0461999829668336 -1.588833631721194 -0.099999959232190488 -0.3754291676612006 -0.46026495717593963 -0.032410740370411244 -0.2349092664794333 0.050299850730035206 -0.095394910994235346 -0.56342378075352451 0.013054256465088907 -0.89049928038175241 -0.016589616131205971 -0.98030957398628726 -0.9615815165597138 -1.3056667060482905 -0.14433926384821172 -1.5794521735216784 -1.2372377937446482 -1.020823795198571 0.77848311401080728 -0.5358603936075832 0.038470067521916465 -0.221571449803906 -1.4781150966424736 -0.53857723404087365 0.022866886480394037 -0.44521283560902902 -0.12948572329978622 -0.79027173787773708 -0.29589857189499685 -1.1797856683137429 -0.068341515387288734 -2.1652252289406158 -0.39211733235762936 0.06305380826378261 -0.50912543175394753 -0.60268173479735032 -0.15720509271604563
leaf_weight=99452.870056569576 217.53571283817291 34959.67646664381 401.94384145736694 39503.2633908391 871.82532471418381 119.44297480583191 26.545585870742798 57587.108224034309 1132.3633916974068 2661.278846681118 3630.1855370998383 2118.4668365716934 36.679284572601318 11.730387210845945 1261.5072229504585 157.1756779551506 1898.2709450125694 36.081052780151367 57.859107971191406 574.68580204248428 1840.3532078266144 41.396565914154053 91.538067162036896 253.96328067779541 206.48622101545334 20.980709671974182 23.250290751457214 17375.555243611336 1532.1067178845406 318.06780743598938 283.42862623929977 4357.3826246857643 216.81424981355667 1216.7725373506546 256.71605288982391 281.00427967309952 58.23349267244339 778.76850926876068 1392.4300847053528 89.486272752285004 16242.468771100044 210.90670341253281 235.03603559732437 170.43520379066467
leaf_count=106649 115 41423 235 46044 739 27 5 37889 680 1665 4205 1951 13 15 1285 23 930 4 6 360 267 12 55 172 169 3 5 20982 1634 130 111 5103 137 675 62 104 34 914 178 95 19196 149 214 217
internal_value=0.000419603 0.00100483 -0.0117159 -0.000258315 -0.00149757 -0.00122848 -0.021687 -0.00108187 -0.00870986 -0.00775697 0.00139206 -0.00912553 -0.0164229 -0.0163032 -0.0109948 -0.00746922 -0.00983217 -0.0270061 -0.0277698 -0.00639366 -0.00847921 -0.00989932 -0.0202955 -0.0116202 -0.0147489 -0.0127596 -0.00430464 0.00166027 -0.0054387 -0.0221455 -0.0176933 -0.000641692 -0.00923116 -0.003558 -0.0104757 -0.00178971 -0.0112043 0.000229485 -0.0283226 0.00205032 0.00125308 -0.00569936 -0.0224931 -0.019707
internal_weight=294210 280677 13533.1 181224 103510 99050.2 3132.13 97090.4 10401 9245.04 77714.5 6615.94 1577.82 1155.96 3922.79 4459.38 2055.45 1554.31 1486.37 2693.15 1959.8 67.9422 869.783 708.035 460.45 738.759 2629.1 68667.2 2403.93 720.012 304.409 9047.34 434.35 2349.14 279.966 3911.19 149.772 5136.15 1450.29 35049.2 33618 247.586 417.202 182.166
internal_count=294881 286224 8657 179575 87553 84227 1162 83933 7495 6683 92022 5261 957 812 2950 3326 953 205 188 2311 294 17 454 503 341 366 1422 81696 2373 365 114 10326 252 1355 67 4309 89 6017 184 41518 40178 162 446 232
is_linear=0
shrinkage=0.0330689


Tree=11
num_leaves=47
num_cat=0
split_feature=17 15 22 4 38 4 22 17 11 17 3 34 28 34 3 30 14 17 3 34 11 3 15 25 22 28 7 22 6 11 17 13 34 11 30 7 34 25 30 13 23 6 3 15 34 34
split_gain=1827.35 781.976 336.904 271.307 240.383 154.498 77.0834 76.9138 58.0514 47.3616 32.6555 28.6458 27.0504 26.7898 21.5223 21.2215 18.4064 17.3423 17.3284 14.561 14.1458 13.332 26.2446 12.8784 9.89832 9.76616 9.6875 9.67453 13.7804 11.9584 8.54726 8.49804 8.37788 7.77204 7.34834 6.61086 6.39385 6.37044 5.71191 5.04239 4.19742 3.25845 2.76973 2.62702 1.63835 1.53191
threshold=0.13766930997371676 -3.498293280601501 0.21600311249494555 59.953170776367195 1.0000000180025095e-35 31.172650337219242 2.5542645454406743 0.049012780189514167 1.4010179042816164 0.037055004388093955 45.185478210449226 -0.27087041735649103 27.500000000000004 1.7208421230316164 16.162512779235843 39.667619705200202 56.945711135864265 0.20894917100667956 -29.697243690490719 -0.18436331301927564 1.0000000180025095e-35 12.622056484222414 -3.263633012771606 0.0012084779446013274 0.14861857891082766 850.50000000000011 0.02096482273191214 1.397558391094208 16.354107856750492 0.38096617162227636 0.20894917100667956 1.174990773200989 -0.21519058942794797 -0.40094737708568567 21.642657279968265 0.053900040686130531 -0.46393977105617518 0.0004213542706565932 1.0000000180025095e-35 0.99971288442611705 50.602659225463874 -42.721347808837884 29.463113784790043 -0.99628156423568714 -0.49165292084217066 3.0869361162185673
decision_type=2 2 2 2 2 2 2 2 2 2 2 2 2 2 2 2 2 2 2 2 2 2 2 2 2 2 2 2 2 2 2 2 2 2 2 2 2 2 2 2 2 2 2 2 2 2
left_child=1 -1 9 8 5 7 11 -4 14 24 15 30 -7 17 18 -6 19 36 33 44 -20 32 -23 31 38 26 -18 29 -29 -16 42 -13 -11 -2 -25 -12 -10 -19 -3 -32 -15 -26 -5 -27 -8 -42
right_child=3 2 4 6 10 12 16 -9 13 21 35 23 -14 40 27 -17 25 37 20 -21 -22 22 -24 34 41 43 -28 28 -30 -31 39 -33 -34 -35 -36 -37 -38 -39 -40 -41 45 -43 -44 -45 -46 -47
leaf_value=0.17846796059749348 -0.49781481090774166 -0.27809066291936679 -0.013388062752803168 -0.38432646007925653 -0.25114583694196008 -0.55684857064163173 -2.1061005912077766 -0.10876232258111267 -0.4899424389259579 -0.033711633115075086 -2.5065402227661764 -1.414897536607546 -0.24957627431423998 -0.45193983399196908 -0.19819994179565603 -0.82274467163583265 -0.5838546874640308 -1.6655458976747228 -0.24670608762919782 0.058125794953514671 -0.5506218416641282 -0.093773211534741649 -0.086768910607072647 -1.2642338354962157 -0.064420463898998165 -1.8310809576635441 -2.0957525432147306 -0.49576702267210532 -0.94286866892157906 -0.42345050979468496 -1.2383218257481494 -1.523440831054494 0.0096413684299386879 -0.90442170199784166 -0.68317099173345486 -1.7285279357473855 -0.28507088918758405 -0.56645103399030616 0.074890822736790069 -1.4061048206353743 -0.36699866733660597 0.048147644159478774 -0.87730129846942406 -2.1876906346958949 -1.4106489649181744 -0.10988844896686695
leaf_weight=99452.870056569576 116.39583015441895 7.820258140563964 76987.33041125536 18.777082920074463 2428.848915040493 1840.4952374100685 33.724277973175049 13044.913826644421 329.85204756259918 3755.3856991529465 66.445468544960022 226.51737570762634 6122.0373630523682 14.955588817596434 432.02539718151093 5963.6356320381165 26.566916465759277 659.21484535932541 1405.5314357280731 37.389017343521118 1655.0062909126282 117.26149898767471 731.47605359554291 150.69968104362488 474.61089324951172 25.503128528594971 1307.1547862291336 187.66654920578003 256.60343533754349 626.96516519784927 316.28711479902267 54.010080397129059 4895.9991854429245 159.62049901485443 383.484350502491 166.30205512046814 491.99600654840469 383.18529963493347 39400.209439516068 248.79632246494293 149.035804271698 28784.546163201332 58.240908980369568 38.401720285415649 36.496267557144165 139.78584313392639
leaf_count=106649 61 1 69359 12 1034 1297 5 11074 366 4142 35 110 5073 17 218 2017 3 504 721 8 981 125 891 92 577 4 154 46 43 436 159 30 5709 38 283 47 579 349 46731 127 161 34387 46 12 6 162
internal_value=0.000454229 0.000942398 -0.000329988 -0.0134604 -0.00153906 -0.00107299 -0.0218554 -0.000682259 -0.00990713 0.00131897 -0.00683168 -0.0163833 -0.00548821 -0.0144141 -0.00788222 -0.00648816 -0.027126 -0.0159023 -0.00638691 -0.0134621 -0.00565866 -0.000868236 -0.00482299 -0.0121934 0.00162182 -0.0281559 -0.0287804 -0.0111837 -0.0153502 -0.00940732 -0.0216466 -0.0179945 -0.000477834 -0.0143527 -0.00908808 -0.019067 -0.0122224 -0.0187733 0.00196455 -0.0230883 -0.00520468 0.0011596 -0.0106966 -0.014625 -0.0222654 -0.00420515
internal_weight=294210 284240 184787 9969.89 106620 97994.8 2962.05 90032.2 7007.84 78167.3 8625.23 1456.81 7962.53 2168.03 4839.81 8392.48 1505.24 1864.25 3336.55 107.61 3060.54 9500.12 848.738 814.711 68667.2 1397.63 1333.72 1503.26 444.27 1058.99 642.101 280.527 8651.38 276.016 534.184 232.748 821.848 1042.4 39408 565.083 303.777 29259.2 77.018 63.9048 70.2205 288.822
internal_count=294881 289148 182499 5733 89936 86803 1051 80433 4682 92563 3133 859 6370 2138 2544 3051 192 1798 1801 19 1702 10867 1016 515 81696 173 157 743 89 654 344 140 9851 99 375 82 945 853 46732 286 340 34964 58 16 11 323
is_linear=0
shrinkage=0.0330689


Tree=12
num_leaves=48
num_cat=0
split_feature=1 15 22 3 21 22 1 12 12 22 22 0 33 28 21 0 21 34 21 22 5 34 19 0 15 22 21 12 33 28 30 21 10 28 33 28 22 22 9 22 24 21 30 28 10 14 9
split_gain=1717.22 768.96 316.286 287.724 142.319 89.1355 78.8533 65.597 78.8969 54.0405 50.3631 42.5999 39.8511 32.968 30.4476 29.2317 24.654 24.0263 23.6615 23.5851 23.5024 21.8983 18.3045 13.6455 13.0984 11.9031 10.9645 17.484 10.7508 12.1374 10.6459 8.52777 17.1586 8.15615 7.32788 6.90798 6.78714 6.71932 4.93617 4.54555 3.94947 3.83276 2.79664 2.71046 2.20391 2.06146 2.02476
threshold=14.759599208831789 -3.498293280601501 0.34831854701042181 45.185478210449226 0.47986330091953283 2.5542645454406743 4.5539472103118905 0.99999862909317028 1.0000014305114748 0.1985561475157738 0.67172405123710643 0.03024999983608723 0.49478396773338323 48.500000000000007 0.52549895644187938 0.096250001341104521 0.84614554047584545 -0.11601413786411284 1.2083246707916262 2.5542645454406743 11.403263568878176 -0.49165292084217066 33.628753662109382 0.039250001311302192 -2.7449811697006221 0.67172405123710643 0.46506662666797643 0.71558824181556713 0.8651798963546754 77.500000000000014 33.474445343017585 0.67683193087577831 0.024378892034292225 374.50000000000006 -0.9778122305870055 292.50000000000006 0.13058397173881534 0.7559441626071931 3.3994472026824956 0.7559441626071931 -2.5673311029095199e-05 0.69445210695266735 45.030652999877937 42.500000000000007 0.01672005653381348 31.312847137451175 0.0038447044789791112
decision_type=2 2 2 2 2 2 2 2 2 2 2 2 2 2 2 2 2 2 2 2 2 2 2 2 2 2 2 2 2 2 2 2 2 2 2 2 2 2 2 2 2 2 2 2 2 2 2
left_child=1 -1 6 11 7 12 9 20 -9 36 13 31 18 -6 21 -11 26 25 40 -12 -4 -7 24 41 -8 -18 34 -28 45 -30 -19 32 44 38 -13 -24 -3 -20 -33 -25 -5 -14 -34 -23 -2 -16 -35
right_child=3 2 4 5 10 14 22 8 -10 15 19 16 23 -15 28 -17 17 30 37 -21 -22 43 35 39 -26 -27 27 -29 29 -31 -32 33 42 46 -36 -37 -38 -39 -40 -41 -42 -43 -44 -45 -46 -47 -48
leaf_value=0.17256622878853156 -0.23221291064291635 0.074083849074240482 0.023161936447896332 -0.72557933402684538 -0.23481498154375977 -0.87858770983403389 -0.07528163846225136 -0.40112187692360252 -0.060135061185426698 -0.075508002299791419 -0.34615090557991551 -0.6754377985893697 0.66668420007533069 -0.071972957549695349 -2.1849468131120684 0.027257931453054385 -0.37713007897406203 -0.40803115539437107 -0.50319778005901972 -1.6189533892982493 -0.090321771792267067 -0.4570434483889772 -0.18139462842742066 -0.31959761087932792 -0.021852143446209629 -2.0613298758772594 -1.133563120670672 -0.45899882281908494 -2.0480084411817949 -1.9494351077537837 -0.14204844018148638 -0.48893438672333267 -0.47299569111993151 -0.16758151167934954 -0.27129424835631705 -0.044668361415012361 0.050488744112415641 -1.3432197301690014 14.756497781141059 -1.0410452063351947 -0.95897510801313957 -1.2643206238631668 -0.85469746733793905 0.0562036412411627 -2.1580984988111913 -2.0238183800809564 -6.1285054287891167
leaf_weight=99452.870056569576 191.78884643316269 31244.844950973988 20154.926813960075 62.909552872180939 5476.7668271064758 77.145477294921875 2245.4804862141609 5774.5324203372002 13318.346702873707 11007.433650434017 7804.050361931324 82.170745193958282 8.392136335372923 8042.924198448658 45.379021406173706 29731.248423457146 813.12114310264587 489.22830665111542 243.40209025144577 641.74725091457367 5587.4894442558289 21.205516457557678 896.00374490022659 151.76234185695648 9698.5743618607521 181.86706507205963 107.53133976459503 2528.2722192406654 77.544216275215149 86.102197885513306 384.17644655704498 428.33906626701355 66.905115246772766 21.896722793579102 1168.2310048937798 285.82925915718079 32877.119203567505 439.67917573451996 9.6431846618652326 382.04042911529541 365.1959028840065 132.07017642259598 61.432843506336212 60.507120609283447 44.286972165107727 1214.5124616622925 23.150230646133423
leaf_count=106649 117 36814 9021 35 5399 8 2398 2426 12470 10377 5233 51 3 8915 7 35602 795 457 227 158 1904 4 1032 151 10957 88 15 1485 11 23 394 373 14 28 573 296 39497 208 1 213 204 75 9 8 11 139 6
internal_value=0.000488928 0.000962159 -0.000299591 -0.0129999 -0.00211787 -0.0208686 0.000729736 -0.00104897 -0.00251765 0.0010323 -0.00429877 -0.0089809 -0.015765 -0.0030445 -0.026603 9.00329e-05 -0.00795318 -0.0110884 -0.0196281 -0.00630401 3.97528e-05 -0.012569 -0.00168602 -0.00935435 -0.0012955 -0.014618 -0.00643912 -0.00765573 -0.0281476 -0.0196071 -0.00703652 -0.0159226 -0.0119149 -0.0188811 -0.00385726 -0.00561441 0.00163068 -0.0234896 -0.0202711 -0.00686834 -0.013388 -0.0185698 -0.0216625 -0.000388578 -0.00647701 -0.0292274 -0.00486041
internal_weight=294210 284240 184787 9969.89 66800.8 3367.85 117987 44835.3 19092.9 104861 21965.5 6602.04 1785.45 13519.7 1582.4 40738.7 5754.6 1868.39 1111.19 8445.8 25742.4 158.858 13125.9 674.265 11944.1 994.988 3886.21 2635.8 1423.54 163.646 873.405 847.443 364.414 483.029 1250.4 1181.83 64122 683.081 437.982 533.803 428.105 140.462 128.338 81.7126 236.076 1259.89 45.047
internal_count=294881 289148 182499 5733 45526 1316 136973 25821 14896 122290 19705 4417 1116 14314 200 45979 3858 1734 674 5391 10925 20 14683 442 13355 883 2124 1500 180 34 851 559 151 408 624 1328 76311 435 374 364 239 78 23 12 128 146 34
is_linear=0
shrinkage=0.0330689


Tree=13
num_leaves=47
num_cat=0
split_feature=1 15 21 22 21 38 37 22 1 31 29 3 22 34 3 22 22 11 22 34 19 15 13 22 30 1 3 22 13 11 4 31 34 21 34 28 24 24 4 34 19 30 28 20 30 28
split_gain=1619.11 758.279 300.002 295.287 124.297 123.14 110.21 110.144 72.2021 64.5664 52.1567 42.1483 38.8391 36.5087 33.4692 31.7778 25.7726 20.5123 18.9183 16.8612 16.7799 16.5038 15.3174 14.8165 14.4454 13.5941 13.0477 12.2646 10.4302 9.28868 8.93046 8.83179 8.39901 9.50841 8.34735 8.91381 5.85419 5.65958 5.48851 4.59547 3.88958 3.04064 2.43609 2.17654 1.65529 1.00479
threshold=14.759599208831789 -3.498293280601501 1.2083246707916262 0.34831854701042181 0.47986330091953283 1.0000000180025095e-35 1.0000000180025095e-35 1.397558391094208 4.5539472103118905 19.158332824707035 27.500000000000004 29.463113784790043 1.397558391094208 1.1997777223587038 -13.634693145751951 0.18237386643886569 0.096732683479785933 -1.0000000180025095e-35 2.5542645454406743 1.7208421230316164 33.628753662109382 -1.405477702617645 0.96323922276496898 0.11763015389442445 29.514860153198246 -18.503632545471188 -29.697243690490719 0.41687577962875372 1.0003823637962344 1.4010179042816164 15.807462692260744 110.70833206176759 -0.21519058942794797 0.67683193087577831 -0.90131881833076466 271.50000000000006 0.0011191767407581212 0.0042477604001760491 5.2633860111236581 1.5094250440597536 -394.57060241699213 18.717346191406254 15.500000000000002 -1.0000000180025095e-35 7.0582551956176767 1006.5000000000001
decision_type=2 2 2 2 2 2 2 2 2 2 2 2 2 2 2 2 2 2 2 2 2 2 2 2 2 2 2 2 2 2 2 2 2 2 2 2 2 2 2 2 2 2 2 2 2 2
left_child=1 -1 11 6 5 14 8 13 15 23 21 17 -12 34 -5 -3 -11 26 32 45 -10 -6 24 -8 -20 -7 37 38 31 -29 -28 -21 33 -13 44 -36 42 -2 -19 -24 -38 -34 -15 -30 -4 -9
right_child=2 3 7 4 10 25 9 19 20 16 12 18 -14 36 -16 -17 -18 27 22 28 -22 -23 39 -25 -26 -27 30 29 43 -31 -32 -33 41 -35 35 -37 40 -39 -40 -41 -42 -43 -44 -45 -46 -47
leaf_value=0.16685966051608511 -0.74587665712336526 0.064173243917074838 -0.5620661235913198 -0.10386681999462076 -0.43315542897985937 -0.72842480994310066 0.014722057486567597 -1.9571873037162464 -0.031323062516857014 0.018297401364789898 -0.11552803166686074 -0.48886249443600405 -0.69181647456674744 -0.038617476136487749 0.0047021567516550462 0.022697318996070793 -0.80590488186658049 -0.062913722982553794 -1.4536378382179378 -2.0328100537807705 -0.15378441072002239 -0.17941516385403466 -1.9222587892226266 -2.2054331224313408 -1.6133414010563782 -0.35696145943171043 -0.20082144165851409 -0.5392727814051399 -1.1979350601860133 -1.0139742033738441 -0.46810357646831363 -1.8849695132211863 -0.65559316095064668 -0.82055731181235958 -0.6581669758885117 -0.46274638921677069 -1.2696624934213232 -0.68487843749033772 -0.1774490675662786 -1.5564176050833849 -0.21489031509462592 -0.32185921816354707 -0.71276477600098531 -0.82737809104572912 -0.716166619569367 -1.703603835351247
leaf_weight=99452.870056569576 187.57563215494156 56177.963306069374 27.06034642457962 10174.429010033607 3983.0768972635269 1341.0860483646393 24.52656215429306 1285.6347646713257 11403.506525933743 682.86162304878235 14076.682627499104 90.391630887985229 1901.7186628580093 12.854806959629057 29519.714904725552 46100.886698901653 2227.726915538311 267.0580068230629 98.350082397460938 116.27924621105194 1136.2737751603127 2004.0104507803917 209.47672891616821 232.78867375850677 84.660747647285461 3800.0654183030128 1465.5455619692802 1765.0512217879295 16.759149432182312 529.23111516237259 244.12454569339752 74.051249742507935 301.36404937505722 538.19244825839996 796.6022509932518 126.12349814176559 42.47980672121048 48.627021729946136 652.04618752002716 37.931701421737671 272.37281441688538 350.86963278055191 69.098113834857941 28.717619895935059 201.48747354745865 29.871613740921021
leaf_count=106649 79 67706 25 7615 2919 300 29 194 13111 287 14294 45 732 12 16177 54103 394 278 11 20 1307 1760 28 36 16 1729 758 842 6 372 61 27 168 350 702 116 25 8 747 5 294 258 68 9 198 11
internal_value=0.000518985 0.0009785 -0.0125789 -0.000274455 -0.00203134 -0.00103237 0.000720112 -0.0211225 0.000888132 -0.00536281 -0.00406951 -0.00871977 -0.00308088 -0.0148424 -0.000408155 0.00117859 -0.0039481 -0.00721845 -0.0132296 -0.0273652 -0.0014795 -0.00670426 -0.01929 -0.0212239 -0.0117616 -0.0058476 -0.00451782 -0.00884677 -0.0188572 -0.0101497 -0.00349323 -0.0222644 -0.0111667 -0.0139429 -0.0178305 -0.0163302 -0.0061082 -0.0118183 -0.00556887 -0.0247226 -0.00396034 -0.00844853 -0.0140135 -0.00406909 -0.0237179 -0.0288623
internal_weight=294210 284240 9969.89 184787 66800.8 44835.3 117987 3099.39 114819 3167.9 21965.5 6870.5 15978.4 1548.08 39694.1 102279 2910.59 5159.26 1711.24 1551.31 12539.8 5987.09 430.419 257.315 183.011 5141.15 1945.87 3213.39 235.807 2294.28 1709.67 190.33 1280.82 628.584 1151.27 922.726 396.806 236.203 919.104 247.408 314.853 652.234 81.9529 45.4768 228.548 1315.51
internal_count=294881 289148 5733 182499 45526 25821 136973 1707 136227 746 19705 4026 15026 1440 23792 121809 681 3145 881 267 14418 4679 60 65 27 2029 906 2239 62 1214 819 47 821 395 1041 818 399 87 1025 33 319 426 80 15 223 205
is_linear=0
shrinkage=0.0330689


Tree=14
num_leaves=54
num_cat=0
split_feature=1 0 3 3 38 1 14 33 21 10 21 3 0 0 38 32 34 29 5 11 12 0 28 1 12 0 3 3 0 25 29 13 23 29 12 13 38 1 9 28 9 23 9 32 3 23 6 25 0 5 11 14 1
split_gain=1558.06 708.429 305.318 200.673 146.229 105.497 87.9756 84.6799 60.2238 35.1645 33.2519 32.6172 33.938 29.064 23.6359 23.3839 19.5915 19.5649 17.4913 15.0237 35.9013 12.7049 12.3836 11.2431 10.8657 10.8436 8.96927 9.76954 8.901 8.22206 7.68239 7.63408 7.09334 6.15009 5.98258 6.67716 6.24136 5.85706 5.24049 5.08183 5.07058 4.36282 4.32328 4.30409 4.14082 5.05911 4.13263 3.26384 2.14975 0.800135 0.424526 0.996413 0.135859
threshold=14.759599208831789 0.03024999983608723 45.185478210449226 16.162512779235843 1.0000000180025095e-35 5.0233771800994882 -21.316356658935543 0.68388766050338756 1.2083246707916262 0.0068346490152180204 0.84614554047584545 45.185478210449226 0.091249998658895506 0.034250000491738326 1.0000000180025095e-35 1.9832742214202883 -0.11601413786411284 39.500000000000007 88.926731109619155 -0.10005075857043265 0.71558824181556713 0.03024999983608723 51.500000000000007 -18.503632545471188 0.71558824181556713 0.080249998718500151 -29.697243690490719 18.816685676574711 0.048250000923872001 0.014833127148449423 24.500000000000004 0.85771885514259349 48.627841949462898 165.50000000000003 0.76651698350906383 1.0003823637962344 1.0000000180025095e-35 23.2382345199585 0.0076579535380005845 1234.5000000000002 0.018835468217730526 50.602659225463874 0.0016918074688874187 1.9832742214202883 11.29057550430298 60.003858566284187 41.976890563964851 0.0004213542706565932 0.67175000905990612 2.5650140047073369 0.69572269916534435 15.055649757385256 11.384126186370851
decision_type=2 2 2 2 2 2 2 2 2 2 2 2 2 2 2 2 2 2 2 2 2 2 2 2 2 2 2 2 2 2 2 2 2 2 2 2 2 2 2 2 2 2 2 2 2 2 2 2 2 2 2 2 2
left_child=1 44 10 4 5 6 -3 8 24 25 19 12 22 38 30 -11 37 -7 47 26 40 39 -5 -14 31 -6 41 -28 -22 -26 -13 -4 -16 -23 35 -15 -36 42 46 -18 -21 -2 -12 -39 52 50 -9 -10 -20 -47 -46 -52 -1
right_child=2 3 7 11 9 17 -8 13 18 15 16 14 23 34 32 -17 21 -19 48 20 28 33 -24 -25 29 -27 27 -29 -30 -31 -32 -33 -34 -35 36 -37 -38 43 -40 -41 -42 -43 -44 -45 45 49 -48 -49 -50 -51 51 -53 -54
leaf_value=0.16134180194470077 -0.55400911153204935 -0.09512483950747587 -0.75374502226301854 -0.37948025884042536 -0.041039155855742811 -0.13758675242384175 0.037941294952679318 0.026645506863437019 -2.1091616449320898 -0.4228241272330866 -0.1305300325411739 -0.83969607934344015 -0.3560315161169979 -1.957344983261706 -0.92041052276174917 -1.5380246386704308 -0.31299094369830843 -0.044587409633336003 -1.9033287608378613 0.0031574507424176105 -0.4237586072871446 -0.31438158828161789 -0.18125548392246862 -0.08655247129661009 -1.1231752039557121 0.052658613218141463 -0.14934898642765376 -0.34414715644882371 -0.45415964883138615 -0.56119348039218553 -0.39380623634981482 -1.9781562188172912 -1.655950403564161 -0.049780237344681712 -0.46847414994506892 -0.82232799841480186 -2.1734155383419145 -0.52751171765802418 -1.8754281018837831 0.07993377272056805 -1.7966015712766197 0.00097846059937143812 -0.36355909845949153 0.075016545802105483 0.0037041797987168966 -0.017580004927513933 -0.73099168657825231 -0.46815521064540538 -0.90811061472597687 -0.023029805052371045 0.00039656755058364607 -0.028628131291094951 0.01984344868109908
leaf_weight=96865.482695937157 167.75273406505585 14573.61691069603 28.929553985595703 1660.4429351687431 1129.5274957418442 5131.1462547183037 131541.20002156496 12.507372260093687 222.6335483789444 9837.8921653032303 43.011419773101807 726.32306253910065 264.65781784057617 145.63720464706421 36.242359459400177 261.47809112071991 143.48590552806854 10832.839202940464 1387.945862531662 6.1137597560882559 912.82073950767517 673.36101818084717 1590.6880080103874 6441.4764082431793 527.33499878644943 1440.4915494918823 1234.1508553624153 241.81882661581039 1697.0579366087914 75.641257703304291 1478.0378515720367 130.50815153121948 196.50516420602798 200.04373502731323 380.39807695150375 79.124653279781342 52.525522351264954 603.92665481567383 116.03488600254059 12.813509225845335 107.63703501224518 21.782265186309814 520.15431809425354 16.110539436340332 67.876546680927277 5.0836991667747524 35.412769198417664 125.18283343315125 48.031126022338867 24.741841912269592 55.6160609126091 6.3316862583160392 72.490327477455139
leaf_count=105584 72 12302 3 1178 494 4555 140337 9 144 3580 55 403 107 49 18 38 139 10601 287 3 554 640 1393 6627 235 609 656 91 965 44 1062 16 64 211 261 39 16 469 22 5 14 8 528 7 30 6 29 130 32 31 70 8 51
internal_value=0.000553615 0.00100439 -0.0122949 -0.000184701 0.000103609 0.00037116 0.00065012 -0.0203998 -0.0233854 -0.00331761 -0.00815549 -0.0042506 -0.00340773 -0.0111104 -0.00768469 -0.00419643 -0.0114713 -0.00218094 -0.0267277 -0.00647773 -0.00799699 -0.00808552 -0.00618262 -0.00205928 -0.015519 0.000129748 -0.00398004 -0.00309013 -0.00718901 -0.0133817 -0.00660857 -0.0233653 -0.0177341 -0.00648671 -0.00794434 -0.0123803 -0.00558001 -0.0143946 -0.0235854 -0.0168165 -0.0261668 -0.0107707 -0.0118028 -0.0166992 0.00329634 -0.00195045 -0.0132572 -0.019789 -0.0283819 -0.0140249 0.000783121 -0.00100209 0.00330517
internal_weight=294210 284240 9969.89 187143 174748 162079 146115 3367.85 2546.21 12669.4 6602.04 12394.4 9957.27 821.64 2437.11 10099.4 2212.91 15964 1783.79 4389.13 2723.63 1029.7 3251.13 6706.13 762.414 2570.02 1665.5 1475.97 2609.88 602.976 2204.36 159.438 232.748 873.405 657.685 224.762 432.924 1183.2 163.955 156.299 113.751 189.535 563.166 620.037 97097.6 159.65 47.9201 347.816 1435.98 29.8255 129.824 61.9477 96938
internal_count=294881 289148 5733 183368 172516 167795 152639 1316 891 4721 4417 10852 9305 425 1547 3618 2054 15156 593 2363 1536 995 2571 6734 298 1103 827 747 1519 279 1465 19 82 851 365 88 277 1059 60 144 17 80 583 476 105780 145 38 274 319 37 108 78 105635
is_linear=0
shrinkage=0.0330689


end of trees

feature_importances:
return_1d=59
bb_width=56
volume_zscore_30d=56
return_7d=46
price_lag_1d=38
price_log=34
price_zscore_30d=28
log_return_1d=27
vol_regime_60_30=25
bb_pct_b=23
volume_lag_1d=22
return_14d=20
macd_histogram=19
rsi_14=18
macd_missing=18
volume_std_30d=17
price_accel_7d=16
autocorr_1d=16
return_3d=15
price_std_30d=15
volume_lag_7d=15
volume_log_change_1d=15
return_30d=14
volume_log_change_7d=14
price_std_7d=11
macd_signal=11
return_60d=10
price_std_60d=10
trend_divergence_30_60=9
volume_mean_60d=9
autocorr_7d=5
rsi_missing=5
price_std_14d=3
macd_line=3
volume_price_conf_7d=3
log_return_7d=2
price_tier=1
volume_price_conf_1d=1

parameters:
[boosting: gbdt]
[objective: quantile]
[metric: quantile]
[tree_learner: serial]
[device_type: cpu]
[data_sample_strategy: bagging]
[data: ]
[valid: ]
[num_iterations: 1000]
[learning_rate: 0.0330689]
[num_leaves: 63]
[num_threads: -1]
[seed: 42]
[deterministic: 0]
[force_col_wise: 0]
[force_row_wise: 0]
[histogram_pool_size: -1]
[max_depth: 6]
[min_data_in_leaf: 5]
[min_sum_hessian_in_leaf: 0.001]
[bagging_fraction: 0.7]
[pos_bagging_fraction: 1]
[neg_bagging_fraction: 1]
[bagging_freq: 5]
[bagging_seed: 400]
[bagging_by_query: 0]
[feature_fraction: 0.6]
[feature_fraction_bynode: 1]
[feature_fraction_seed: 30056]
[extra_trees: 0]
[extra_seed: 12879]
[early_stopping_round: 0]
[early_stopping_min_delta: 0]
[first_metric_only: 0]
[max_delta_step: 0]
[lambda_l1: 0.5]
[lambda_l2: 1]
[linear_lambda: 0]
[min_gain_to_split: 0.1]
[drop_rate: 0.1]
[max_drop: 50]
[skip_drop: 0.5]
[xgboost_dart_mode: 0]
[uniform_drop: 0]
[drop_seed: 17869]
[top_rate: 0.2]
[other_rate: 0.1]
[min_data_per_group: 100]
[max_cat_threshold: 32]
[cat_l2: 10]
[cat_smooth: 10]
[max_cat_to_onehot: 4]
[top_k: 20]
[monotone_constraints: ]
[monotone_constraints_method: basic]
[monotone_penalty: 0]
[feature_contri: ]
[forcedsplits_filename: ]
[refit_decay_rate: 0.9]
[cegb_tradeoff: 1]
[cegb_penalty_split: 0]
[cegb_penalty_feature_lazy: ]
[cegb_penalty_feature_coupled: ]
[path_smooth: 0]
[interaction_constraints: ]
[verbosity: -1]
[saved_feature_importance_type: 0]
[use_quantized_grad: 0]
[num_grad_quant_bins: 4]
[quant_train_renew_leaf: 0]
[stochastic_rounding: 1]
[linear_tree: 0]
[max_bin: 63]
[max_bin_by_feature: ]
[min_data_in_bin: 3]
[bin_construct_sample_cnt: 200000]
[data_random_seed: 175]
[is_enable_sparse: 1]
[enable_bundle: 1]
[use_missing: 1]
[zero_as_missing: 0]
[feature_pre_filter: 0]
[pre_partition: 0]
[two_round: 0]
[header: 0]
[label_column: ]
[weight_column: ]
[group_column: ]
[ignore_column: ]
[categorical_feature: ]
[forcedbins_filename: ]
[precise_float_parser: 0]
[parser_config_file: ]
[objective_seed: 16083]
[num_class: 1]
[is_unbalance: 0]
[scale_pos_weight: 1]
[sigmoid: 1]
[boost_from_average: 1]
[reg_sqrt: 0]
[alpha: 0.1]
[fair_c: 1]
[poisson_max_delta_step: 0.7]
[tweedie_variance_power: 1.5]
[lambdarank_truncation_level: 30]
[lambdarank_norm: 1]
[label_gain: ]
[lambdarank_position_bias_regularization: 0]
[eval_at: ]
[multi_error_top_k: 1]
[auc_mu_weights: ]
[num_machines: 1]
[local_listen_port: 12400]
[time_out: 120]
[machine_list_filename: ]
[machines: ]
[gpu_platform_id: -1]
[gpu_device_id: -1]
[gpu_use_dp: 0]
[num_gpu: 1]

end of parameters

pandas_categorical:[]
