tree
version=v4
num_class=1
num_tree_per_iteration=1
label_index=0
max_feature_idx=3
objective=quantile
feature_names=price_log price_lag_1d price_lag_3d price_std_7d
feature_infos=[-3.5065579414367676:5.9753527641296387] [0.029999999329447746:394.7659912109375] [0.029999999999999999:409.81] [0:80.011871337890625]
tree_sizes=673 697 692 694 695 691 693 1024 692 1027 1026 694 1026 699 1023 697 698 700 699 909 907 697 917 696 1027 1026 912 698 907 699 902 695 919 698 698 911 695 907 698 918 909 908 910 909 907 696 699 702 696 1025 699 699 701 916 700 702 695 700 693 700 920 913 693 693 697 697 920 694 698 917 698 701 697 699 917 915 699 911 696 917 699 695 693 698 918 692 693 917 690 907

Tree=0
num_leaves=5
num_cat=0
split_feature=0 2 3 0
split_gain=1574.01 850.782 243.227 116.605
threshold=-3.3888024091720577 0.03425000000000001 0.0036539272405207161 -2.8430203199386592
decision_type=2 2 2 2
left_child=-1 3 -3 -2
right_child=1 2 -4 -5
leaf_value=-10.550629296187411 -11.586075309511733 -10.887751245172559 -11.140592732832726 -14.114629015549152
leaf_weight=102891.13265675306 2757.9056559205055 37693.089812099934 149432.83549708128 929.55375450849533
leaf_count=109323 2233 37008 145444 194
internal_value=-10.9474 -10.9493 -10.949 -10.9665
internal_weight=293705 190813 187126 3687.46
internal_count=294202 184879 182452 2427
is_linear=0
shrinkage=1


Tree=1
num_leaves=5
num_cat=0
split_feature=0 2 2 0
split_gain=1523.84 819.846 251.496 45.8932
threshold=-3.3888024091720577 0.030250000000000003 0.092250000000000013 -2.8430203199386592
decision_type=2 2 2 2
left_child=-1 3 -3 -2
right_child=1 2 -4 -5
leaf_value=0.38236125014448263 -0.73322390417096295 -0.36733495210702855 -0.055505526197436726 -3.0539276765347618
leaf_weight=102891.13265675306 1399.2199591994286 51119.780951321125 137483.68058866262 810.70322042703629
leaf_count=109323 1069 37697 145960 153
internal_value=6.84545e-05 -0.00184823 -0.00159072 -0.0237904
internal_weight=293705 190813 188603 2209.92
internal_count=294202 184879 183657 1222
is_linear=0
shrinkage=0.0362406


Tree=2
num_leaves=5
num_cat=0
split_feature=0 2 3 0
split_gain=1462.01 628.776 230.252 111.391
threshold=-3.3888024091720577 0.030250000000000003 0.0036539272405207161 -3.2901258468627925
decision_type=2 2 2 2
left_child=-1 3 -3 -2
right_child=1 2 -4 -5
leaf_value=0.36850424488841865 -0.15755122887905165 0.057550460619735698 -0.18695582867613661 -2.8971539060000691
leaf_weight=102891.13265675306 723.68656313419342 38459.58009159565 150143.8814483881 1486.2366164922714
leaf_count=109323 589 37782 145875 633
internal_value=0.000138694 -0.0017387 -0.00151314 -0.020955
internal_weight=293705 190813 188603 2209.92
internal_count=294202 184879 183657 1222
is_linear=0
shrinkage=0.0362406


Tree=3
num_leaves=5
num_cat=0
split_feature=0 1 3 0
split_gain=1410.87 590.538 230.312 73.7931
threshold=-3.3888024091720577 0.03024999983608723 0.037276636809110648 -3.2901258468627925
decision_type=2 2 2 2
left_child=-1 3 -3 -2
right_child=1 2 -4 -5
leaf_value=0.35514942596685911 -0.19148132411416482 -0.048966243825135605 -0.41512898839362444 -2.8231301605597805
leaf_weight=102891.13265675306 603.88897061347961 136512.10053497553 52549.393249809742 1148.0019642114639
leaf_count=109323 484 135191 48765 439
internal_value=0.000200143 -0.00164412 -0.00144967 -0.0225844
internal_weight=293705 190813 189061 1751.89
internal_count=294202 184879 183956 923
is_linear=0
shrinkage=0.0362406


Tree=4
num_leaves=5
num_cat=0
split_feature=0 2 2 0
split_gain=1360.03 594.974 233.837 104.128
threshold=-3.3888024091720577 0.030250000000000003 0.092250000000000013 -3.1881225109100337
decision_type=2 2 2 2
left_child=-1 3 -3 -2
right_child=1 2 -4 -5
leaf_value=0.34227859384030007 -0.22652508512151731 -0.34222564443362774 -0.041683819866879891 -2.7072975568595732
leaf_weight=102891.13265675306 1045.4226279258728 51119.780951321125 137483.68058866262 1164.500551700592
leaf_count=109323 834 37697 145960 388
internal_value=0.000262346 -0.00154837 -0.00132895 -0.0202409
internal_weight=293705 190813 188603 2209.92
internal_count=294202 184879 183657 1222
is_linear=0
shrinkage=0.0362406


Tree=5
num_leaves=5
num_cat=0
split_feature=0 1 3 0
split_gain=1336.31 481.389 207.224 70.6789
threshold=-3.3888024091720577 0.03024999983608723 0.0036539272405207161 -3.1881225109100337
decision_type=2 2 2 2
left_child=-1 3 -3 -2
right_child=1 2 -4 -5
leaf_value=0.32987420853166588 -0.21831567767248033 0.06205061499749201 -0.1825644316460695 -2.631381259563685
leaf_weight=102678.79246139526 838.22874397039413 38395.816360414028 151202.04450935125 803.49169993400574
leaf_count=108903 646 37916 146016 265
internal_value=0.000285568 -0.00150478 -0.00133522 -0.0210409
internal_weight=293918 191240 189598 1641.72
internal_count=293746 184843 183932 911
is_linear=0
shrinkage=0.0362406


Tree=6
num_leaves=5
num_cat=0
split_feature=0 1 0 3
split_gain=1268.45 239.369 255.702 198.863
threshold=-3.498293280601501 0.03024999983608723 -3.2901258468627925 0.037276636809110648
decision_type=2 2 2 2
left_child=-1 2 -2 -3
right_child=1 3 -4 -5
leaf_value=0.3179193657233636 -0.042493624511443229 -0.03631161839931487 -2.5324154336008164 -0.41719510038291807
leaf_weight=99268.11915743351 2039.1222634911537 138555.12967306376 1021.3206231594086 53034.682057917118
leaf_count=106189 1589 136623 424 48921
internal_value=0.000289528 -0.00141046 -0.0114663 -0.00124948
internal_weight=293918 194650 3060.44 191590
internal_count=293746 187557 2013 185544
is_linear=0
shrinkage=0.0362406


Tree=7
num_leaves=8
num_cat=0
split_feature=3 2 3 3 3 1 1
split_gain=1143.28 417.817 242.439 164.781 79.2693 9.86155 2.04268
threshold=0.0026106464210897688 0.10425000000000002 0.0070249552372843036 0.02272139769047499 0.00079428977915085863 0.052249999716877944 0.03024999983608723
decision_type=2 2 2 2 2 2 2
left_child=4 2 -2 -3 6 -6 -1
right_child=1 3 -4 -5 5 -7 -8
leaf_value=0.30639777372059523 -0.15807120052911491 0.057025798376539608 -1.003685475849543 -0.18064551370453141 0.027259375138852775 0.11808314119417893 0.18673816381934891
leaf_weight=89780.236168265343 29140.091891825199 64144.700569570065 20830.209167122841 61542.6162763834 11162.549360632896 15624.87392282486 1693.0964184403419
leaf_count=101108 22693 70663 8265 63269 10657 15584 1507
internal_value=0.000335892 -0.00151848 -0.00432169 -0.000403524 0.00309071 0.00135355 0.00359881
internal_weight=293918 175658 49970.3 125687 118261 26787.4 91473.3
internal_count=293746 164890 30958 133932 128856 26241 102615
is_linear=0
shrinkage=0.0362406


Tree=8
num_leaves=5
num_cat=0
split_feature=0 1 0 3
split_gain=1198.18 202.996 230.804 170.929
threshold=-3.498293280601501 0.03024999983608723 -3.1881225109100337 0.0034373645903542642
decision_type=2 2 2 2
left_child=-1 2 -2 -3
right_child=1 3 -4 -5
leaf_value=0.29529373124953351 -0.068930101773499078 0.06405476588683659 -2.4078679385866901 -0.15607198520148513
leaf_weight=99268.11915743351 2256.9511867165565 36585.973875164986 803.49169993400574 155003.83785581589
leaf_count=106189 1748 36136 265 149408
internal_value=0.0003832 -0.00126901 -0.0105295 -0.00112075
internal_weight=293918 194650 3060.44 191590
internal_count=293746 187557 2013 185544
is_linear=0
shrinkage=0.0362406


Tree=9
num_leaves=8
num_cat=0
split_feature=3 2 3 3 3 1 1
split_gain=1056.61 308.289 217.668 154.271 57.2901 5.09481 2.28153
threshold=0.0022160127991810445 0.092250000000000013 0.0066026686690747747 0.025012734346091751 0.00079428977915085863 0.052249999716877944 0.03024999983608723
decision_type=2 2 2 2 2 2 2
left_child=4 2 -2 -3 6 -6 -1
right_child=1 3 -4 -5 5 -7 -8
leaf_value=0.2845921060601051 -0.12900118392945867 0.047672197646117652 -0.94551059638237911 -0.18963290896571791 0.042195611870441345 0.12018599350823832 0.1776492748594736
leaf_weight=89780.236168265343 29041.429371774197 74680.306032240391 19614.93377828598 59333.657673001289 9131.2524560689926 10643.461876988411 1693.0964184403419
leaf_count=101108 22689 80839 7736 60310 8814 10743 1507
internal_value=0.000430284 -0.00126521 -0.00373615 -0.000367666 0.00321478 0.00144128 0.00359756
internal_weight=293918 182670 48656.4 134014 111248 19774.7 91473.3
internal_count=293746 171574 30425 141149 122172 19557 102615
is_linear=0
shrinkage=0.0362406


Tree=10
num_leaves=8
num_cat=0
split_feature=3 2 3 3 3 1 1
split_gain=1010.45 257.561 250.659 135.3 53.269 3.72635 1.79013
threshold=0.0022160127991810445 0.11025000000000001 0.0066026686690747747 0.019034430384635929 0.00079428977915085863 0.052249999716877944 0.034250000491738326
decision_type=2 2 2 2 2 2 2
left_child=4 2 -2 -3 6 -6 -1
right_child=1 3 -4 -5 5 -7 -8
leaf_value=0.27427831430422228 -0.090590941241110071 0.064128841832660391 -0.88301296942489471 -0.13617648578272393 0.050390235829618185 0.11583037969245645 0.12474884216404462
leaf_weight=90262.520830452442 34669.342892885208 58160.357760965824 23459.754392921925 66246.966657757759 8947.0828102827072 10552.865136444569 950.44267290830612
leaf_count=101950 28123 64653 9798 69117 8780 10745 819
internal_value=0.000501177 -0.00115536 -0.00314694 -0.000224346 0.00323285 0.00150867 0.00360084
internal_weight=293249 182536 58129.1 124407 110713 19499.9 91213
internal_count=293985 171691 37921 133770 122294 19525 102769
is_linear=0
shrinkage=0.0362406


Tree=11
num_leaves=5
num_cat=0
split_feature=0 2 0 3
split_gain=1079.36 261.398 274.176 153.01
threshold=-3.498293280601501 0.030250000000000003 -3.1881225109100337 0.053428467363119132
decision_type=2 2 2 2
left_child=-1 2 -2 -3
right_child=1 3 -4 -5
leaf_value=0.26433830066136016 -0.063167796457854308 -0.02117630472365194 -2.2867976467070479 -0.38171770411226091
leaf_weight=99006.098629593849 2445.5195381045341 146671.34146356583 1054.5263769626617 44071.847146391869
leaf_count=106306 2017 145581 369 39712
internal_value=0.000543713 -0.00102578 -0.01084 -0.00084535
internal_weight=293249 194243 3500.05 190743
internal_count=293985 187679 2386 185293
is_linear=0
shrinkage=0.0362406


Tree=12
num_leaves=8
num_cat=0
split_feature=3 2 3 3 3 1 1
split_gain=949.967 235.157 199.357 117.343 54.2101 3.74647 2.54517
threshold=0.0022160127991810445 0.10425000000000002 0.0058436982799321422 0.017555184662342075 0.00079428977915085863 0.05725000053644181 0.03024999983608723
decision_type=2 2 2 2 2 2 2
left_child=4 2 -2 -3 6 -6 -1
right_child=1 3 -4 -5 5 -7 -8
leaf_value=0.25475851918439468 -0.076185972683975922 0.061645338915498497 -0.75772972347502232 -0.12235693836419594 0.050853302431472451 0.11460494870633363 0.16844617676905524
leaf_weight=89594.303590774536 30300.242891311646 58179.344143331051 24887.124107480049 69169.71056240797 9933.9086683988571 9566.0392783284187 1618.6599125862122
leaf_count=101284 24315 64151 11139 72086 9779 9746 1485
internal_value=0.000576943 -0.00102924 -0.00300523 -0.000172487 0.00322559 0.00148633 0.0035968
internal_weight=293249 182536 55187.4 127349 110713 19499.9 91213
internal_count=293985 171691 35454 136237 122294 19525 102769
is_linear=0
shrinkage=0.0362406


Tree=13
num_leaves=5
num_cat=0
split_feature=0 2 0 2
split_gain=1035.96 241.077 263.905 130.718
threshold=-3.498293280601501 0.030250000000000003 -3.095567941665649 0.092250000000000013
decision_type=2 2 2 2
left_child=-1 2 -2 -3
right_child=1 3 -4 -5
leaf_value=0.24552591483959954 -0.090669846080935854 -0.23193164523951748 -2.1829046658178282 -0.013344595531286132
leaf_weight=99006.098629593849 2625.4909067153931 53024.109177052975 874.55500835180283 137719.07943290472
leaf_count=106306 2146 39005 240 146288
internal_value=0.000606284 -0.000931315 -0.0103563 -0.000758032
internal_weight=293249 194243 3500.05 190743
internal_count=293985 187679 2386 185293
is_linear=0
shrinkage=0.0362406


Tree=14
num_leaves=8
num_cat=0
split_feature=3 2 3 3 3 1 1
split_gain=911.533 171.374 190.081 115.229 30.871 2.54517 1.06102
threshold=0.0018159318133257332 0.092250000000000013 0.010404898319393398 0.017555184662342075 0.00079428977915085863 0.03024999983608723 0.05725000053644181
decision_type=2 2 2 2 2 2 2
left_child=4 2 -2 -3 5 -1 -6
right_child=1 3 -4 -5 6 -7 -8
leaf_value=0.23662790571564507 -0.10218188608420435 0.055171661319895142 -1.3208391794302026 -0.12622179206752349 0.057308846628866643 0.17074692892410878 0.12067659353041604
leaf_weight=89594.303590774536 39783.02221351862 65800.969280302525 13724.784714877605 69991.350982904434 7108.5751475095749 1618.6599125862122 5627.6673121452332
leaf_count=101284 31185 71240 3633 72348 6987 1485 5823
internal_value=0.000636162 -0.000860873 -0.00259801 -0.000175954 0.00336289 0.0035968 0.00168331
internal_weight=293249 189300 53507.8 135792 103949 91213 12736.2
internal_count=293985 178406 34818 143588 115579 102769 12810
is_linear=0
shrinkage=0.0362406


Tree=15
num_leaves=5
num_cat=0
split_feature=0 1 0 3
split_gain=989.219 209.265 241.195 136.714
threshold=-3.498293280601501 0.03024999983608723 -3.0108587741851802 0.033544480800628669
decision_type=2 2 2 2
left_child=-1 2 -2 -3
right_child=1 3 -4 -5
leaf_value=0.22805236587735317 -0.078181294885429936 -0.003290007018879285 -2.0798298170942893 -0.29505267156441212
leaf_weight=99289.467860102654 2450.7304265499115 135790.93672657013 658.38073772192001 56089.0958558321
leaf_count=106281 1872 133667 128 52062
internal_value=0.000678865 -0.000820278 -0.0101469 -0.000668821
internal_weight=294279 194989 3109.11 191880
internal_count=294010 187729 2000 185729
is_linear=0
shrinkage=0.0362406


Tree=16
num_leaves=5
num_cat=0
split_feature=0 2 0 3
split_gain=975.277 255.812 262.52 119.812
threshold=-3.498293280601501 0.030250000000000003 -3.0108587741851802 0.0036539272405207161
decision_type=2 2 2 2
left_child=-1 2 -2 -3
right_child=1 3 -4 -5
leaf_value=0.21978760884084333 -0.096183293340272633 0.067756237087044868 -1.9805225731710336 -0.10098056774898401
leaf_weight=99289.467860102654 2723.622474193573 39566.840285599232 851.55633276700974 151847.12465411425
leaf_count=106281 2168 39022 204 146335
internal_value=0.000699691 -0.000788848 -0.0103932 -0.000609122
internal_weight=294279 194989 3575.18 191414
internal_count=294010 187729 2372 185357
is_linear=0
shrinkage=0.0362406


Tree=17
num_leaves=5
num_cat=0
split_feature=0 2 0 3
split_gain=962.507 248.771 253.667 118.839
threshold=-3.498293280601501 0.030250000000000003 -3.0108587741851802 0.033544480800628669
decision_type=2 2 2 2
left_child=-1 2 -2 -3
right_child=1 3 -4 -5
leaf_value=0.21182237164754911 -0.092697552039714387 -4.6789368738137499e-05 -1.9087472253924234 -0.27192047969026284
leaf_weight=99289.467860102654 2723.622474193573 135353.13327336311 851.55633276700974 56060.831666350365
leaf_count=106281 2168 133300 204 52057
internal_value=0.000718899 -0.00075986 -0.0102311 -0.000582621
internal_weight=294279 194989 3575.18 191414
internal_count=294010 187729 2372 185357
is_linear=0
shrinkage=0.0362406


Tree=18
num_leaves=5
num_cat=0
split_feature=0 2 0 2
split_gain=945.493 236.749 244.893 118.49
threshold=-3.498293280601501 0.030250000000000003 -2.6845846176147456 0.092250000000000013
decision_type=2 2 2 2
left_child=-1 2 -2 -3
right_child=1 3 -4 -5
leaf_value=0.20414579951540213 -0.096054629397361785 -0.19582269515562625 -1.8927553774244934 0.0010360206407299007
leaf_weight=99289.467860102654 2936.8735736012459 53316.772935390472 638.30523335933685 138097.19200432301
leaf_count=106281 2274 39294 98 146063
internal_value=0.000744688 -0.000720938 -0.00996053 -0.000548029
internal_weight=294279 194989 3575.18 191414
internal_count=294010 187729 2372 185357
is_linear=0
shrinkage=0.0362406


Tree=19
num_leaves=7
num_cat=0
split_feature=0 1 3 0 0 1
split_gain=948.982 374.725 113.775 99.9077 1.73244 0.857937
threshold=-3.3888024091720577 0.03024999983608723 0.0036539272405207161 -2.3724747896194454 -3.498293280601501 0.03024999983608723
decision_type=2 2 2 2 2 2
left_child=4 3 -3 -2 -1 -6
right_child=1 2 -4 -5 5 -7
leaf_value=0.19674743104626627 -0.16748006684854386 0.069334107356726779 -0.098647745698875369 -2.5275466109504521 0.031382987889972826 0.096081914022708437
leaf_weight=99289.467860102654 1233.0532982349396 38433.893270969391 151464.40021836758 487.69960117340088 1388.3582648634911 1981.7390930652618
leaf_count=106281 865 37979 146143 59 1076 1607
internal_value=0.000782532 -0.000723582 -0.000570683 -0.0175555 0.00359428 0.00271701
internal_weight=294279 191619 189898 1720.75 102660 3370.1
internal_count=294010 185046 184122 924 108964 2683
is_linear=0
shrinkage=0.0362406


Tree=20
num_leaves=7
num_cat=0
split_feature=0 1 3 0 0 3
split_gain=965.461 350.77 122.771 110.142 5.47131 10.2089
threshold=-3.3888024091720577 0.03024999983608723 0.27077753841876989 -2.9327684640884395 -3.498293280601501 1.0000000180025095e-35
decision_type=2 2 2 2 2 2
left_child=4 3 -3 -2 -1 -6
right_child=1 2 -4 -5 5 -7
leaf_value=0.18961718396946389 -0.14660676276108409 -0.029194860553871046 -0.69995639425123823 -1.6786166031735794 -0.037531506702361148 0.052517786858455241
leaf_weight=99214.602140009403 1011.6262958049774 172504.02090340853 16487.766107559204 633.12543225288391 17.202162504196167 3361.633759200573
leaf_count=106326 784 171343 12118 110 4 2701
internal_value=0.000739105 -0.000786174 -0.000640807 -0.0174462 0.00357385 0.00209989
internal_weight=293230 190637 188992 1644.75 102593 3378.84
internal_count=293386 184355 183461 894 109031 2705
is_linear=0
shrinkage=0.0362406


Tree=21
num_leaves=5
num_cat=0
split_feature=0 2 0 2
split_gain=940.671 198.772 259.243 128.56
threshold=-3.498293280601501 0.030250000000000003 -2.6845846176147456 0.16425000000000003
decision_type=2 2 2 2
left_child=-1 2 -2 -3
right_child=1 3 -4 -5
leaf_value=0.18274534140196508 -0.081190852403636465 -0.15117215599280875 -1.7611651674879722 0.023139440136041221
leaf_weight=99214.602140009403 2867.1980940699577 83911.531069934368 637.81683266162872 106598.82866406441
leaf_count=106326 2265 67217 94 117484
internal_value=0.000753019 -0.000714592 -0.00926639 -0.000556923
internal_weight=293230 194015 3505.01 190510
internal_count=293386 187060 2359 184701
is_linear=0
shrinkage=0.0362406


Tree=22
num_leaves=7
num_cat=0
split_feature=3 2 3 3 1 3
split_gain=841.758 162.651 226.948 89.9735 26.3018 2.90667
threshold=0.0018159318133257332 0.10425000000000002 0.011941324453800918 0.025012734346091751 0.03024999983608723 1.0000000180025095e-35
decision_type=2 2 2 2 2 2
left_child=4 2 -2 -3 -1 -6
right_child=1 3 -4 -5 5 -7
leaf_value=0.17612253860651614 -0.076399906509783858 0.062030041663083603 -1.2508778550612967 -0.11770416056702655 -0.40441073421762058 0.096963986646592754
leaf_weight=91467.574829697609 47116.923341035843 70021.918994247913 13470.01682549715 58569.047237753868 97.789099216461182 12486.70647329092
leaf_count=102845 37338 77048 3347 60157 39 12612
internal_value=0.000788959 -0.000650842 -0.00219898 7.8165e-05 0.00340718 0.00184474
internal_weight=293230 189178 60586.9 128591 104052 12584.5
internal_count=293386 177890 40685 137205 115496 12651
is_linear=0
shrinkage=0.0362406


Tree=23
num_leaves=5
num_cat=0
split_feature=0 2 0 2
split_gain=912.146 176.957 268.683 113.68
threshold=-3.498293280601501 0.030250000000000003 -2.6845846176147456 0.56825000000000014
decision_type=2 2 2 2
left_child=-1 2 -2 -3
right_child=1 3 -4 -5
leaf_value=0.16973975022966145 -0.075479667042292434 -0.094188644725768725 -1.6520068885588584 0.078887065051319358
leaf_weight=99214.602140009403 2867.1980940699577 132244.44790393114 637.81683266162872 58265.911830067635
leaf_count=106326 2265 117923 94 66778
internal_value=0.00079688 -0.000648301 -0.00871718 -0.00049952
internal_weight=293230 194015 3505.01 190510
internal_count=293386 187060 2359 184701
is_linear=0
shrinkage=0.0362406


Tree=24
num_leaves=8
num_cat=0
split_feature=3 2 3 3 3 1 1
split_gain=805.141 172.228 316.319 83.018 44.9171 3.46673 2.91061
threshold=0.0022160127991810445 0.16425000000000003 0.011941324453800918 0.053428467363119132 0.00079428977915085863 0.03024999983608723 0.080249998718500151
decision_type=2 2 2 2 2 2 2
left_child=4 2 -2 -3 5 -1 -6
right_child=1 3 -4 -5 6 -7 -8
leaf_value=0.16358827800226752 -0.051133814263717436 0.072882868236769455 -1.1002484684130833 -0.13752875570208895 0.074056689712780815 0.15886840300425736 0.12075684510836063
leaf_weight=89725.893463790417 58440.288358032703 68193.725620090961 17786.592110335827 38053.357020378113 13343.587883293629 1600.2777411341667 6086.2546036839485
leaf_count=101282 49057 77909 5536 38740 13077 1452 6333
internal_value=0.00081821 -0.000661028 -0.00197558 0.000281592 0.00325577 0.00359293 0.00166815
internal_weight=293230 182474 76226.9 106247 110756 91326.2 19429.8
internal_count=293386 171242 54593 116649 122144 102734 19410
is_linear=0
shrinkage=0.0362406


Tree=25
num_leaves=8
num_cat=0
split_feature=3 2 3 3 3 1 2
split_gain=774.141 126.403 165.776 88.2529 21.9395 3.09801 0.50253
threshold=0.001605421304702759 0.092250000000000013 0.013815105427056553 0.017555184662342075 0.00079428977915085863 0.03024999983608723 0.048250000000000008
decision_type=2 2 2 2 2 2 2
left_child=4 2 -2 -3 5 -1 -6
right_child=1 3 -4 -5 6 -7 -8
leaf_value=0.15765973888578724 -0.074582900767841215 0.064618986839437093 -1.1917456933181285 -0.087575605067413548 0.071372830042877172 0.16499958324328903 0.10561595086918069
leaf_weight=89916.047983884811 45444.310031235218 66888.024087786674 11036.101610958576 70135.867598056793 4683.2929382324219 1609.7026129961014 4755.0087769627571
leaf_count=101372 35197 72021 2323 72336 4552 1466 4816
internal_value=0.000849828 -0.000492151 -0.00193489 0.00010215 0.00342234 0.00359446 0.00174721
internal_weight=294468 193504 56480.4 137024 100964 91525.8 9438.3
internal_count=294083 181877 37520 144357 112206 102838 9368
is_linear=0
shrinkage=0.0362406


Tree=26
num_leaves=7
num_cat=0
split_feature=0 1 0 3 0 3
split_gain=867.521 309.491 132.976 98.9139 10.0318 8.94802
threshold=-3.3888024091720577 0.03024999983608723 -2.2706049680709834 0.0036539272405207161 -3.498293280601501 0.0018159318133257332
decision_type=2 2 2 2 2 2
left_child=4 2 -2 -3 -1 -6
right_child=1 3 -4 -5 5 -7
leaf_value=0.15194605364811081 -0.14309470315463751 0.069385625702439252 -1.3911568244919139 -0.082916059047022858 -0.0049185980640666432 0.12748249488683999
leaf_weight=99381.672142267227 1263.6722993850708 38607.606926500797 500.03897738456726 151348.81954914331 1749.4749286770821 1617.0708167552948
leaf_count=106412 878 37826 59 146220 1568 1120
internal_value=0.000870107 -0.000569673 -0.0156774 -0.000429033 0.00355713 0.00158198
internal_weight=294468 191720 1763.71 189956 102748 3366.55
internal_count=294083 184983 937 184046 109100 2688
is_linear=0
shrinkage=0.0362406


Tree=27
num_leaves=5
num_cat=0
split_feature=0 2 0 2
split_gain=849.869 166.032 250.769 97.8606
threshold=-3.498293280601501 0.030250000000000003 -2.2706049680709834 0.61875000000000013
decision_type=2 2 2 2
left_child=-1 2 -2 -3
right_child=1 3 -4 -5
leaf_value=0.14643943585343513 -0.099906718614302684 -0.075570811267716698 -1.3628506465172634 0.085662623943617219
leaf_weight=99381.672142267227 3062.6045196056366 135850.26013898849 520.6235603094101 55653.195278942585
leaf_count=106412 2311 121397 63 63900
internal_value=0.000895627 -0.000493735 -0.00822241 -0.000348798
internal_weight=294468 195087 3583.23 191503
internal_count=294083 187671 2374 185297
is_linear=0
shrinkage=0.0362406


Tree=28
num_leaves=7
num_cat=0
split_feature=0 2 0 2 0 3
split_gain=842.481 292.05 164.329 98.7551 9.84787 8.91211
threshold=-3.3888024091720577 0.030250000000000003 -2.2706049680709834 0.10425000000000002 -3.498293280601501 0.001605421304702759
decision_type=2 2 2 2 2 2
left_child=4 2 -2 -3 -1 -6
right_child=1 3 -4 -5 5 -7
leaf_value=0.14113238125114655 -0.22931280515110189 -0.16059293161018343 -1.3134601066419913 0.016658320902751253 -0.002248137794345986 0.10624418970394314
leaf_weight=99381.672142267227 1665.2227838635445 59398.16132414341 520.6235603094101 130136.13008409739 1569.6538870334625 1796.8918583989143
leaf_count=106412 1175 44362 63 139383 1425 1263
internal_value=0.000909774 -0.000509068 -0.0136779 -0.000356838 0.00355773 0.00160022
internal_weight=294468 191720 2185.85 189534 102748 3366.55
internal_count=294083 184983 1238 183745 109100 2688
is_linear=0
shrinkage=0.0362406


Tree=29
num_leaves=5
num_cat=0
split_feature=0 1 0 3
split_gain=835.31 121.135 260.797 99.3719
threshold=-3.498293280601501 0.03024999983608723 -2.2706049680709834 0.0036539272405207161
decision_type=2 2 2 2
left_child=-1 2 -2 -3
right_child=1 3 -4 -5
leaf_value=0.13601765754925738 -0.044354737919671774 0.072758682208948142 -1.2437493150199566 -0.075842125507868133
leaf_weight=99381.672142267227 2578.4054033756256 39969.627180457115 500.03897738456726 152038.61193662882
leaf_count=106412 1883 39112 59 146617
internal_value=0.000919098 -0.000458309 -0.00758996 -0.000343646
internal_weight=294468 195087 3078.44 192008
internal_count=294083 187671 1942 185729
is_linear=0
shrinkage=0.0362406


Tree=30
num_leaves=7
num_cat=0
split_feature=0 1 0 3 0 3
split_gain=816.139 218.758 182.679 95.987 10.154 7.128
threshold=-3.3888024091720577 0.03024999983608723 -2.2706049680709834 0.041683901101350791 -3.498293280601501 0.0022160127991810445
decision_type=2 2 2 2 2 2
left_child=4 2 -2 -3 -1 -6
right_child=1 3 -4 -5 5 -7
leaf_value=0.13108829455845911 -0.12437030428125871 0.010680101132787966 -1.2052330829387363 -0.23851016443133821 0.0010450005946196009 0.14105904076898393
leaf_weight=99211.537151038647 1262.0319841504097 139819.69541794062 486.39838290214539 50023.683664441109 1977.8959946036339 1387.2653386592865
leaf_count=106340 866 138093 57 45838 1808 908
internal_value=0.00094778 -0.000448709 -0.0132062 -0.00033086 0.00355664 0.00156949
internal_weight=294169 191592 1748.43 189843 102577 3365.16
internal_count=293910 184854 923 183931 109056 2716
is_linear=0
shrinkage=0.0362406


Tree=31
num_leaves=5
num_cat=0
split_feature=0 2 0 2
split_gain=808.231 143.578 357.326 85.7954
threshold=-3.498293280601501 0.03425000000000001 -2.4275856018066402 0.5192500000000001
decision_type=2 2 2 2
left_child=-1 2 -2 -3
right_child=1 3 -4 -5
leaf_value=0.12633757469336129 -0.08463074362416001 -0.065760990926121574 -1.8282625958087764 0.085692577427207386
leaf_weight=99211.537151038647 5632.6508170962334 127992.55138844252 655.28908026218414 60676.479496896267
leaf_count=106340 4517 113228 84 69741
internal_value=0.00096055 -0.000394318 -0.00578145 -0.000214459
internal_weight=294169 194957 6287.94 188669
internal_count=293910 187570 4601 182969
is_linear=0
shrinkage=0.0362406


Tree=32
num_leaves=7
num_cat=0
split_feature=3 2 3 3 1 1
split_gain=726.376 137.242 234.859 73.2507 43.3209 1.73071
threshold=0.0022160127991810445 0.16425000000000003 0.012838975060731174 0.11096441373229028 0.03024999983608723 0.080249998718500151
decision_type=2 2 2 2 2 2
left_child=4 2 -2 -3 -1 -6
right_child=1 3 -4 -5 5 -7
leaf_value=0.12175902381797116 -0.038505202571295347 0.067272170901841385 -0.88781206882316965 -0.18673181013434226 0.093511093833505629 0.11283917342300724
leaf_weight=92193.795522868633 59734.422887861729 81902.411849558353 17151.816671550274 24382.252659678459 12483.356317639351 6320.4520245790482
leaf_count=103443 49921 93243 4925 23634 12183 6561
internal_value=0.000982198 -0.000419406 -0.00158588 0.000423913 0.00329563 0.00170471
internal_weight=294169 183171 76886.2 106285 110998 18803.8
internal_count=293910 171723 54846 116877 122187 18744
is_linear=0
shrinkage=0.0362406


Tree=33
num_leaves=5
num_cat=0
split_feature=0 3 1 1
split_gain=797.339 110.906 253.766 129.256
threshold=-3.498293280601501 0.11096441373229028 2.0515000820159917 0.55825001001358043
decision_type=2 2 2 2
left_child=-1 3 -3 -2
right_child=1 2 -4 -5
leaf_value=0.11734640242293884 -0.037846086194525862 -1.5022826960630942 0.018929651917752158 0.13890866491175236
leaf_weight=99211.537151038647 128090.16415911913 10753.925808191299 18991.381708025932 37121.49910736084
leaf_count=106340 118901 3630 20639 44400
internal_value=0.000978557 -0.000367147 -0.00240422 -4.48563e-08
internal_weight=294169 194957 29745.3 165212
internal_count=293910 187570 24269 163301
is_linear=0
shrinkage=0.0362406


Tree=34
num_leaves=5
num_cat=0
split_feature=0 3 1 1
split_gain=780.642 97.6092 436.738 96.6587
threshold=-3.498293280601501 0.041683901101350791 0.81224998831748974 0.17324999719858172
decision_type=2 2 2 2
left_child=-1 3 -3 -2
right_child=1 2 -4 -5
leaf_value=0.11309369712254445 -0.043976100665004597 -1.1751310872403142 0.047222864442798433 0.079272646597345384
leaf_weight=99211.537151038647 81860.836056053638 14358.207553982735 36351.900039196014 62386.027133464813
leaf_count=106340 70752 5942 39976 70900
internal_value=0.0010064 -0.000325135 -0.00169287 0.000155324
internal_weight=294169 194957 50710.1 144247
internal_count=293910 187570 45918 141652
is_linear=0
shrinkage=0.0362406


Tree=35
num_leaves=7
num_cat=0
split_feature=0 2 0 3 0 3
split_gain=790.773 225.511 236.275 89.5667 2.77024 10.5576
threshold=-3.3888024091720577 0.03425000000000001 -2.4275856018066402 0.0036539272405207161 -3.498293280601501 1.0000000180025095e-35
decision_type=2 2 2 2 2 2
left_child=4 2 -2 -3 -1 -6
right_child=1 3 -4 -5 5 -7
leaf_value=0.10899511245983967 -0.21281668775114956 0.086373043850551584 -1.5604637554387437 -0.055398637542171773 -0.022077024254246468 0.056704284124505407
leaf_weight=99459.585051655769 3124.4413862228394 37585.388337790966 618.82854461669922 150338.64992642403 17.202162504196167 3414.224318921566
leaf_count=106644 2381 37029 79 145461 4 2751
internal_value=0.00102436 -0.000351171 -0.00915812 -0.000175407 0.00358723 0.00251985
internal_weight=294558 191667 3743.27 187924 102891 3431.43
internal_count=294349 184950 2460 182490 109399 2755
is_linear=0
shrinkage=0.0362406


Tree=36
num_leaves=5
num_cat=0
split_feature=0 3 1 1
split_gain=772.446 100.72 172.228 140.014
threshold=-3.498293280601501 0.20598043501377108 5.5820000171661386 0.55825001001358043
decision_type=2 2 2 2
left_child=-1 3 -3 -2
right_child=1 2 -4 -5
leaf_value=0.10504506300877586 -0.044384167702662465 -1.3191085859641591 0.079049547307574075 0.12927803080890723
leaf_weight=99459.585051655769 130256.82897782326 9985.0408889651299 10180.814285516739 44676.050524175167
leaf_count=106644 119527 4132 11002 53044
internal_value=0.0010242 -0.000300616 -0.0027258 -2.07206e-05
internal_weight=294558 195099 20165.9 174933
internal_count=294349 187705 15134 172571
is_linear=0
shrinkage=0.0362406


Tree=37
num_leaves=7
num_cat=0
split_feature=0 2 0 2 0 1
split_gain=773.545 202.54 230.288 86.0619 2.77024 1.50976
threshold=-3.3888024091720577 0.03425000000000001 -2.4275856018066402 0.47525000000000001 -3.498293280601501 0.03024999983608723
decision_type=2 2 2 2 2 2
left_child=4 2 -2 -3 -1 -6
right_child=1 3 -4 -5 5 -7
leaf_value=0.10123816576255609 -0.2034955716481425 -0.061293701443633469 -1.4561062949090517 0.083716478250252982 0.040218541873870937 0.093078318435932367
leaf_weight=99459.585051655769 3124.4413862228394 124425.67680895329 618.82854461669922 63498.361455261707 1369.6782958507538 2061.7481855750084
leaf_count=106644 2381 109789 79 72701 1091 1664
internal_value=0.00105243 -0.000308023 -0.00865436 -0.000141437 0.00358723 0.00251985
internal_weight=294558 191667 3743.27 187924 102891 3431.43
internal_count=294349 184950 2460 182490 109399 2755
is_linear=0
shrinkage=0.0362406


Tree=38
num_leaves=5
num_cat=0
split_feature=0 3 1 1
split_gain=756.336 90.4665 146.363 127.529
threshold=-3.498293280601501 0.27077753841876989 8.3677501678466815 0.81224998831748974
decision_type=2 2 2 2
left_child=-1 3 -3 -2
right_child=1 2 -4 -5
leaf_value=0.097569232797837732 -0.035624391451342025 -1.3125814339027773 0.096379475908769621 0.14694046509788625
leaf_weight=99459.585051655769 141970.17320072651 8596.8534042239189 7990.3843120336533 36541.323759496212
leaf_count=106644 131599 3493 8673 43940
internal_value=0.00105146 -0.000259467 -0.00281952 -2.12692e-05
internal_weight=294558 195099 16587.2 178511
internal_count=294349 187705 12166 175539
is_linear=0
shrinkage=0.0362406


Tree=39
num_leaves=7
num_cat=0
split_feature=3 2 3 3 1 3
split_gain=674.848 124.459 145.836 62.6737 41.9742 1.53001
threshold=0.0022160127991810445 0.11725000000000002 0.0085136448033154028 0.016225347295403484 0.03024999983608723 1.0000000180025095e-35
decision_type=2 2 2 2 2 2
left_child=4 2 -2 -3 -1 -6
right_child=1 3 -4 -5 5 -7
leaf_value=0.094033264204788913 -0.031776484017825402 0.087307463038907351 -0.62505480605728636 -0.028698308115029797 -0.31746175980860414 0.097859907170836827
leaf_weight=92402.424770772457 42194.210534632206 50641.266024589539 19588.813424170017 70669.415013849735 103.0557553768158 18959.134204745293
leaf_count=103758 34112 56270 6937 74447 37 18788
internal_value=0.00107745 -0.000275739 -0.0015999 0.00039821 0.00330068 0.00174666
internal_weight=294558 183094 61783 121311 111465 19062.2
internal_count=294349 171766 41049 130717 122583 18825
is_linear=0
shrinkage=0.0362406


Tree=40
num_leaves=7
num_cat=0
split_feature=0 2 0 3 0 3
split_gain=708.754 160.094 213.235 75.3218 8.70937 6.23296
threshold=-3.3888024091720577 0.03425000000000001 -2.1606539487838741 0.0036539272405207161 -3.498293280601501 0.0022160127991810445
decision_type=2 2 2 2 2 2
left_child=4 2 -2 -3 -1 -6
right_child=1 3 -4 -5 5 -7
leaf_value=0.090625441273364152 -0.19626902325972051 0.086529355398068733 -1.2875477212971131 -0.038039543027748465 0.035426071534703008 0.12765113913339818
leaf_weight=99475.896398842335 3032.5300903916359 37748.67208391428 475.66110277175903 149806.04103094339 1930.3367544412613 1456.8281519412994
leaf_count=106496 2361 37025 54 145377 1774 927
internal_value=0.00113603 -0.000169471 -0.0078388 -2.5686e-05 0.00356143 0.00172266
internal_weight=293926 191063 3508.19 187555 102863 3387.16
internal_count=294014 184817 2415 182402 109197 2701
is_linear=0
shrinkage=0.0362406


Tree=41
num_leaves=7
num_cat=0
split_feature=0 2 0 2 0 3
split_gain=705.423 153.154 175.83 70.6289 8.70937 6.23296
threshold=-3.3888024091720577 0.030250000000000003 -2.1606539487838741 0.61875000000000013 -3.498293280601501 0.0022160127991810445
decision_type=2 2 2 2 2 2
left_child=4 2 -2 -3 -1 -6
right_child=1 3 -4 -5 5 -7
leaf_value=0.087341119926513236 -0.13894319757920692 -0.044514543190264419 -1.1317051001908882 0.090314502307535516 0.034142209063616882 0.12302498388036023
leaf_weight=99475.896398842335 1590.7715074419975 133876.39498794079 443.26456785202026 55152.473244786263 1930.3367544412613 1456.8281519412994
leaf_count=106496 1138 119916 50 63713 1774 927
internal_value=0.00114174 -0.00016069 -0.0100497 -5.39395e-05 0.00356143 0.00172266
internal_weight=293926 191063 2034.04 189029 102863 3387.16
internal_count=294014 184817 1188 183629 109197 2701
is_linear=0
shrinkage=0.0362406


Tree=42
num_leaves=7
num_cat=0
split_feature=0 2 0 2 0 1
split_gain=702.693 149.952 177.789 65.7084 8.70937 0.934578
threshold=-3.3888024091720577 0.030250000000000003 -2.1606539487838741 0.61875000000000013 -3.498293280601501 0.034250000491738326
decision_type=2 2 2 2 2 2
left_child=4 2 -2 -3 -1 -6
right_child=1 3 -4 -5 5 -7
leaf_value=0.084175824391374998 -0.13390781123076839 -0.042901308955033496 -1.09069141610095 0.087041449578731486 0.045166812430690345 0.093797233416449688
leaf_weight=99475.896398842335 1590.7715074419975 133876.39498794079 443.26456785202026 55152.473244786263 2637.7628790140152 749.40202736854553
leaf_count=106496 1138 119916 50 63713 2177 524
internal_value=0.00114642 -0.000153481 -0.00993859 -4.78493e-05 0.00356143 0.00172266
internal_weight=293926 191063 2034.04 189029 102863 3387.16
internal_count=294014 184817 1188 183629 109197 2701
is_linear=0
shrinkage=0.0362406


Tree=43
num_leaves=7
num_cat=0
split_feature=0 2 0 3 0 3
split_gain=698.609 135.475 211.355 76.7499 8.70937 6.23296
threshold=-3.3888024091720577 0.03425000000000001 -1.8627198338508604 0.017555184662342075 -3.498293280601501 0.0022160127991810445
decision_type=2 2 2 2 2 2
left_child=4 2 -2 -3 -1 -6
right_child=1 3 -4 -5 5 -7
leaf_value=0.081125241099830561 -0.20565110198324563 0.040454254509758765 -1.1866081406889619 -0.10824208380500731 0.031268001681763642 0.11602226341437624
leaf_weight=99475.896398842335 3077.0870380997658 111967.0792670846 431.10415506362915 75587.633847773075 1930.3367544412613 1456.8281519412994
leaf_count=106496 2368 109131 47 73271 1774 927
internal_value=0.00115345 -0.000142667 -0.00719767 -1.03767e-05 0.00356143 0.00172266
internal_weight=293926 191063 3508.19 187555 102863 3387.16
internal_count=294014 184817 2415 182402 109197 2701
is_linear=0
shrinkage=0.0362406


Tree=44
num_leaves=7
num_cat=0
split_feature=0 2 0 2 0 1
split_gain=695.451 118.176 219.939 60.9441 8.70937 0.934578
threshold=-3.3888024091720577 0.03425000000000001 -1.8627198338508604 0.82425000000000004 -3.498293280601501 0.034250000491738326
decision_type=2 2 2 2 2 2
left_child=4 2 -2 -3 -1 -6
right_child=1 3 -4 -5 5 -7
leaf_value=0.078185212810104487 -0.19819818043321832 -0.034442218093946146 -1.1436047368759399 0.1009989380062558 0.042396768079955773 0.089264792905148022
leaf_weight=99475.896398842335 3077.0870380997658 140396.3847874403 431.10415506362915 47158.328327417374 2637.7628790140152 749.40202736854553
leaf_count=106496 2368 127551 47 54851 2177 524
internal_value=0.0011589 -0.000134283 -0.00672349 -1.07072e-05 0.00356143 0.00172266
internal_weight=293926 191063 3508.19 187555 102863 3387.16
internal_count=294014 184817 2415 182402 109197 2701
is_linear=0
shrinkage=0.0362406


Tree=45
num_leaves=5
num_cat=0
split_feature=0 3 2 2
split_gain=716.567 93.5359 457.04 62.154
threshold=-3.498293280601501 0.02272139769047499 0.5192500000000001 0.10425000000000002
decision_type=2 2 2 2
left_child=-1 3 -3 -2
right_child=1 2 -4 -5
leaf_value=0.07535173294140253 -0.033065250943606336 -0.88796127564636307 0.059163872815904718 0.073149252452256938
leaf_weight=99260.411513507366 57255.806745350361 19420.417820632458 48590.875510513783 69091.652720272541
leaf_count=106281 47022 9273 55071 75944
internal_value=0.00111825 -0.000160918 -0.00124473 0.000422058
internal_weight=293619 194359 68011.3 126347
internal_count=293591 187310 64344 122966
is_linear=0
shrinkage=0.0362406


Tree=46
num_leaves=5
num_cat=0
split_feature=0 2 0 1
split_gain=711.016 80.498 612.067 36.8651
threshold=-3.498293280601501 0.092250000000000013 -2.2706049680709834 0.81224998831748974
decision_type=2 2 2 2
left_child=-1 2 -2 -3
right_child=1 3 -4 -5
leaf_value=0.072620940113865759 -0.0056696780329372363 -0.0065801720509315598 -1.9629264732338645 0.1019026313459632
leaf_weight=99260.411513507366 51423.680315554142 90362.332426071167 5522.7125250101089 47050.027530133724
leaf_count=106281 40593 90512 1023 55182
internal_value=0.00112798 -0.000146228 -0.0012921 0.000328252
internal_weight=293619 194359 56946.4 137412
internal_count=293591 187310 41616 145694
is_linear=0
shrinkage=0.0362406


Tree=47
num_leaves=5
num_cat=0
split_feature=0 3 1 1
split_gain=704.874 81.6172 384.116 62.5008
threshold=-3.498293280601501 0.025012734346091751 0.55825001001358043 0.095249999314546599
decision_type=2 2 2 2
left_child=-1 3 -3 -2
right_child=1 2 -4 -5
leaf_value=0.069989112886399876 -0.042660723361222078 -0.91934742715879647 0.046426806344518935 0.065842894227331389
leaf_weight=99260.411513507366 51501.300000607967 17455.238441050053 47391.705293536186 78010.509061574936
leaf_count=106281 42254 8529 52640 83887
internal_value=0.00113878 -0.000129905 -0.00117963 0.000395283
internal_weight=293619 194359 64846.9 129512
internal_count=293591 187310 61169 126141
is_linear=0
shrinkage=0.0362406


Tree=48
num_leaves=5
num_cat=0
split_feature=0 2 0 1
split_gain=698.686 71.7806 688.923 18.6357
threshold=-3.498293280601501 0.21825000000000003 -1.4177855253219602 1.4242500066757204
decision_type=2 2 2 2
left_child=-1 2 -2 -3
right_child=1 3 -4 -5
leaf_value=0.067452664685208913 -0.0086740338265298752 0.01624362618287933 -2.1726595069329662 0.11861304046800225
leaf_weight=99260.411513507366 96348.432728767395 59284.327524662018 4285.3973350524902 34440.595208287239
leaf_count=106281 81246 64675 760 40629
internal_value=0.00114971 -0.00011339 -0.000785751 0.000607954
internal_weight=293619 194359 100634 93724.9
internal_count=293591 187310 82006 105304
is_linear=0
shrinkage=0.0362406


Tree=49
num_leaves=8
num_cat=0
split_feature=3 2 3 3 3 1 1
split_gain=609.218 86.0478 191.05 48.3434 48.2383 2.97078 1.66873
threshold=0.0024115295382216577 0.21825000000000003 0.011941324453800918 0.20598043501377108 0.00079428977915085863 0.03024999983608723 0.05725000053644181
decision_type=2 2 2 2 2 2 2
left_child=4 2 -2 -3 5 -1 -6
right_child=1 3 -4 -5 6 -7 -8
leaf_value=0.065008138916122032 -0.00032939499242520153 0.071000607668871535 -0.55271542246232386 -0.2064521259461736 0.071976139010749604 0.082394775985179164 0.11309099096078165
leaf_weight=89682.858334779739 64316.1572483778 78059.286258876324 21247.957332909107 15640.667183339596 11267.634341537952 1669.2670333981514 11735.336577057838
leaf_count=101227 55111 90228 8083 14645 10912 1466 11919
internal_value=0.0011535 -0.000164688 -0.000995808 0.000593689 0.00322036 0.00359442 0.00173237
internal_weight=293619 179264 85564.1 93700 114355 91352.1 23003
internal_count=293591 168067 63194 104873 125524 102693 22831
is_linear=0
shrinkage=0.0362406


Tree=50
num_leaves=5
num_cat=0
split_feature=0 3 1 1
split_gain=690.359 81.6715 314.429 68.6379
threshold=-3.498293280601501 0.047265209257602699 0.81224998831748974 0.17324999719858172
decision_type=2 2 2 2
left_child=-1 3 -3 -2
right_child=1 2 -4 -5
leaf_value=0.062652204254052463 -0.021678632259080191 -1.2324600049018879 0.044666443244247379 0.08016923335578563
leaf_weight=99823.933098554611 82195.606467425823 13027.822402358055 34331.698419630527 64882.102146446705
leaf_count=106558 71139 4859 37684 73771
internal_value=0.00117364 -8.38426e-05 -0.00139296 0.000337336
internal_weight=294261 194437 47359.5 147078
internal_count=294011 187453 42543 144910
is_linear=0
shrinkage=0.0362406


Tree=51
num_leaves=5
num_cat=0
split_feature=0 3 2 2
split_gain=679.842 73.6568 222.492 69.0556
threshold=-3.498293280601501 0.094087217003107085 1.4455000000000002 0.82425000000000004
decision_type=2 2 2 2
left_child=-1 3 -3 -2
right_child=1 2 -4 -5
leaf_value=0.060381650103169385 -0.003247359173456386 -1.3714819872701971 0.051787139690434442 0.13869563753267575
leaf_weight=99823.933098554611 138157.82184553146 10807.934064626694 21717.668190002441 23753.805335700512
leaf_count=106558 130839 3062 24182 29370
internal_value=0.00119237 -5.54883e-05 -0.00162945 0.000260369
internal_weight=294261 194437 32525.6 161912
internal_count=294011 187453 27244 160209
is_linear=0
shrinkage=0.0362406


Tree=52
num_leaves=5
num_cat=0
split_feature=0 2 0 1
split_gain=672.312 66.8004 369.426 26.5271
threshold=-3.498293280601501 0.092250000000000013 -2.2706049680709834 0.81224998831748974
decision_type=2 2 2 2
left_child=-1 2 -2 -3
right_child=1 3 -4 -5
leaf_value=0.058193382221595959 -0.0074444109121197958 0.0025393530539308939 -1.6021123461427027 0.091886862216318393
leaf_weight=99823.933098554611 51612.907483577728 90099.492986261845 5551.9857673048973 47172.84319871664
leaf_count=106558 40844 90478 1015 55116
internal_value=0.00120588 -3.50499e-05 -0.00107623 0.000398141
internal_weight=294261 194437 57164.9 137272
internal_count=294011 187453 41859 145594
is_linear=0
shrinkage=0.0362406


Tree=53
num_leaves=7
num_cat=0
split_feature=3 3 2 2 1 3
split_gain=573.46 73.8177 172.627 18.0472 2.83577 1.90614
threshold=0.00079428977915085863 0.0058436982799321422 0.23425000000000004 0.092250000000000013 0.03024999983608723 1.0000000180025095e-35
decision_type=2 2 2 2 2 2
left_child=4 3 -3 -2 -1 -6
right_child=1 2 -4 -5 5 -7
leaf_value=0.056084418504670962 0.03407122772658519 -0.24391232705504964 0.045768870612724118 0.097921009327379127 -0.31415460867952943 0.072840953226379443
leaf_weight=90196.918457508087 42643.01875680685 44031.002754628658 86343.226765990257 29397.333384871483 109.3170804977417 1540.3453341126442
leaf_count=101442 36105 27272 96263 31444 45 1440
internal_value=0.00122033 0.00014236 -0.000371785 0.00107357 0.00359537 0.00202757
internal_weight=294261 202415 130374 72040.4 91846.6 1649.66
internal_count=294011 191084 123535 67549 102927 1485
is_linear=0
shrinkage=0.0362406


Tree=54
num_leaves=5
num_cat=0
split_feature=0 2 0 1
split_gain=660.542 54.1618 291.478 23.9343
threshold=-3.498293280601501 0.092250000000000013 -2.2141189575195308 0.81224998831748974
decision_type=2 2 2 2
left_child=-1 2 -2 -3
right_child=1 3 -4 -5
leaf_value=0.05405188492102761 -0.0084093830174544124 0.0028448032650638198 -1.6190222599070883 0.086849142677627902
leaf_weight=99823.933098554611 51915.372988522053 90099.492986261845 5249.5202623605728 47172.84319871664
leaf_count=106558 40995 90478 864 55116
internal_value=0.00122714 -2.87576e-06 -0.000940444 0.000387168
internal_weight=294261 194437 57164.9 137272
internal_count=294011 187453 41859 145594
is_linear=0
shrinkage=0.0362406


Tree=55
num_leaves=5
num_cat=0
split_feature=0 3 1 1
split_gain=644.923 60.5435 147.587 10.7695
threshold=-3.498293280601501 0.0036539272405207161 0.10725000128149988 0.052249999716877944
decision_type=2 2 2 2
left_child=-1 3 -3 -2
right_child=1 2 -4 -5
leaf_value=0.052093011595951332 0.014145628754810631 -0.27448899201808413 0.022644060940325981 0.099149362355712839
leaf_weight=99611.393099725246 12513.202792704105 33401.928328037262 120036.98630201817 28866.950823187828
leaf_count=106457 12015 20373 126651 28639
internal_value=0.00125146 3.83569e-05 -0.00029313 0.00126881
internal_weight=294430 194819 153439 41380.2
internal_count=294135 187678 147024 40654
is_linear=0
shrinkage=0.0362406


Tree=56
num_leaves=5
num_cat=0
split_feature=0 3 1 1
split_gain=642.255 57.5289 92.557 61.3578
threshold=-3.498293280601501 0.27077753841876989 5.5820000171661386 0.81224998831748974
decision_type=2 2 2 2
left_child=-1 3 -3 -2
right_child=1 2 -4 -5
leaf_value=0.050205129036679091 -0.0080819966735909271 -1.0763458285326519 0.064503551614846694 0.10821032099075524
leaf_weight=99611.393099725246 141544.81267857552 7701.7961291074753 9062.3564991950989 36510.102939069271
leaf_count=106457 131566 2607 9531 43974
internal_value=0.00125637 4.57779e-05 -0.0019834 0.000237144
internal_weight=294430 194819 16764.2 178055
internal_count=294135 187678 12138 175540
is_linear=0
shrinkage=0.0362406


Tree=57
num_leaves=5
num_cat=0
split_feature=0 3 2 0
split_gain=639.899 56.6699 129.231 8.24194
threshold=-3.498293280601501 0.0036539272405207161 0.11725000000000002 -2.8430203199386592
decision_type=2 2 2 2
left_child=-1 3 -3 -2
right_child=1 2 -4 -5
leaf_value=0.04838566449449614 0.019788459113163355 -0.2443681564426386 0.026078256709903012 0.095429171990788306
leaf_weight=99611.393099725246 14849.700600326061 39064.294406890869 114374.62022316456 26530.453015565872
leaf_count=106457 14263 23442 123582 26391
internal_value=0.00126072 5.23421e-05 -0.000268353 0.00124278
internal_weight=294430 194819 153439 41380.2
internal_count=294135 187678 147024 40654
is_linear=0
shrinkage=0.0362406


Tree=58
num_leaves=5
num_cat=0
split_feature=0 2 0 1
split_gain=640.2 36.8434 366.903 11.5699
threshold=-3.498293280601501 0.23425000000000004 -1.3499628901481626 1.4242500066757204
decision_type=2 2 2 2
left_child=-1 2 -2 -3
right_child=1 3 -4 -5
leaf_value=0.04663213845867261 0.0037159137348207133 0.017333272972316568 -1.841686032302621 0.097141881190443077
leaf_weight=99611.393099725246 99252.798924565315 56241.771147847176 4586.8188849687576 34737.679288566113
leaf_count=106457 84559 61516 831 40772
internal_value=0.00126016 5.15037e-05 -0.000414687 0.000584187
internal_weight=294430 194819 103840 90979.5
internal_count=294135 187678 85390 102288
is_linear=0
shrinkage=0.0362406


Tree=59
num_leaves=5
num_cat=0
split_feature=0 3 1 1
split_gain=638.48 51.5283 116.378 7.92102
threshold=-3.498293280601501 0.0034373645903542642 0.095249999314546599 0.05725000053644181
decision_type=2 2 2 2
left_child=-1 3 -3 -2
right_child=1 2 -4 -5
leaf_value=0.044942161277462027 0.020068549449181929 -0.26334654940609226 0.018570898976965868 0.096764445284742692
leaf_weight=99611.393099725246 13792.857105731964 30587.788324713707 125978.36514919996 24460.057666301727
leaf_count=106457 13365 18574 131476 24263
internal_value=0.00126334 5.6305e-05 -0.000234735 0.0012489
internal_weight=294430 194819 156566 38252.9
internal_count=294135 187678 150050 37628
is_linear=0
shrinkage=0.0362406


Tree=60
num_leaves=7
num_cat=0
split_feature=1 3 1 1 3 3
split_gain=573.485 63.659 174.584 27.2876 9.62439 3.89056
threshold=0.03024999983608723 0.0085136448033154028 0.23125000298023227 0.10725000128149988 0.00079428977915085863 0.0011417136993259194
decision_type=2 2 2 2 2 2
left_child=4 3 -3 -2 -1 -6
right_child=1 2 -4 -5 5 -7
leaf_value=0.043313429901556795 0.020588011785521936 -0.41220560615886398 0.026878445281262306 0.090420697503082945 -0.010479381027251303 0.091133312155461374
leaf_weight=89945.721870422363 51682.816990792751 25215.969013154507 82541.025915503502 35927.088826537132 787.30205708742142 7926.8568756580353
leaf_count=101347 44339 14440 89785 39025 683 4300
internal_value=0.0012586 0.000120921 -0.000468619 0.000846652 0.00351086 0.00234259
internal_weight=294027 195367 107757 87609.9 98659.9 8714.16
internal_count=293919 187589 104225 83364 106330 4983
is_linear=0
shrinkage=0.0362406


Tree=61
num_leaves=7
num_cat=0
split_feature=1 3 1 1 3 2
split_gain=568.683 58.0225 154.302 26.27 10.3727 4.1779
threshold=0.03024999983608723 0.0085136448033154028 0.20024999976158145 0.10725000128149988 0.00079428977915085863 0.030250000000000003
decision_type=2 2 2 2 2 2
left_child=4 3 -3 -2 -1 -6
right_child=1 2 -4 -5 5 -7
leaf_value=0.041743724745562989 0.01984188966301061 -0.43091470315836017 0.020717873722309862 0.087143796195526965 0.087830585257629656 0.087830585257629656
leaf_weight=89945.721870422363 51682.816990792751 22245.174206793308 85511.8207218647 35927.088826537132 5659.4222025871277 3054.736730158329
leaf_count=101347 44339 11843 92382 39025 3132 1851
internal_value=0.00126386 0.000130954 -0.000431861 0.000823813 0.00350668 0.0022952
internal_weight=294027 195367 107757 87609.9 98659.9 8714.16
internal_count=293919 187589 104225 83364 106330 4983
is_linear=0
shrinkage=0.0362406


Tree=62
num_leaves=5
num_cat=0
split_feature=0 1 0 2
split_gain=635.833 32.1008 235.09 5.35376
threshold=-3.498293280601501 1.4242500066757204 0.40713033080101019 0.039250000000000007
decision_type=2 2 2 2
left_child=-1 2 -2 -3
right_child=1 3 -4 -5
leaf_value=0.040230906663217096 -0.0033659871586810028 -0.31584151588278819 -2.2138575938773597 0.093862832639945659
leaf_weight=99443.963966488838 157688.43896740675 9.6471261978149396 1016.9318714737892 35867.79961758852
leaf_count=106456 146399 1 203 40860
internal_value=0.00126607 6.09891e-05 -0.000160033 0.00104018
internal_weight=294027 194583 158705 35877.4
internal_count=293919 187463 146602 40861
is_linear=0
shrinkage=0.0362406


Tree=63
num_leaves=5
num_cat=0
split_feature=0 1 0 2
split_gain=635.004 30.3935 205.404 5.34186
threshold=-3.498293280601501 1.4242500066757204 0.40713033080101019 0.039250000000000007
decision_type=2 2 2 2
left_child=-1 2 -2 -3
right_child=1 3 -4 -5
leaf_value=0.038772914032222806 -0.0032440017280651735 -0.30439522642741762 -2.1336260424245292 0.090461186252532425
leaf_weight=99443.963966488838 157688.43896740675 9.6471261978149396 1016.9318714737892 35867.79961758852
leaf_count=106456 146399 1 203 40860
internal_value=0.0012676 6.33125e-05 -0.000151743 0.00101611
internal_weight=294027 194583 158705 35877.4
internal_count=293919 187463 146602 40861
is_linear=0
shrinkage=0.0362406


Tree=64
num_leaves=5
num_cat=0
split_feature=0 2 0 1
split_gain=636.933 29.9819 171.866 19.0071
threshold=-3.498293280601501 0.058250000000000003 -2.6138827800750728 1.4242500066757204
decision_type=2 2 2 2
left_child=-1 2 -2 -3
right_child=1 3 -4 -5
leaf_value=0.037367759944735103 -0.016725591948076216 0.0026428030237877083 -1.6075070928834378 0.086799078880846009
leaf_weight=99443.963966488838 25054.167887806892 132379.25366193056 1329.8320463299751 35819.563986599445
leaf_count=106456 20556 125720 332 40855
internal_value=0.00126403 5.79105e-05 -0.00107753 0.000236346
internal_weight=294027 194583 26384 168199
internal_count=293919 187463 20888 166575
is_linear=0
shrinkage=0.0362406


Tree=65
num_leaves=5
num_cat=0
split_feature=0 3 1 1
split_gain=651.67 54.4369 199.353 45.5225
threshold=-3.498293280601501 0.016225347295403484 0.46725000441074377 0.095249999314546599
decision_type=2 2 2 2
left_child=-1 3 -3 -2
right_child=1 2 -4 -5
leaf_value=0.03601352949966289 -0.016365971368043932 -0.534839071939604 0.036700531245442036 0.067575776309987998
leaf_weight=99526.49680429697 50102.095810592175 23187.873649418354 56896.696336388588 64454.344200611115
leaf_count=106505 41590 13641 63250 69113
internal_value=0.0012381 1.80821e-05 -0.000706494 0.000525098
internal_weight=294168 194641 80084.6 114556
internal_count=294099 187594 76891 110703
is_linear=0
shrinkage=0.0362406


Tree=66
num_leaves=7
num_cat=0
split_feature=1 3 1 1 3 2
split_gain=585.052 57.4925 178.528 30.9938 9.13692 2.45185
threshold=0.03024999983608723 0.016225347295403484 0.46725000441074377 0.17324999719858172 0.00079428977915085863 0.030250000000000003
decision_type=2 2 2 2 2 2
left_child=4 3 -3 -2 -1 -6
right_child=1 2 -4 -5 5 -7
leaf_value=0.034708377193100257 0.014357182941898779 -0.50308519976399224 0.036134708124975566 0.082269904717907433 0.079125021729803624 0.079125021729803624
leaf_weight=90017.814443409443 77984.180847704411 23074.918426096439 57060.697481751442 37269.584425985813 5659.7418068051338 3100.5693695545197
leaf_count=101390 68621 13642 63267 42197 3097 1885
internal_value=0.00124041 9.09745e-05 -0.000654224 0.000609582 0.00351349 0.00237747
internal_weight=294168 195389 80135.6 115254 98778.1 8760.31
internal_count=294099 187727 76909 110818 106372 4982
is_linear=0
shrinkage=0.0362406


Tree=67
num_leaves=5
num_cat=0
split_feature=0 1 0 1
split_gain=648.892 30.629 444.919 13.4185
threshold=-3.498293280601501 0.10725000128149988 -2.1606539487838741 1.4242500066757204
decision_type=2 2 2 2
left_child=-1 2 -2 -3
right_child=1 3 -4 -5
leaf_value=0.033450524403330101 0.0017413336518935574 0.0071258391935433438 -1.5941199786277338 0.081579483119313484
leaf_weight=99526.49680429697 61015.502715170383 94872.795280098915 2833.7801625132561 35918.931839227676
leaf_count=106505 48712 97228 585 41069
internal_value=0.00124319 2.5774e-05 -0.000624582 0.00034368
internal_weight=294168 194641 63849.3 130792
internal_count=294099 187594 49297 138297
is_linear=0
shrinkage=0.0362406


Tree=68
num_leaves=5
num_cat=0
split_feature=0 1 0 2
split_gain=650.648 29.4021 362.386 18.3388
threshold=-3.498293280601501 0.095249999314546599 -2.2141189575195308 0.044250000000000005
decision_type=2 2 2 2
left_child=-1 2 -2 -3
right_child=1 3 -4 -5
leaf_value=0.032238256966972752 -0.0041399638288063534 -0.51328951769810482 -1.5294120931125563 0.023858368418021813
leaf_weight=99526.49680429697 53637.787786781788 236.14028465747833 2564.7679853439331 138202.31394022703
leaf_count=106505 42448 37 441 144668
internal_value=0.00123997 2.09098e-05 -0.000677848 0.000304984
internal_weight=294168 194641 56202.6 138438
internal_count=294099 187594 42889 144705
is_linear=0
shrinkage=0.0362406


Tree=69
num_leaves=7
num_cat=0
split_feature=1 3 1 1 3 2
split_gain=585.532 58.3168 178.243 36.4259 9.186 2.48901
threshold=0.03024999983608723 0.03036562912166119 1.2405000329017641 0.17324999719858172 0.00079428977915085863 0.030250000000000003
decision_type=2 2 2 2 2 2
left_child=4 3 -3 -2 -1 -6
right_child=1 2 -4 -5 5 -7
leaf_value=0.031069922842976456 0.0013449159215087787 -0.51028064422537811 0.069862284469603686 0.071932763633473368 0.073876881051451612 0.073876881051451612
leaf_weight=90017.814443409443 81144.909891664982 24024.452594459057 35555.148318767548 54664.870376646519 5659.7418068051338 3100.5693695545197
leaf_count=101390 70303 15144 40235 62045 3097 1885
internal_value=0.00123919 8.92827e-05 -0.000855646 0.000504225 0.00351321 0.00237424
internal_weight=294168 195389 59579.6 135810 98778.1 8760.31
internal_count=294099 187727 55379 132348 106372 4982
is_linear=0
shrinkage=0.0362406


Tree=70
num_leaves=5
num_cat=0
split_feature=0 2 0 2
split_gain=636.964 24.263 119.935 14.7959
threshold=-3.498293280601501 0.058250000000000003 -2.6845846176147456 0.82425000000000004
decision_type=2 2 2 2
left_child=-1 2 -2 -3
right_child=1 3 -4 -5
leaf_value=0.02994392986126625 -0.017548307091406909 0.00046348848616153645 -1.3802506006851438 0.061489561519620407
leaf_weight=99720.510111451149 24562.320912063122 120866.28509372473 1505.7085303068161 47302.059705495834
leaf_count=106766 20358 111815 482 54960
internal_value=0.00126906 6.00216e-05 -0.000968347 0.000219759
internal_weight=293957 194236 26068 168168
internal_count=294381 187615 20840 166775
is_linear=0
shrinkage=0.0362406


Tree=71
num_leaves=5
num_cat=0
split_feature=0 3 2 2
split_gain=637.687 52.7219 142.667 33.8526
threshold=-3.498293280601501 0.053428467363119132 1.4455000000000002 0.25125000000000003
decision_type=2 2 2 2
left_child=-1 3 -3 -2
right_child=1 2 -4 -5
leaf_value=0.028858743552983214 -0.00096357601446646519 -0.71414054743258193 0.048894065877670013 0.072369936031213583
leaf_weight=99720.510111451149 97992.635717451572 16111.975836694241 28220.791480302811 51910.971207141876
leaf_count=106766 86673 7377 32329 61236
internal_value=0.00126773 5.80005e-05 -0.00103957 0.000382966
internal_weight=293957 194236 44332.8 149904
internal_count=294381 187615 39706 147909
is_linear=0
shrinkage=0.0362406


Tree=72
num_leaves=5
num_cat=0
split_feature=0 3 1 1
split_gain=632.799 47.1062 110.177 40.4455
threshold=-3.498293280601501 0.08049460127949716 2.0515000820159917 0.81224998831748974
decision_type=2 2 2 2
left_child=-1 3 -3 -2
right_child=1 2 -4 -5
leaf_value=0.02781288505935714 0.0073135949501348021 -0.86920931573488036 0.047810114638199744 0.10474687705356048
leaf_weight=99720.510111451149 136485.30059683323 13574.648064315319 21887.189412295818 22289.236168146133
leaf_count=106766 129909 6182 24305 27219
internal_value=0.00127677 7.16877e-05 -0.00112214 0.000338674
internal_weight=293957 194236 35461.8 158775
internal_count=294381 187615 30487 157128
is_linear=0
shrinkage=0.0362406


Tree=73
num_leaves=5
num_cat=0
split_feature=0 3 1 1
split_gain=631.899 45.8574 73.7987 42.5266
threshold=-3.498293280601501 0.27077753841876989 8.3677501678466815 0.81224998831748974
decision_type=2 2 2 2
left_child=-1 3 -3 -2
right_child=1 2 -4 -5
leaf_value=0.026804929116362963 -0.0027692450229522265 -0.91521639309430147 0.090655960138580252 0.089587218179400907
leaf_weight=99720.510111451149 141189.96036952734 8620.3571349978447 7887.1245231628418 36538.932213902473
leaf_count=106766 131548 3504 8616 43947
internal_value=0.00127844 7.42141e-05 -0.00175247 0.000244192
internal_weight=293957 194236 16507.5 177729
internal_count=294381 187615 12120 175495
is_linear=0
shrinkage=0.0362406


Tree=74
num_leaves=7
num_cat=0
split_feature=1 3 1 3 1 3
split_gain=566.615 51.3262 108.796 8.37998 8.32051 3.32202
threshold=0.03024999983608723 0.0051846841815859088 0.185249999165535 0.00079428977915085863 0.095249999314546599 0.0011417136993259194
decision_type=2 2 2 2 2 2
left_child=3 4 -3 -1 -2 -5
right_child=1 2 -4 5 -6 -7
leaf_value=0.025833502112414444 0.045414880813133982 -0.20891736182362175 0.029102855099940112 0.033644058644123315 0.078208920239398655 0.067089110008412042
leaf_weight=90062.759910643101 37720.501847267151 35907.274390697479 96876.481117129326 752.9219006896019 24578.453345537186 8058.4918410778046
leaf_count=101670 32662 23671 105340 657 26068 4313
internal_value=0.00128284 0.000149803 -0.000252516 0.00351779 0.00100817 0.00243165
internal_weight=293957 195083 132784 98874.2 62299 8811.41
internal_count=294381 187741 129011 106640 58730 4970
is_linear=0
shrinkage=0.0362406


Tree=75
num_leaves=7
num_cat=0
split_feature=1 3 1 1 3 2
split_gain=553.07 49.6474 79.3509 36.5271 13.3724 3.43326
threshold=0.03024999983608723 0.16299287974834445 5.5820000171661386 0.81224998831748974 0.00079428977915085863 0.030250000000000003
decision_type=2 2 2 2 2 2
left_child=4 3 -3 -2 -1 -6
right_child=1 2 -4 -5 5 -7
leaf_value=0.024897280216448263 0.0092102307973347692 -0.69810368903106002 0.085682863822579058 0.094197505023659894 0.064657759682875821 0.064657759682875821
leaf_weight=90134.955590128899 139875.28816187382 12324.174944460392 11071.895747303963 31617.954220831394 5582.6630926728249 3141.4035547375679
leaf_count=101648 130883 6105 12084 38309 3114 1857
internal_value=0.00128348 0.000163197 -0.00140231 0.000377096 0.00349141 0.00212107
internal_weight=293748 194889 23396.1 171493 98859 8724.07
internal_count=294000 187381 18189 169192 106619 4971
is_linear=0
shrinkage=0.0362406


Tree=76
num_leaves=5
num_cat=0
split_feature=0 2 0 2
split_gain=628.643 22.4048 99.6163 13.5337
threshold=-3.498293280601501 0.058250000000000003 -2.6845846176147456 0.82425000000000004
decision_type=2 2 2 2
left_child=-1 2 -2 -3
right_child=1 3 -4 -5
leaf_value=0.023994987573847437 -0.02060463309757235 0.0022646032860034826 -1.1800130366578792 0.056666393467867997
leaf_weight=99527.75907689333 24672.974972367287 120389.23775196075 1584.1526326537132 47574.210878133774
leaf_count=106670 20385 111465 489 54991
internal_value=0.00128149 8.10542e-05 -0.000902968 0.000235211
internal_weight=293748 194221 26257.1 167963
internal_count=294000 187330 20874 166456
is_linear=0
shrinkage=0.0362406


Tree=77
num_leaves=7
num_cat=0
split_feature=1 3 1 1 3 2
split_gain=554.226 46.1973 69.363 33.2569 13.3724 3.43326
threshold=0.03024999983608723 0.27077753841876989 8.3677501678466815 2.7007499933242802 0.00079428977915085863 0.030250000000000003
decision_type=2 2 2 2 2 2
left_child=4 3 -3 -2 -1 -6
right_child=1 2 -4 -5 5 -7
leaf_value=0.023125394567745608 0.013633734454686242 -0.86133292268352701 0.077485095137686727 0.15097463456292856 0.061444929972133092 0.061444929972133092
leaf_weight=90134.955590128899 165683.96711397171 8874.9836550951004 7936.5302488803864 12393.832056522369 5582.6630926728249 3141.4035547375679
leaf_count=101648 159917 3546 8644 15274 3114 1857
internal_value=0.00128117 0.000159722 -0.00165566 0.000331418 0.00349141 0.00212107
internal_weight=293748 194889 16811.5 178078 98859 8724.07
internal_count=294000 187381 12190 175191 106619 4971
is_linear=0
shrinkage=0.0362406


Tree=78
num_leaves=5
num_cat=0
split_feature=0 3 0 2
split_gain=628.145 39.6239 80.9324 36.908
threshold=-3.498293280601501 0.16299287974834445 -1.1736056208610532 0.82425000000000004
decision_type=2 2 2 2
left_child=-1 3 -3 -2
right_child=1 2 -4 -5
leaf_value=0.022287316143342725 0.0016999846281854937 0.73966792230162304 -0.42452363414770034 0.088058698465803803
leaf_weight=99527.75907689333 139947.86342954636 4466.5122221708298 18966.955878078938 30839.244705319405
leaf_count=106670 131320 541 17652 37817
internal_value=0.00128242 8.24559e-05 -0.00131456 0.000274463
internal_weight=293748 194221 23433.5 170787
internal_count=294000 187330 18193 169137
is_linear=0
shrinkage=0.0362406


Tree=79
num_leaves=7
num_cat=0
split_feature=1 3 1 3 3 2
split_gain=551.845 43.7204 89.7461 13.5079 9.557 3.37957
threshold=0.03024999983608723 0.0054994588717818269 0.185249999165535 0.00079428977915085863 0.0026106464210897688 0.030250000000000003
decision_type=2 2 2 2 2 2
left_child=3 4 -3 -1 -2 -5
right_child=1 2 -4 5 -6 -7
leaf_value=0.021479610192948535 0.062330496767123121 -0.20581600020321525 0.026404659643828248 0.058410422228250158 0.039093316506444646 0.058410422228250158
leaf_weight=90134.955590128899 25384.719205617905 33737.727394402027 95964.532565236092 5582.6630926728249 39802.333909213543 3141.4035547375679
leaf_count=101648 25072 21667 104044 3114 36598 1857
internal_value=0.00128527 0.000166228 -0.000218247 0.00349076 0.00093204 0.00211365
internal_weight=293748 194889 129702 98859 65187.1 8724.07
internal_count=294000 187381 125711 106619 61670 4971
is_linear=0
shrinkage=0.0362406


Tree=80
num_leaves=5
num_cat=0
split_feature=0 3 2 2
split_gain=639.167 42.9159 137.28 34.8196
threshold=-3.498293280601501 0.014965834096074106 0.3262500000000001 0.048250000000000008
decision_type=2 2 2 2
left_child=-1 3 -3 -2
right_child=1 2 -4 -5
leaf_value=0.020701175999553095 -0.04184211996238995 -0.49327028427057096 0.021760320310872501 0.048126760084754083
leaf_weight=99763.540896654129 15828.996402978897 20571.949464440346 62764.249811053276 95907.082380592823
leaf_count=106653 13807 9535 70226 94017
internal_value=0.00126396 5.69722e-05 -0.000565136 0.000521447
internal_weight=294836 195072 83336.2 111736
internal_count=294238 187585 79761 107824
is_linear=0
shrinkage=0.0362406


Tree=81
num_leaves=5
num_cat=0
split_feature=0 3 0 2
split_gain=635.335 42.2011 85.4637 31.1962
threshold=-3.498293280601501 0.20598043501377108 -1.1200916171073911 0.82425000000000004
decision_type=2 2 2 2
left_child=-1 3 -3 -2
right_child=1 2 -4 -5
leaf_value=0.019950952736803224 0.0010257016388725822 0.68520718917531687 -0.50826850931442669 0.079215559919008083
leaf_weight=99763.540896654129 141469.56498420238 4278.2606687545776 16108.6487018466 33215.80370426178
leaf_count=106653 131885 503 14591 40606
internal_value=0.00127105 6.76768e-05 -0.00149221 0.000250045
internal_weight=294836 195072 20386.9 174685
internal_count=294238 187585 15094 172491
is_linear=0
shrinkage=0.0362406


Tree=82
num_leaves=5
num_cat=0
split_feature=0 3 1 1
split_gain=634.305 39.2375 70.7227 33.0072
threshold=-3.498293280601501 0.27077753841876989 8.3677501678466815 1.4242500066757204
decision_type=2 2 2 2
left_child=-1 3 -3 -2
right_child=1 2 -4 -5
leaf_value=0.019227918023340757 0.0021095434361146246 -0.93115299124289219 0.10217654813628786 0.097816829172799616
leaf_weight=99763.540896654129 154210.0612295866 8718.2873686552048 7952.1388471126556 24191.79061371088
leaf_count=106653 146046 3499 8593 29447
internal_value=0.00127295 7.05581e-05 -0.0016104 0.000227945
internal_weight=294836 195072 16670.4 178402
internal_count=294238 187585 12092 175493
is_linear=0
shrinkage=0.0362406


Tree=83
num_leaves=5
num_cat=0
split_feature=0 1 0 0
split_gain=632.882 27.8588 183.86 15.1925
threshold=-3.498293280601501 0.068250000476837172 -2.6138827800750728 -2.3202432394027706
decision_type=2 2 2 2
left_child=-1 2 -2 -3
right_child=1 3 -4 -5
leaf_value=0.018531086529532427 -0.015217312014658693 0.1000273379261334 -1.1637639755831561 0.0079977169062027103
leaf_weight=99763.540896654129 33344.838537156582 22898.360584795475 1805.6271929740906 137023.45174413919
leaf_count=106653 26306 17723 587 142969
internal_value=0.00127559 7.45448e-05 -0.000848837 0.000277846
internal_weight=294836 195072 35150.5 159922
internal_count=294238 187585 26893 160692
is_linear=0
shrinkage=0.0362406


Tree=84
num_leaves=7
num_cat=0
split_feature=1 3 1 1 3 3
split_gain=559.525 45.0851 120.996 18.325 11.9427 3.81638
threshold=0.03024999983608723 0.0090747554786503332 0.23125000298023227 0.095249999314546599 0.00079428977915085863 0.00279561709612608
decision_type=2 2 2 2 2 2
left_child=4 3 -3 -2 -1 -6
right_child=1 2 -4 -5 5 -7
leaf_value=0.017859508634692725 0.016117937082285119 -0.34784041650695402 0.021663506318270721 0.068058336987620871 0.051334371112744137 0.11383192678443504
leaf_weight=90239.342203021049 46798.623965859413 23691.569052875042 81488.617284476757 43904.30994874239 2936.1544868946075 5777.2020138502121
leaf_count=101541 39263 12995 88474 46981 2633 2351
internal_value=0.00127747 0.000155078 -0.000355142 0.000747333 0.00349874 0.00220104
internal_weight=294836 195883 105180 90702.9 98952.7 8713.36
internal_count=294238 187713 101469 86244 106525 4984
is_linear=0
shrinkage=0.0362406


Tree=85
num_leaves=5
num_cat=0
split_feature=0 1 0 1
split_gain=646.025 34.013 92.0119 17.2677
threshold=-3.498293280601501 0.05725000053644181 -2.7606679201126094 1.4242500066757204
decision_type=2 2 2 2
left_child=-1 2 -2 -3
right_child=1 3 -4 -5
leaf_value=0.017212269132969832 -0.026023985793487692 0.0022078225592515603 -1.044694805242921 0.07533617483631605
leaf_weight=99571.30350369215 24152.67383813858 133480.56273967028 1422.1799346208572 35715.731637120247
leaf_count=106571 19928 126526 426 40744
internal_value=0.0012489 3.46688e-05 -0.00119679 0.000221137
internal_weight=294342 194771 25574.9 169196
internal_count=294195 187624 20354 167270
is_linear=0
shrinkage=0.0362406


Tree=86
num_leaves=5
num_cat=0
split_feature=0 1 0 3
split_gain=645.509 30.2246 86.2507 43.993
threshold=-3.498293280601501 0.05725000053644181 -2.7606679201126094 0.02272139769047499
decision_type=2 2 2 2
left_child=-1 2 -2 -3
right_child=1 3 -4 -5
leaf_value=0.016588485986131014 -0.025080860652569689 0.042944853046199868 -1.006834427388827 -0.04849076717798035
leaf_weight=99571.30350369215 24152.67383813858 102899.35579264164 1422.1799346208572 66296.938584148884
leaf_count=106571 19928 103154 426 64116
internal_value=0.00124985 3.6102e-05 -0.00112472 0.000211893
internal_weight=294342 194771 25574.9 169196
internal_count=294195 187624 20354 167270
is_linear=0
shrinkage=0.0362406


Tree=87
num_leaves=7
num_cat=0
split_feature=1 3 1 3 2 1
split_gain=568.962 35.1294 68.8145 13.4231 3.84094 2.54457
threshold=0.03024999983608723 0.0032089898595586423 0.10725000128149988 0.00079428977915085863 0.030250000000000003 0.05725000053644181
decision_type=2 2 2 2 2 2
left_child=3 5 -3 -1 -5 -2
right_child=1 2 -4 4 -6 -7
leaf_value=0.015987309121547843 0.034354193045689381 -0.17043491281071901 0.019929027675560637 0.051326052998627018 0.050366576507856899 0.075962870768593413
leaf_weight=90028.97592240572 13127.43285882473 37147.460525751114 123487.45145851374 5700.6926891803741 3159.8229728937149 21690.615225672722
leaf_count=101477 12685 23686 129734 3129 1894 21590
internal_value=0.00125003 0.000116382 -0.000109511 0.00349007 0.00212882 0.00116008
internal_weight=294342 195453 160635 98889.5 8860.52 34818
internal_count=294195 187695 153420 106500 5023 34275
is_linear=0
shrinkage=0.0362406


Tree=88
num_leaves=5
num_cat=0
split_feature=0 3 0 1
split_gain=646.529 28.7508 67.9408 42.8508
threshold=-3.498293280601501 0.39391489326953893 -1.1200916171073911 2.7007499933242802
decision_type=2 2 2 2
left_child=-1 3 -3 -2
right_child=1 2 -4 -5
leaf_value=0.015407919273743194 -0.001120346715212389 0.70483764713729902 -0.59104438800096482 0.14909278069057097
leaf_weight=99571.30350369215 167397.4232429862 2858.9992617368698 10032.045259773731 14482.680385053158
leaf_count=106571 160822 309 8764 17729
internal_value=0.00124797 3.32695e-05 -0.00162019 0.000150769
internal_weight=294342 194771 12891 181880
internal_count=294195 187624 9073 178551
is_linear=0
shrinkage=0.0362406


Tree=89
num_leaves=7
num_cat=0
split_feature=1 3 1 3 2 1
split_gain=565.22 32.7171 65.211 14.2091 4.45654 2.36732
threshold=0.03024999983608723 0.0032089898595586423 0.10725000128149988 0.00079428977915085863 0.030250000000000003 0.05725000053644181
decision_type=2 2 2 2 2 2
left_child=3 5 -3 -1 -5 -2
right_child=1 2 -4 4 -6 -7
leaf_value=0.014849526867921235 0.032550783699939349 -0.1642176454174934 0.019821969076125 0.0495065675366698 0.047982868604882455 0.073250531982189448
leaf_weight=90028.97592240572 13127.43285882473 37147.460525751114 123487.45145851374 5700.6926891803741 3159.8229728937149 21690.615225672722
leaf_count=101477 12685 23686 129734 3129 1894 21590
internal_value=0.00125362 0.00012371 -9.4275e-05 0.00348629 0.00208662 0.00113093
internal_weight=294342 195453 160635 98889.5 8860.52 34818
internal_count=294195 187695 153420 106500 5023 34275
is_linear=0
shrinkage=0.0362406


end of trees

feature_importances:
price_log=130
price_std_7d=120
price_lag_1d=108
price_lag_3d=80

parameters:
[boosting: gbdt]
[objective: quantile]
[metric: quantile]
[tree_learner: serial]
[device_type: cpu]
[data_sample_strategy: bagging]
[data: ]
[valid: ]
[num_iterations: 1000]
[learning_rate: 0.0362406]
[num_leaves: 23]
[num_threads: -1]
[seed: 13]
[deterministic: 0]
[force_col_wise: 0]
[force_row_wise: 0]
[histogram_pool_size: -1]
[max_depth: 3]
[min_data_in_leaf: 5]
[min_sum_hessian_in_leaf: 0.001]
[bagging_fraction: 0.7]
[pos_bagging_fraction: 1]
[neg_bagging_fraction: 1]
[bagging_freq: 5]
[bagging_seed: 16376]
[bagging_by_query: 0]
[feature_fraction: 0.75]
[feature_fraction_bynode: 1]
[feature_fraction_seed: 20348]
[extra_trees: 0]
[extra_seed: 30076]
[early_stopping_round: 0]
[early_stopping_min_delta: 0]
[first_metric_only: 0]
[max_delta_step: 0]
[lambda_l1: 1.5]
[lambda_l2: 1]
[linear_lambda: 0]
[min_gain_to_split: 0.1]
[drop_rate: 0.1]
[max_drop: 50]
[skip_drop: 0.5]
[xgboost_dart_mode: 0]
[uniform_drop: 0]
[drop_seed: 24096]
[top_rate: 0.2]
[other_rate: 0.1]
[min_data_per_group: 100]
[max_cat_threshold: 32]
[cat_l2: 10]
[cat_smooth: 10]
[max_cat_to_onehot: 4]
[top_k: 20]
[monotone_constraints: ]
[monotone_constraints_method: basic]
[monotone_penalty: 0]
[feature_contri: ]
[forcedsplits_filename: ]
[refit_decay_rate: 0.9]
[cegb_tradeoff: 1]
[cegb_penalty_split: 0]
[cegb_penalty_feature_lazy: ]
[cegb_penalty_feature_coupled: ]
[path_smooth: 0]
[interaction_constraints: ]
[verbosity: -1]
[saved_feature_importance_type: 0]
[use_quantized_grad: 0]
[num_grad_quant_bins: 4]
[quant_train_renew_leaf: 0]
[stochastic_rounding: 1]
[linear_tree: 0]
[max_bin: 63]
[max_bin_by_feature: ]
[min_data_in_bin: 3]
[bin_construct_sample_cnt: 200000]
[data_random_seed: 81]
[is_enable_sparse: 1]
[enable_bundle: 1]
[use_missing: 1]
[zero_as_missing: 0]
[feature_pre_filter: 0]
[pre_partition: 0]
[two_round: 0]
[header: 0]
[label_column: ]
[weight_column: ]
[group_column: ]
[ignore_column: ]
[categorical_feature: ]
[forcedbins_filename: ]
[precise_float_parser: 0]
[parser_config_file: ]
[objective_seed: 11872]
[num_class: 1]
[is_unbalance: 0]
[scale_pos_weight: 1]
[sigmoid: 1]
[boost_from_average: 1]
[reg_sqrt: 0]
[alpha: 0.1]
[fair_c: 1]
[poisson_max_delta_step: 0.7]
[tweedie_variance_power: 1.5]
[lambdarank_truncation_level: 30]
[lambdarank_norm: 1]
[label_gain: ]
[lambdarank_position_bias_regularization: 0]
[eval_at: ]
[multi_error_top_k: 1]
[auc_mu_weights: ]
[num_machines: 1]
[local_listen_port: 12400]
[time_out: 120]
[machine_list_filename: ]
[machines: ]
[gpu_platform_id: -1]
[gpu_device_id: -1]
[gpu_use_dp: 0]
[num_gpu: 1]

end of parameters

pandas_categorical:[]
