tree
version=v4
num_class=1
num_tree_per_iteration=1
label_index=0
max_feature_idx=3
objective=quantile
feature_names=price_log price_lag_1d price_lag_3d price_std_7d
feature_infos=[-3.5065579414367676:5.9753527641296387] [0.029999999329447746:394.7659912109375] [0.029999999999999999:409.81] [0:80.011871337890625]
tree_sizes=670 695 1026 695 696 693 904 694 1025 696 906 910 1024 697 698 697 910 700 701 697 906 700 701 905 701 906 1028 909 697 702 1031 700 692 695 695 905 694 912 1024 1025 696 697 699 1032 1028 700 695 701 699 697 695 699 699 917 697 1027 699 700 699 700 696 919 695 699 917 910 698 918 921 915 699 918 912 695 692 920 918 700 699 702 696 697 703 702 698 691 696 692

Tree=0
num_leaves=5
num_cat=0
split_feature=0 1 3 0
split_gain=1593.46 725.355 244.621 25.3909
threshold=-3.3888024091720577 0.03024999983608723 0.037276636809110648 -3.0108587741851802
decision_type=2 2 2 2
left_child=-1 3 -3 -2
right_child=1 2 -4 -5
leaf_value=-10.550629296187411 -11.646275639029577 -11.015252509953074 -11.403349534322325 -14.109333302673068
leaf_weight=103269.33991038799 1048.4240196943283 136294.5410695672 52790.323495805264 682.20735156536102
leaf_count=109088 769 134960 48956 132
internal_value=-10.9474 -10.9493 -10.9491 -10.9727
internal_weight=294085 190815 189085 1730.63
internal_count=293905 184817 183916 901
is_linear=0
shrinkage=1


Tree=1
num_leaves=5
num_cat=0
split_feature=0 2 2 0
split_gain=1537.72 862.125 264.582 36.5267
threshold=-3.3888024091720577 0.030250000000000003 0.092250000000000013 -2.8430203199386592
decision_type=2 2 2 2
left_child=-1 3 -3 -2
right_child=1 2 -4 -5
leaf_value=0.38236125014448263 -0.78595217147365293 -0.3834378279938529 -0.058320874507902805 -3.0562066518717215
leaf_weight=103269.33991038799 1395.870001912117 51183.312844991684 137457.80514603853 778.50794368982315
leaf_count=109088 1052 37531 146087 147
internal_value=6.11385e-05 -0.00186654 -0.00160463 -0.0245525
internal_weight=294085 190815 188641 2174.38
internal_count=293905 184817 183618 1199
is_linear=0
shrinkage=0.0362406


Tree=2
num_leaves=8
num_cat=0
split_feature=3 2 3 3 3 1 1
split_gain=1366.39 466.111 191.638 178.776 96.6823 13.4035 3.97665
threshold=0.0029940410749986772 0.10425000000000002 0.0066026686690747747 0.025012734346091751 0.0011417136993259194 0.05725000053644181 0.034250000491738326
decision_type=2 2 2 2 2 2 2
left_child=4 2 -2 -3 6 -6 -1
right_child=1 3 -4 -5 5 -7 -8
leaf_value=0.36850424488841865 -0.23118205596397373 0.031113282892461052 -1.0913574384515798 -0.21636739464868332 0.010422062198136892 0.11818329135551965 0.12885541516508728
leaf_weight=92099.174195289612 23358.299038112164 64825.502199709415 22412.55878919363 58472.574671685696 12320.022722780704 17795.231318175793 2801.4729120731354
leaf_count=103001 17964 71502 9124 60223 11497 17745 2849
internal_value=0.000133383 -0.00199062 -0.00511396 -0.000830704 0.00300628 0.00121442 0.0035743
internal_weight=294085 169069 45770.9 123298 125016 30115.3 94900.6
internal_count=293905 158813 27088 131725 135092 29242 105850
is_linear=0
shrinkage=0.0362406


Tree=3
num_leaves=5
num_cat=0
split_feature=0 2 2 0
split_gain=1425.4 684.956 209.842 87.2201
threshold=-3.3888024091720577 0.030250000000000003 0.092250000000000013 -3.2901258468627925
decision_type=2 2 2 2
left_child=-1 3 -3 -2
right_child=1 2 -4 -5
leaf_value=0.35514942596685911 -0.16794911226944803 -0.34599569076899156 -0.052422860861730876 -2.8692813139676745
leaf_weight=103269.33991038799 725.42924827337265 51183.312844991684 137457.80514603853 1448.9486973285675
leaf_count=109088 584 37531 146087 615
internal_value=0.000190851 -0.00166507 -0.00143159 -0.0218863
internal_weight=294085 190815 188641 2174.38
internal_count=293905 184817 183618 1199
is_linear=0
shrinkage=0.0362406


Tree=4
num_leaves=5
num_cat=0
split_feature=0 2 3 0
split_gain=1381.22 656.438 218.085 83.1295
threshold=-3.3888024091720577 0.030250000000000003 0.0036539272405207161 -3.1881225109100337
decision_type=2 2 2 2
left_child=-1 3 -3 -2
right_child=1 2 -4 -5
leaf_value=0.34227859384030007 -0.27340758267025039 0.069956782832017603 -0.17938274611575533 -2.7530750665114763
leaf_weight=103269.33991038799 1025.4399329423904 38287.698846995831 150353.41914403439 1148.9380126595497
leaf_count=109088 811 37697 145921 388
internal_value=0.000244415 -0.00158252 -0.00135394 -0.0213783
internal_weight=294085 190815 188641 2174.38
internal_count=293905 184817 183618 1199
is_linear=0
shrinkage=0.0362406


Tree=5
num_leaves=5
num_cat=0
split_feature=0 2 3 0
split_gain=1286.09 502.331 200.096 167.07
threshold=-3.3888024091720577 0.03425000000000001 0.0036539272405207161 -3.1881225109100337
decision_type=2 2 2 2
left_child=-1 3 -3 -2
right_child=1 2 -4 -5
leaf_value=0.32987420853166588 -0.24004288564510018 0.075999701111434656 -0.16234008723578833 -2.67614283039465
leaf_weight=102805.99697124958 2196.6995362639427 37327.022998690605 149648.76335018873 1397.5343769788742
leaf_count=109394 1880 36769 145315 592
internal_value=0.000353232 -0.00140895 -0.00115062 -0.0148283
internal_weight=293376 190570 186976 3594.23
internal_count=293950 184556 182084 2472
is_linear=0
shrinkage=0.0362406


Tree=6
num_leaves=7
num_cat=0
split_feature=0 1 3 0 0 3
split_gain=1229.39 442.463 187.164 64.3612 4.5914 9.41195
threshold=-3.3888024091720577 0.03024999983608723 0.0036539272405207161 -3.2901258468627925 -3.498293280601501 1.0000000180025095e-35
decision_type=2 2 2 2 2 2
left_child=4 3 -3 -2 -1 -6
right_child=1 2 -4 -5 5 -7
leaf_value=0.3179193657233636 -0.17083583951725459 0.064316901983775779 -0.16650685336778473 -2.5799236233684999 -0.01154072942528408 0.041365549679946198
leaf_weight=99545.252166509628 625.35832768678665 38256.952583193779 150693.90658080578 993.80277043581009 18.765995502471924 3241.9788092374802
leaf_count=106688 510 37684 145937 425 6 2700
internal_value=0.000384564 -0.00133832 -0.00117631 -0.0201986 0.00357877 0.00219638
internal_weight=293376 190570 188951 1619.16 102806 3260.74
internal_count=293950 184556 183621 935 109394 2706
is_linear=0
shrinkage=0.0362406


Tree=7
num_leaves=5
num_cat=0
split_feature=0 1 0 3
split_gain=1181.84 203.121 240.795 186.062
threshold=-3.498293280601501 0.03024999983608723 -3.2901258468627925 0.02272139769047499
decision_type=2 2 2 2
left_child=-1 2 -2 -3
right_child=1 3 -4 -5
leaf_value=0.30639777372059523 -0.036663646775867809 -0.016639664950477293 -2.4864256154093982 -0.31201001191379735
leaf_weight=99545.252166509628 1934.3993014097214 123309.33440822363 993.80277043581009 67593.228586792946
leaf_count=106688 1555 121018 425 64264
internal_value=0.000413668 -0.00123452 -0.0107075 -0.00108887
internal_weight=293376 193831 2928.2 190903
internal_count=293950 187262 1980 185282
is_linear=0
shrinkage=0.0362406


Tree=8
num_leaves=8
num_cat=0
split_feature=3 2 3 3 3 1 1
split_gain=1054.77 269.091 167.592 145.642 56.8864 3.69406 2.7863
threshold=0.0024115295382216577 0.092250000000000013 0.0058436982799321422 0.02272139769047499 0.00079428977915085863 0.080249998718500151 0.03024999983608723
decision_type=2 2 2 2 2 2 2
left_child=4 2 -2 -3 6 -6 -1
right_child=1 3 -4 -5 5 -7 -8
leaf_value=0.29529373124953351 -0.13615614439001775 0.044314178003716648 -0.81009992693788568 -0.1766201264556406 0.056027953772587513 0.12502423537964044 0.18292771971592284
leaf_weight=89838.512419819832 24410.675837576389 70585.710819125175 21917.396491527557 61895.525314211845 15496.499374270439 7569.5337306261063 1662.1632462143898
leaf_count=101567 18904 76537 9363 63295 14839 7943 1502
internal_value=0.000474597 -0.00126457 -0.00364211 -0.000432722 0.00318945 0.00157675 0.00359538
internal_weight=293376 178809 46328.1 132481 114567 23066 91500.7
internal_count=293950 168099 28267 139832 125851 22782 103069
is_linear=0
shrinkage=0.0362406


Tree=9
num_leaves=5
num_cat=0
split_feature=0 2 0 3
split_gain=1121.1 230.092 268.963 152.961
threshold=-3.498293280601501 0.030250000000000003 -3.2901258468627925 0.037276636809110648
decision_type=2 2 2 2
left_child=-1 2 -2 -3
right_child=1 3 -4 -5
leaf_value=0.2845921060601051 -0.037365421089379451 -0.020897472539681567 -2.3512988723128325 -0.33632424072230005
leaf_weight=99545.252166509628 2117.7307315468788 137576.75359451771 1354.9777643084526 52781.302976489067
leaf_count=106688 1769 136111 635 48747
internal_value=0.000497243 -0.00110802 -0.0103528 -0.000939029
internal_weight=293376 193831 3472.71 190358
internal_count=293950 187262 2404 184858
is_linear=0
shrinkage=0.0362406


Tree=10
num_leaves=7
num_cat=0
split_feature=0 2 2 0 0 2
split_gain=1121.26 392.627 173.205 115.697 10.0675 0.832461
threshold=-3.3888024091720577 0.030250000000000003 0.092250000000000013 -3.095567941665649 -3.498293280601501 0.087250000000000008
decision_type=2 2 2 2 2 2
left_child=4 3 -3 -2 -1 -6
right_child=1 2 -4 -5 5 -7
leaf_value=0.27427831430422228 -0.18088425684647683 -0.286396039979817 -0.024013243208514435 -2.2574980478917483 0.069426360082791475 -0.025579236924012611
leaf_weight=99464.979749023914 1179.123993575573 51229.035537242889 137247.17094707489 820.00015687942505 3196.8542309403419 102.28601479530334
leaf_count=106458 947 37526 145816 238 2660 15
internal_value=0.000506653 -0.00113917 -0.000969359 -0.017113 0.00355773 0.00155838
internal_weight=293239 190475 188476 1999.12 102764 3299.14
internal_count=293660 184527 183342 1185 109133 2675
is_linear=0
shrinkage=0.0362406


Tree=11
num_leaves=7
num_cat=0
split_feature=0 2 2 0 0 2
split_gain=1091.88 384.802 151.755 115.696 11.9216 1.30909
threshold=-3.3888024091720577 0.030250000000000003 0.092250000000000013 -3.0108587741851802 -3.498293280601501 0.03425000000000001
decision_type=2 2 2 2 2 2
left_child=4 3 -3 -2 -1 -6
right_child=1 2 -4 -5 5 -7
leaf_value=0.26433830066136016 -0.18842495698918613 -0.27601687255681945 -0.023142988607061505 -2.1828014639178055 0.036895986892086771 0.068069268158856361
leaf_weight=99464.979749023914 1262.7444278597832 51229.035537242889 137247.17094707489 736.37972259521484 2442.8889859318733 856.25125980377197
leaf_count=106458 1003 37526 145816 182 2064 611
internal_value=0.000541222 -0.00108288 -0.000914772 -0.0168967 0.00355204 0.00138143
internal_weight=293239 190475 188476 1999.12 102764 3299.14
internal_count=293660 184527 183342 1185 109133 2675
is_linear=0
shrinkage=0.0362406


Tree=12
num_leaves=8
num_cat=0
split_feature=3 2 3 3 3 1 1
split_gain=981.228 230.005 223.445 134.062 57.5852 4.10262 1.69463
threshold=0.0024115295382216577 0.11025000000000001 0.0079884584993124026 0.037276636809110648 0.00079428977915085863 0.052249999716877944 0.03024999983608723
decision_type=2 2 2 2 2 2 2
left_child=4 2 -2 -3 6 -6 -1
right_child=1 3 -4 -5 5 -7 -8
leaf_value=0.25475851918439468 -0.10713687965690023 0.046501476374747233 -1.0027748307712858 -0.20277513540296216 0.051810107858220891 0.12529902250116437 0.19039282562907642
leaf_weight=89923.18791615963 35682.503229260445 76079.030067980289 19481.461535513401 47341.308840513229 10356.928943872452 12762.638460099697 1612.391636133194
leaf_count=101420 28231 84542 7140 48018 9814 13014 1481
internal_value=0.000576256 -0.00110327 -0.00304872 -0.000233268 0.0031927 0.00157236 0.00360134
internal_weight=293239 178584 55164 123420 114655 23119.6 91535.6
internal_count=293660 167931 35371 132560 125729 22828 102901
is_linear=0
shrinkage=0.0362406


Tree=13
num_leaves=5
num_cat=0
split_feature=0 2 0 3
split_gain=1042.93 188.653 252.37 158.605
threshold=-3.498293280601501 0.030250000000000003 -3.095567941665649 0.053428467363119132
decision_type=2 2 2 2
left_child=-1 2 -2 -3
right_child=1 3 -4 -5
leaf_value=0.24552591483959954 -0.071093240002457064 -0.014659958025422262 -2.0602377090216639 -0.38933310358895196
leaf_weight=99464.979749023914 2579.7237045168877 146589.04596149921 820.00015687942505 43785.701057612896
leaf_count=106458 2103 145324 238 39537
internal_value=0.00060674 -0.00094149 -0.00940349 -0.000790041
internal_weight=293239 193774 3399.72 190375
internal_count=293660 187202 2341 184861
is_linear=0
shrinkage=0.0362406


Tree=14
num_leaves=5
num_cat=0
split_feature=0 2 0 3
split_gain=1022.44 182.907 242.803 143.876
threshold=-3.498293280601501 0.030250000000000003 -3.1881225109100337 0.0036539272405207161
decision_type=2 2 2 2
left_child=-1 2 -2 -3
right_child=1 3 -4 -5
leaf_value=0.23662790571564507 -0.0311218341689708 0.073596074392970418 -1.9874788124800205 -0.12048789858576064
leaf_weight=99464.979749023914 2398.9728205800056 39387.380809485912 1000.7510408163071 150987.3662096262
leaf_count=106458 1973 38705 368 146156
internal_value=0.000636521 -0.000896423 -0.00922852 -0.000747295
internal_weight=293239 193774 3399.72 190375
internal_count=293660 187202 2341 184861
is_linear=0
shrinkage=0.0362406


Tree=15
num_leaves=5
num_cat=0
split_feature=0 1 0 3
split_gain=1011.59 189.366 259.639 139.998
threshold=-3.498293280601501 0.03024999983608723 -2.8430203199386592 0.0036539272405207161
decision_type=2 2 2 2
left_child=-1 2 -2 -3
right_child=1 3 -4 -5
leaf_value=0.22805236587735317 -0.07700767307061572 0.070445973372579518 -1.9921500208274021 -0.11710666371315638
leaf_weight=99437.180344104767 2469.786884188652 39995.885358273983 658.96202445030212 151796.08542627096
leaf_count=106454 1873 39234 111 146348
internal_value=0.000648881 -0.000868317 -0.00971226 -0.00072371
internal_weight=294358 194921 3128.75 191792
internal_count=294020 187566 1984 185582
is_linear=0
shrinkage=0.0362406


Tree=16
num_leaves=7
num_cat=0
split_feature=0 2 0 2 0 3
split_gain=1001.42 409.236 157.242 148.979 11.298 8.06108
threshold=-3.3888024091720577 0.030250000000000003 -2.9327684640884395 0.092250000000000013 -3.498293280601501 1.0000000180025095e-35
decision_type=2 2 2 2 2 2
left_child=4 2 -2 -3 -1 -6
right_child=1 3 -4 -5 5 -7
leaf_value=0.21978760884084333 -0.15566920565405024 -0.24346225336782767 -1.9216139065978248 -0.006224829574851147 -0.029520232788561501 0.075307019498758287
leaf_weight=99437.180344104767 1376.9340633749962 51617.63234180212 866.16090476512909 137697.49053907394 20.329828500747681 3342.1720156669617
leaf_count=106454 1069 37727 174 145917 8 2671
internal_value=0.000667656 -0.000880615 -0.0162669 -0.000697939 0.00355323 0.00145934
internal_weight=294358 191558 2243.09 189315 102800 3362.5
internal_count=294020 184887 1243 183644 109133 2679
is_linear=0
shrinkage=0.0362406


Tree=17
num_leaves=5
num_cat=0
split_feature=0 2 0 3
split_gain=978.914 213.028 303.019 131.271
threshold=-3.498293280601501 0.030250000000000003 -2.9327684640884395 0.0036539272405207161
decision_type=2 2 2 2
left_child=-1 2 -2 -3
right_child=1 3 -4 -5
leaf_value=0.21182237164754911 -0.074290487159812846 0.074584910972714524 -1.8519734448779464 -0.10712456574800196
leaf_weight=99437.180344104767 2785.103776216507 39821.384241878986 866.16090476512909 151448.07077032328
leaf_count=106454 2213 39010 174 146169
internal_value=0.000697329 -0.000795153 -0.00946634 -0.000629291
internal_weight=294358 194921 3651.26 191269
internal_count=294020 187566 2387 185179
is_linear=0
shrinkage=0.0362406


Tree=18
num_leaves=5
num_cat=0
split_feature=0 2 0 1
split_gain=963.346 187.789 860.844 39.7349
threshold=-3.498293280601501 0.092250000000000013 -2.2706049680709834 0.81224998831748974
decision_type=2 2 2 2
left_child=-1 2 -2 -3
right_child=1 3 -4 -5
leaf_value=0.20414579951540213 -0.068095572882402658 -0.037890855793933795 -2.0741406562187552 0.076554845558280543
leaf_weight=99437.180344104767 51443.580967903137 90391.94111841917 5732.0897533893585 47353.107853472233
leaf_count=106454 40592 90631 1050 55293
internal_value=0.000720694 -0.000759869 -0.00250582 -3.47454e-05
internal_weight=294358 194921 57175.7 137745
internal_count=294020 187566 41642 145924
is_linear=0
shrinkage=0.0362406


Tree=19
num_leaves=5
num_cat=0
split_feature=0 2 0 2
split_gain=944.395 186.267 303.699 109.792
threshold=-3.498293280601501 0.030250000000000003 -2.6845846176147456 0.10425000000000002
decision_type=2 2 2 2
left_child=-1 2 -2 -3
right_child=1 3 -4 -5
leaf_value=0.19674743104626627 -0.071505922510842077 -0.17925739912692717 -1.7281325317816896 0.0023752056523509281
leaf_weight=99437.180344104767 2946.2820057868958 61218.297814786434 704.9826751947403 130051.15719741583
leaf_count=106454 2282 45908 105 139271
internal_value=0.00074939 -0.000716534 -0.00882484 -0.00056142
internal_weight=294358 194921 3651.26 191269
internal_count=294020 187566 2387 185179
is_linear=0
shrinkage=0.0362406


Tree=20
num_leaves=7
num_cat=0
split_feature=0 1 3 0 0 3
split_gain=924.763 311.326 132.004 122.606 8.79233 9.03969
threshold=-3.3888024091720577 0.03024999983608723 0.08049460127949716 -2.4859117269515987 -3.498293280601501 1.0000000180025095e-35
decision_type=2 2 2 2 2 2
left_child=4 3 -3 -2 -1 -6
right_child=1 2 -4 -5 5 -7
leaf_value=0.18961718396946389 -0.15980160348083128 -0.0092505007880716271 -0.41445494565294 -2.7184097249975943 -0.022189181460226106 0.072737414478461299
leaf_weight=99070.334187448025 1229.9192878007889 154391.06067055464 34899.714508891106 492.70066165924072 18.765995502471924 3500.0425788164139
leaf_count=106417 859 153484 30228 62 6 2758
internal_value=0.000784334 -0.000705991 -0.000566077 -0.0160397 0.00355972 0.00174867
internal_weight=293603 191013 189291 1722.62 102589 3518.81
internal_count=293814 184633 183712 921 109181 2764
is_linear=0
shrinkage=0.0362406


Tree=21
num_leaves=5
num_cat=0
split_feature=0 2 0 3
split_gain=902.394 152.402 746.181 114.372
threshold=-3.498293280601501 0.092250000000000013 -2.2706049680709834 0.017555184662342075
decision_type=2 2 2 2
left_child=-1 2 -2 -3
right_child=1 3 -4 -5
leaf_value=0.18274534140196508 -0.051765044991206856 0.067737760086670901 -2.0731962362905243 -0.11109775016497347
leaf_weight=99070.334187448025 51389.275007128716 68295.549119234085 5752.3144820332527 69095.065094828606
leaf_count=106417 40547 73889 1042 71919
internal_value=0.00080803 -0.000625537 -0.00219842 2.82503e-05
internal_weight=293603 194532 57141.6 137391
internal_count=293814 187397 41589 145808
is_linear=0
shrinkage=0.0362406


Tree=22
num_leaves=5
num_cat=0
split_feature=0 2 0 3
split_gain=891.182 142.812 797.822 104.945
threshold=-3.498293280601501 0.10425000000000002 -2.1606539487838741 0.017555184662342075
decision_type=2 2 2 2
left_child=-1 2 -2 -3
right_child=1 3 -4 -5
leaf_value=0.17612253860651614 -0.048164228625680171 0.072412436207085512 -2.1142054887214727 -0.097383303091548329
leaf_weight=99070.334187448025 59237.630917429924 61323.333267688751 5721.6594303250313 68249.580087780952
leaf_count=106417 47236 67442 1055 71664
internal_value=0.000825577 -0.000599055 -0.00198589 9.58044e-05
internal_weight=293603 194532 64959.3 129573
internal_count=293814 187397 48291 139106
is_linear=0
shrinkage=0.0362406


Tree=23
num_leaves=7
num_cat=0
split_feature=0 2 0 2 0 1
split_gain=880.788 264.457 231.855 93.4774 8.79233 1.47661
threshold=-3.3888024091720577 0.03425000000000001 -2.6138827800750728 0.21825000000000003 -3.498293280601501 0.034250000491738326
decision_type=2 2 2 2 2 2
left_child=4 2 -2 -3 -1 -6
right_child=1 3 -4 -5 5 -7
leaf_value=0.16973975022966145 -0.1848323545942632 -0.11341448542611891 -1.6859585361569471 0.034404680874914217 0.039001389787394876 0.10784297342325849
leaf_weight=99070.334187448025 2957.119370162487 93609.052253842354 648.08572435379028 93799.137780547142 2717.6260759234428 801.18249839544296
leaf_count=106417 2340 76931 99 105263 2218 546
internal_value=0.000851136 -0.000603311 -0.0103249 -0.000415951 0.00355972 0.00174867
internal_weight=293603 191013 3605.21 187408 102589 3518.81
internal_count=293814 184633 2439 182194 109181 2764
is_linear=0
shrinkage=0.0362406


Tree=24
num_leaves=5
num_cat=0
split_feature=0 3 1 1
split_gain=864.705 136.42 468.444 114.887
threshold=-3.498293280601501 0.047265209257602699 0.81224998831748974 0.17324999719858172
decision_type=2 2 2 2
left_child=-1 3 -3 -2
right_child=1 2 -4 -5
leaf_value=0.16358827800226752 -0.065685327861681908 -1.4643651951548162 -0.0036228034633568047 0.076692601271850472
leaf_weight=99070.334187448025 82123.072694301605 12834.979022622108 34407.808525621891 65166.343460679054
leaf_count=106417 70942 4794 37697 73964
internal_value=0.000867459 -0.000535842 -0.00223038 7.32124e-06
internal_weight=293603 194532 47242.8 147289
internal_count=293814 187397 42491 144906
is_linear=0
shrinkage=0.0362406


Tree=25
num_leaves=7
num_cat=0
split_feature=0 2 0 2 0 2
split_gain=873.859 290.41 266.758 83.7671 6.65797 0.479948
threshold=-3.3888024091720577 0.03425000000000001 -2.6138827800750728 0.61875000000000013 -3.498293280601501 0.03425000000000001
decision_type=2 2 2 2 2 2
left_child=4 2 -2 -3 -1 -6
right_child=1 3 -4 -5 5 -7
leaf_value=0.15765973888578724 -0.19695138712282292 -0.076624505783858279 -1.5991712952163444 0.073213857209275646 0.04603792354786921 0.093663670874343408
leaf_weight=99446.051494061947 2910.8201825022697 132092.28941655159 752.66239488124847 55415.107315659523 2552.6334430575371 900.50407272577286
leaf_count=106359 2302 118477 113 63597 2086 626
internal_value=0.000875679 -0.00057347 -0.010678 -0.000375704 0.00356848 0.00196832
internal_weight=294070 191171 3663.48 187507 102899 3453.14
internal_count=293560 184489 2415 182074 109071 2712
is_linear=0
shrinkage=0.0362406


Tree=26
num_leaves=8
num_cat=0
split_feature=3 2 3 3 3 1 1
split_gain=805.483 145.441 160.712 84.2582 32.4155 1.37752 1.22003
threshold=0.0022160127991810445 0.10425000000000002 0.011941324453800918 0.017555184662342075 0.00079428977915085863 0.03024999983608723 0.05725000053644181
decision_type=2 2 2 2 2 2 2
left_child=4 2 -2 -3 5 -1 -6
right_child=1 3 -4 -5 6 -7 -8
leaf_value=0.15194605364811081 -0.086348436159333949 0.066595896014798386 -0.99708207708893681 -0.084035055109708823 0.089288651171052585 0.15835091859037434 0.14031707211416414
leaf_weight=90018.619369506836 42065.323517918587 58003.798536241055 13724.072319030762 69063.759723305702 10045.644983172417 1604.7637138962746 9544.0861563682556
leaf_count=101303 32228 63940 3398 71758 9785 1465 9683
internal_value=0.000884338 -0.000594589 -0.0021371 8.22403e-05 0.00331647 0.00360329 0.00197208
internal_weight=294070 182857 55789.4 127068 111213 91623.4 19589.7
internal_count=293560 171324 35626 135698 122236 102768 19468
is_linear=0
shrinkage=0.0362406


Tree=27
num_leaves=7
num_cat=0
split_feature=0 2 0 3 0 3
split_gain=850.479 268.494 272.857 118.048 10.7955 6.81823
threshold=-3.3888024091720577 0.03425000000000001 -2.4275856018066402 0.0036539272405207161 -3.498293280601501 0.0022160127991810445
decision_type=2 2 2 2 2 2
left_child=4 2 -2 -3 -1 -6
right_child=1 3 -4 -5 5 -7
leaf_value=0.14643943585343513 -0.19544332564002209 0.092417971240125116 -1.6676117900490544 -0.076022954298650761 0.0034245490409446507 0.1175438448336984
leaf_weight=99446.051494061947 2983.4063495993614 37408.053384661674 680.0762277841568 150099.34334754944 2014.5508418679237 1438.5866739153862
leaf_count=106359 2327 36874 88 145200 1783 929
internal_value=0.000897361 -0.000532266 -0.010248 -0.000342098 0.00355389 0.00153377
internal_weight=294070 191171 3663.48 187507 102899 3453.14
internal_count=293560 184489 2415 182074 109071 2712
is_linear=0
shrinkage=0.0362406


Tree=28
num_leaves=5
num_cat=0
split_feature=0 3 1 1
split_gain=843.239 120.187 173.224 140.227
threshold=-3.498293280601501 0.27077753841876989 5.5820000171661386 0.60925000905990612
decision_type=2 2 2 2
left_child=-1 3 -3 -2
right_child=1 2 -4 -5
leaf_value=0.14113238125114655 -0.058645049150777645 -1.4160909662059562 -0.001730808168569955 0.12336376430188947
leaf_weight=99446.051494061947 133480.34193861485 7764.7097361087799 9052.2918614149094 44326.673289239407
leaf_count=106359 122497 2623 9550 52531
internal_value=0.000908557 -0.000478404 -0.00340689 -0.000201105
internal_weight=294070 194624 16817 177807
internal_count=293560 187201 12173 175028
is_linear=0
shrinkage=0.0362406


Tree=29
num_leaves=5
num_cat=0
split_feature=0 3 1 1
split_gain=829.214 116.234 286.619 17.7793
threshold=-3.498293280601501 0.0036539272405207161 0.17324999719858172 0.05725000053644181
decision_type=2 2 2 2
left_child=-1 3 -3 -2
right_child=1 2 -4 -5
leaf_value=0.13601765754925738 0.0097736430970021427 -0.33041073952324168 0.015999732572166143 0.1090716614399735
leaf_weight=99446.051494061947 14541.652119219303 50426.699785649776 102993.39888161421 26662.266038894653
leaf_count=106359 13846 35058 111775 26522
internal_value=0.000931234 -0.000444141 -0.000903325 0.00126426
internal_weight=294070 194624 153420 41203.9
internal_count=293560 187201 146833 40368
is_linear=0
shrinkage=0.0362406


Tree=30
num_leaves=8
num_cat=0
split_feature=3 2 3 3 3 1 1
split_gain=719.795 106.888 149.359 86.3032 36.5774 1.57971 0.724817
threshold=0.0022160127991810445 0.10425000000000002 0.012838975060731174 0.017555184662342075 0.00079428977915085863 0.03024999983608723 0.080249998718500151
decision_type=2 2 2 2 2 2 2
left_child=4 2 -2 -3 5 -1 -6
right_child=1 3 -4 -5 6 -7 -8
leaf_value=0.13108829455845911 -0.057177267802526736 0.075561121433807887 -0.88536777250433218 -0.076236849532720918 0.095050731450838741 0.13726104328304684 0.11981953781949668
leaf_weight=90030.025869011879 42525.247090518475 58199.291307866573 12812.456035614014 69330.649893283844 13574.652058243752 1638.6807635426521 6164.2072020173073
leaf_count=101295 32710 63871 2970 71885 13134 1459 6418
internal_value=0.00100012 -0.000398601 -0.00172879 0.000178175 0.00329649 0.00360186 0.00187546
internal_weight=294275 182868 55337.7 127530 111408 91668.7 19738.9
internal_count=293742 171436 35680 135756 122306 102754 19552
is_linear=0
shrinkage=0.0362406


Tree=31
num_leaves=5
num_cat=0
split_feature=0 3 1 1
split_gain=779.839 124.133 489.854 62.2734
threshold=-3.498293280601501 0.017555184662342075 0.46725000441074377 0.10725000128149988
decision_type=2 2 2 2
left_child=-1 3 -3 -2
right_child=1 2 -4 -5
leaf_value=0.12633757469336129 -0.027472097120371596 -0.86184671712365979 0.03184553879248498 0.077657332704542267
leaf_weight=99404.041997253895 57330.134897172451 21627.249520599842 55742.242864310741 60171.540940761566
leaf_count=106314 48043 12080 61422 65883
internal_value=0.00101133 -0.000320859 -0.00144821 0.000420994
internal_weight=294275 194871 77369.5 117502
internal_count=293742 187428 73502 113926
is_linear=0
shrinkage=0.0362406


Tree=32
num_leaves=5
num_cat=0
split_feature=0 2 0 2
split_gain=767.83 110.504 285.647 62.7669
threshold=-3.498293280601501 0.030250000000000003 -2.4859117269515987 0.5192500000000001
decision_type=2 2 2 2
left_child=-1 2 -2 -3
right_child=1 3 -4 -5
leaf_value=0.12175902381797116 -0.0296915424843914 -0.05393147354819277 -1.0482246118429461 0.068577872366482731
leaf_weight=99404.041997253895 3066.7093787789345 130405.57806324959 582.68899738788605 60816.191783428192
leaf_count=106314 2339 115480 76 69533
internal_value=0.00103153 -0.000290364 -0.00653686 -0.000170834
internal_weight=294275 194871 3649.4 191222
internal_count=293742 187428 2415 185013
is_linear=0
shrinkage=0.0362406


Tree=33
num_leaves=5
num_cat=0
split_feature=0 2 0 2
split_gain=764.468 109.066 279.304 58.1337
threshold=-3.498293280601501 0.030250000000000003 -2.4859117269515987 0.5192500000000001
decision_type=2 2 2 2
left_child=-1 2 -2 -3
right_child=1 3 -4 -5
leaf_value=0.11734640242293884 -0.028615502848807477 -0.051976964004816724 -1.0102363116416189 0.066092568383736186
leaf_weight=99404.041997253895 3066.7093787789345 130405.57806324959 582.68899738788605 60816.191783428192
leaf_count=106314 2339 115480 76 69533
internal_value=0.00103721 -0.000281785 -0.0064875 -0.000163034
internal_weight=294275 194871 3649.4 191222
internal_count=293742 187428 2415 185013
is_linear=0
shrinkage=0.0362406


Tree=34
num_leaves=5
num_cat=0
split_feature=0 2 0 2
split_gain=761.997 109.011 279.497 54.1749
threshold=-3.498293280601501 0.030250000000000003 -2.4859117269515987 0.47525000000000001
decision_type=2 2 2 2
left_child=-1 2 -2 -3
right_child=1 3 -4 -5
leaf_value=0.11309369712254445 -0.027578459546875038 -0.051464427890754845 -0.97362473064329635 0.06081244566252262
leaf_weight=99404.041997253895 3066.7093787789345 127710.9650233984 582.68899738788605 63510.804823279381
leaf_count=106314 2339 112509 76 72504
internal_value=0.00104139 -0.000275467 -0.0064796 -0.000156746
internal_weight=294275 194871 3649.4 191222
internal_count=293742 187428 2415 185013
is_linear=0
shrinkage=0.0362406


Tree=35
num_leaves=7
num_cat=0
split_feature=0 2 0 2 0 1
split_gain=770.245 194.495 265.795 56.5066 9.74609 1.03584
threshold=-3.3888024091720577 0.03425000000000001 -2.4275856018066402 0.092250000000000013 -3.498293280601501 0.034250000491738326
decision_type=2 2 2 2 2 2
left_child=4 2 -2 -3 -1 -6
right_child=1 3 -4 -5 5 -7
leaf_value=0.10899511245983967 -0.12267823386781185 -0.13186279118962757 -1.4015007249236011 0.01571385204567877 0.03496238692301281 0.10787322607392362
leaf_weight=99232.500735402107 3108.2578195929527 49670.252353131771 590.55235970020294 137330.0932815671 2706.7482126355171 750.20303452014923
leaf_count=106329 2390 36224 77 145521 2207 529
internal_value=0.00102662 -0.000335745 -0.00856426 -0.000172652 0.00355711 0.00163596
internal_weight=293389 190699 3698.81 187000 102689 3456.95
internal_count=293277 184212 2467 181745 109065 2736
is_linear=0
shrinkage=0.0362406


Tree=36
num_leaves=5
num_cat=0
split_feature=0 2 0 2
split_gain=767.756 95.889 294.752 55.6913
threshold=-3.498293280601501 0.030250000000000003 -2.4859117269515987 0.092250000000000013
decision_type=2 2 2 2
left_child=-1 2 -2 -3
right_child=1 3 -4 -5
leaf_value=0.10504506300877586 -0.013615032607306307 -0.11646290373611359 -1.1352134256978081 0.015207353502068385
leaf_weight=99232.500735402107 3128.5087879896164 53113.366266191006 543.3559707403183 137370.87603622675
leaf_count=106329 2367 38982 71 145528
internal_value=0.00103026 -0.00029485 -0.00609534 -0.00018272
internal_weight=293389 194156 3671.86 190484
internal_count=293277 186948 2438 184510
is_linear=0
shrinkage=0.0362406


Tree=37
num_leaves=7
num_cat=0
split_feature=0 2 0 3 0 3
split_gain=760.179 185.023 263.677 106.577 9.74609 8.20128
threshold=-3.3888024091720577 0.03425000000000001 -2.2141189575195308 0.0085136448033154028 -3.498293280601501 1.0000000180025095e-35
decision_type=2 2 2 2 2 2
left_child=4 2 -2 -3 -1 -6
right_child=1 3 -4 -5 5 -7
leaf_value=0.10123816576255609 -0.14109669737788763 0.056018765247421935 -1.3695476741818928 -0.093094762264169184 -0.019604533829864403 0.059254383471449526
leaf_weight=99232.500735402107 3173.4698007702827 81156.982309103012 525.34037852287292 105843.36332559586 20.329828500747681 3436.6214186549187
leaf_count=106329 2405 78317 62 103428 8 2728
internal_value=0.00104322 -0.000310218 -0.00833585 -0.000151139 0.00355711 0.00163596
internal_weight=293389 190699 3698.81 187000 102689 3456.95
internal_count=293277 184212 2467 181745 109065 2736
is_linear=0
shrinkage=0.0362406


Tree=38
num_leaves=8
num_cat=0
split_feature=3 2 3 3 3 1 1
split_gain=682.87 93.3777 225.046 81.0518 36.1957 2.13911 0.649937
threshold=0.0022160127991810445 0.16425000000000003 0.0085136448033154028 0.11096441373229028 0.00079428977915085863 0.03024999983608723 0.052249999716877944
decision_type=2 2 2 2 2 2 2
left_child=4 2 -2 -3 5 -1 -6
right_child=1 3 -4 -5 6 -7 -8
leaf_value=0.097569232797837732 0.0044907533303942407 0.066638430629308548 -0.55224677385549092 -0.19236193928421247 0.083020177614484533 0.10351827733825758 0.12627579469016662
leaf_weight=89776.706622838974 52203.408639967442 81671.099916279316 24319.610994100571 24249.648074269295 9210.6193155050278 1655.2670115232468 10302.247222065926
leaf_count=101301 44680 92831 9996 23505 8817 1460 10687
internal_value=0.00105341 -0.00030975 -0.00127451 0.000386736 0.00329553 0.00359859 0.0018726
internal_weight=293389 182444 76523 105921 110945 91432 19512.9
internal_count=293277 171012 54676 116336 122265 102761 19504
is_linear=0
shrinkage=0.0362406


Tree=39
num_leaves=8
num_cat=0
split_feature=3 3 2 1 3 1 1
split_gain=664.153 86.8053 297.354 86.0873 35.7314 2.19906 0.926341
threshold=0.0019910491537302737 0.037276636809110648 1.0935000000000004 0.17324999719858172 0.00079428977915085863 0.03024999983608723 0.05725000053644181
decision_type=2 2 2 2 2 2 2
left_child=4 3 -3 -2 5 -1 -6
right_child=1 2 -4 -5 6 -7 -8
leaf_value=0.094033264204788913 -0.045876965527425137 -0.73082563996817496 0.064289566046430782 0.082972843436140864 0.082785070491212864 0.099766711737316369 0.12643201248092539
leaf_weight=89776.706622838974 71133.809967815876 21593.684568107128 34058.917729437351 59059.41405236721 8861.0471506118774 1655.2670115232468 7249.7606938481331
leaf_count=101301 58306 10047 38881 67118 8556 1460 7608
internal_value=0.0010537 -0.000257696 -0.00145579 0.000254033 0.00332042 0.00359828 0.00174002
internal_weight=293389 185846 55652.6 130193 107543 91432 16110.8
internal_count=293277 174352 48928 125424 118925 102761 16164
is_linear=0
shrinkage=0.0362406


Tree=40
num_leaves=5
num_cat=0
split_feature=0 3 2 2
split_gain=749.647 129.1 283.405 94.3344
threshold=-3.498293280601501 0.11096441373229028 2.0722500000000004 0.82425000000000004
decision_type=2 2 2 2
left_child=-1 3 -3 -2
right_child=1 2 -4 -5
leaf_value=0.090625441273364152 -0.016172033629324591 -1.3882535947926498 0.029880883106645474 0.15448834670316189
leaf_weight=98937.867850065231 138854.83646064997 11103.932052314281 18454.518138289452 26180.437049567699
leaf_count=106077 130879 3724 20678 32338
internal_value=0.00105496 -0.000250697 -0.00245643 0.000144042
internal_weight=293532 194594 29558.5 165035
internal_count=293696 187619 24402 163217
is_linear=0
shrinkage=0.0362406


Tree=41
num_leaves=5
num_cat=0
split_feature=0 3 2 2
split_gain=742.806 114.295 252.787 89.0349
threshold=-3.498293280601501 0.11096441373229028 2.0722500000000004 0.82425000000000004
decision_type=2 2 2 2
left_child=-1 3 -3 -2
right_child=1 2 -4 -5
leaf_value=0.087341119926513236 -0.015585949252526181 -1.3379424365554529 0.028797981651259588 0.14888959465530816
leaf_weight=98937.867850065231 138854.83646064997 11103.932052314281 18454.518138289452 26180.437049567699
leaf_count=106077 130879 3724 20678 32338
internal_value=0.0010667 -0.000232975 -0.00230839 0.000138423
internal_weight=293532 194594 29558.5 165035
internal_count=293696 187619 24402 163217
is_linear=0
shrinkage=0.0362406


Tree=42
num_leaves=5
num_cat=0
split_feature=0 3 1 0
split_gain=730.988 103.596 289.443 106.396
threshold=-3.498293280601501 0.0054994588717818269 0.185249999165535 1.0000000180025095e-35
decision_type=2 2 2 2
left_child=-1 3 -3 -2
right_child=1 2 -4 -5
leaf_value=0.084175824391374998 0.067397386436221091 -0.40512609226356311 0.016712383778899845 -1.9332537120897328
leaf_weight=98937.867850065231 64014.224593579769 34021.875309050083 95810.89356392622 746.73023426532745
leaf_count=106077 61456 21681 104373 109
internal_value=0.00108713 -0.000202164 -0.000792958 0.000981417
internal_weight=293532 194594 129833 64761
internal_count=293696 187619 126054 61565
is_linear=0
shrinkage=0.0362406


Tree=43
num_leaves=8
num_cat=0
split_feature=3 2 3 3 3 1 1
split_gain=643.125 85.3721 136.508 71.6957 42.3011 2.05213 0.551737
threshold=0.0022160127991810445 0.10425000000000002 0.012838975060731174 0.025012734346091751 0.00079428977915085863 0.03024999983608723 0.080249998718500151
decision_type=2 2 2 2 2 2 2
left_child=4 2 -2 -3 5 -1 -6
right_child=1 3 -4 -5 6 -7 -8
leaf_value=0.081125241099830561 -0.03684966870992408 0.069338072978765652 -0.72896427575635292 -0.072317760769385023 0.090790908821893182 0.086650904991720831 0.10601853086603868
leaf_weight=89835.699073851109 42531.379279971123 68880.475881457329 12434.685489237309 58577.315224230289 13415.142928421497 1701.8729040026665 6155.0207697153091
leaf_count=101115 32564 75837 2935 60330 13094 1486 6335
internal_value=0.00109755 -0.000226049 -0.00142005 0.000288443 0.00327119 0.00359872 0.00173635
internal_weight=293532 182424 54966.1 127458 111108 91537.6 19570.2
internal_count=293696 171666 35499 136167 122030 102601 19429
is_linear=0
shrinkage=0.0362406


Tree=44
num_leaves=8
num_cat=0
split_feature=3 2 3 3 3 1 1
split_gain=634.526 87.0808 281.108 57.2153 50.9298 2.16893 1.07329
threshold=0.0024115295382216577 0.21825000000000003 0.011941324453800918 0.20598043501377108 0.00079428977915085863 0.03024999983608723 0.080249998718500151
decision_type=2 2 2 2 2 2 2
left_child=4 2 -2 -3 5 -1 -6
right_child=1 3 -4 -5 6 -7 -8
leaf_value=0.078185212810104487 0.0068732807946752716 0.06668900069545354 -0.67593644069441727 -0.24614263638841991 0.087211445370280388 0.083510623267411002 0.10689245018705611
leaf_weight=89835.699073851109 63863.007002413273 78453.245794951916 20787.93541264534 15851.121408760548 15300.294626414776 1701.8729040026665 7738.4153278470039
leaf_count=101115 55078 90494 7965 14771 14789 1486 7998
internal_value=0.00110842 -0.000239539 -0.00108353 0.000517484 0.00321424 0.0035981 0.00168667
internal_weight=293532 178955 84650.9 94304.4 114576 91537.6 23038.7
internal_count=293696 168308 63043 105265 125388 102601 22787
is_linear=0
shrinkage=0.0362406


Tree=45
num_leaves=5
num_cat=0
split_feature=0 3 1 1
split_gain=685.401 73.8584 320.647 60.7664
threshold=-3.498293280601501 0.025012734346091751 0.60925000905990612 0.095249999314546599
decision_type=2 2 2 2
left_child=-1 3 -3 -2
right_child=1 2 -4 -5
leaf_value=0.07535173294140253 -0.03439229089089034 -0.79330431912682842 0.048481333159377589 0.064168888496868012
leaf_weight=99539.489814281464 51001.453972697258 18468.678561806679 46573.512207746506 77884.701499223709
leaf_count=106536 42071 9536 51562 84079
internal_value=0.00117887 -7.56314e-05 -0.00107145 0.000426489
internal_weight=293468 193928 65042.2 128886
internal_count=293784 187248 61098 126150
is_linear=0
shrinkage=0.0362406


Tree=46
num_leaves=5
num_cat=0
split_feature=0 3 1 1
split_gain=684.219 70.872 113.169 83.6131
threshold=-3.498293280601501 0.27077753841876989 8.3677501678466815 0.55825001001358043
decision_type=2 2 2 2
left_child=-1 3 -3 -2
right_child=1 2 -4 -5
leaf_value=0.072620940113865759 -0.022668143795893193 -1.018664029355433 0.082502489435818019 0.10550040819354184
leaf_weight=99539.489814281464 130137.01300442219 8672.0051936507225 7973.5534245967865 47145.774618804455
leaf_count=106536 119398 3524 8650 55676
internal_value=0.00118098 -7.24418e-05 -0.00233353 0.000139563
internal_weight=293468 193928 16645.6 177283
internal_count=293784 187248 12174 175074
is_linear=0
shrinkage=0.0362406


Tree=47
num_leaves=5
num_cat=0
split_feature=0 3 1 0
split_gain=678.04 67.3509 240.165 48.9119
threshold=-3.498293280601501 0.0085136448033154028 0.23125000298023227 1.0000000180025095e-35
decision_type=2 2 2 2
left_child=-1 3 -3 -2
right_child=1 2 -4 -5
leaf_value=0.069989112886399876 0.047367358095775226 -0.43594555207612939 0.024568689299969342 -1.6885121686407603
leaf_weight=99539.489814281464 85713.050188183784 25234.829404652119 82268.922653734684 711.54399490356445
leaf_count=106536 82841 14396 89830 181
internal_value=0.00119203 -5.57086e-05 -0.00066152 0.000697232
internal_weight=293468 193928 107504 86424.6
internal_count=293784 187248 104226 83022
is_linear=0
shrinkage=0.0362406


Tree=48
num_leaves=5
num_cat=0
split_feature=0 2 0 2
split_gain=673.117 62.5144 278.814 35.8609
threshold=-3.498293280601501 0.044250000000000005 -1.730195105075836 0.82425000000000004
decision_type=2 2 2 2
left_child=-1 2 -2 -3
right_child=1 3 -4 -5
leaf_value=0.067452664685208913 -0.057677285039993184 -0.013081397785474928 -1.8984349080677441 0.083132609801398125
leaf_weight=99539.489814281464 13196.068901538849 133081.98548787832 455.73309254646301 47194.558759510517
leaf_count=106536 11102 121339 51 54756
internal_value=0.00120088 -4.23254e-05 -0.00240695 0.000136451
internal_weight=293468 193928 13651.8 180277
internal_count=293784 187248 11153 176095
is_linear=0
shrinkage=0.0362406


Tree=49
num_leaves=5
num_cat=0
split_feature=0 2 0 1
split_gain=673.024 60.0424 369.885 23.3567
threshold=-3.498293280601501 0.092250000000000013 -2.2141189575195308 1.4242500066757204
decision_type=2 2 2 2
left_child=-1 2 -2 -3
right_child=1 3 -4 -5
leaf_value=0.065008138916122032 -0.0090011303334259028 0.006685524530901904 -1.5556612290761171 0.10430883109853456
leaf_weight=99539.489814281464 51306.250188410282 102763.43890583515 5189.7170720696449 34668.940075159073
leaf_count=106536 40652 105136 857 40603
internal_value=0.00120105 -4.20712e-05 -0.00103689 0.000366491
internal_weight=293468 193928 56496 137432
internal_count=293784 187248 41509 145739
is_linear=0
shrinkage=0.0362406


Tree=50
num_leaves=5
num_cat=0
split_feature=0 3 1 1
split_gain=679.987 79.7317 253.182 57.7039
threshold=-3.498293280601501 0.053428467363119132 1.2405000329017641 0.10725000128149988
decision_type=2 2 2 2
left_child=-1 3 -3 -2
right_child=1 2 -4 -5
leaf_value=0.062652204254052463 -0.033673238670470958 -1.0033508171853547 0.049562114716420913 0.059557108510302062
leaf_weight=99254.422566711903 60181.281521201134 14636.734375596046 29995.307714998722 89888.428679525852
leaf_count=106154 49024 6304 33396 98704
internal_value=0.00118222 -6.20074e-05 -0.001407 0.000337649
internal_weight=293956 194702 44632 150070
internal_count=293582 187428 39700 147728
is_linear=0
shrinkage=0.0362406


Tree=51
num_leaves=5
num_cat=0
split_feature=0 3 2 2
split_gain=676.569 73.7444 199.447 60.662
threshold=-3.498293280601501 0.08049460127949716 1.4455000000000002 0.82425000000000004
decision_type=2 2 2 2
left_child=-1 3 -3 -2
right_child=1 2 -4 -5
leaf_value=0.060381650103169385 -0.00010809365244555434 -1.1963426026064927 0.037847213240743964 0.13411432778583401
leaf_weight=99254.422566711903 137350.30419230461 12085.890819251537 23602.469098627567 21663.088181138039
leaf_count=106154 130258 3896 26449 26825
internal_value=0.00118837 -5.27292e-05 -0.00154171 0.000281118
internal_weight=293956 194702 35688.4 159013
internal_count=293582 187428 30345 157083
is_linear=0
shrinkage=0.0362406


Tree=52
num_leaves=5
num_cat=0
split_feature=0 2 0 3
split_gain=672.118 72.1905 289.061 59.7448
threshold=-3.498293280601501 0.039250000000000007 -1.4773143529891966 0.0085136448033154028
decision_type=2 2 2 2
left_child=-1 2 -2 -3
right_child=1 3 -4 -5
leaf_value=0.058193382221595959 -0.044873282152004416 0.057896647850435745 -1.5910128325987267 -0.041547727488773202
leaf_weight=99254.422566711903 9294.1089034080505 79278.651821136475 491.48340940475464 105637.50815737247
leaf_count=106154 7671 76103 52 103602
internal_value=0.00119639 -4.06149e-05 -0.00307416 0.00011964
internal_weight=293956 194702 9785.59 184916
internal_count=293582 187428 7723 179705
is_linear=0
shrinkage=0.0362406


Tree=53
num_leaves=7
num_cat=0
split_feature=3 3 2 1 1 3
split_gain=573.527 62.8193 213.749 28.791 2.67638 2.33588
threshold=0.00079428977915085863 0.014965834096074106 0.47525000000000001 0.10725000128149988 0.03024999983608723 1.0000000180025095e-35
decision_type=2 2 2 2 2 2
left_child=4 3 -3 -2 -1 -6
right_child=1 2 -4 -5 5 -7
leaf_value=0.056084418504670962 0.013833236119341737 -0.41216243354507792 0.057725827713722179 0.075350056322606301 -0.3913707272424784 0.061216832834180265
leaf_weight=89638.61851978302 61799.388804912567 29552.943623542786 56474.391458928585 54886.979264259338 88.625469088554382 1515.2277175188065
leaf_count=101051 51016 16281 63712 60073 39 1410
internal_value=0.00121029 0.000136049 -0.000606618 0.000684048 0.00359632 0.00204681
internal_weight=293956 202714 86027.3 116686 91242.5 1603.85
internal_count=293582 191082 79993 111089 102500 1449
is_linear=0
shrinkage=0.0362406


Tree=54
num_leaves=5
num_cat=0
split_feature=0 3 1 1
split_gain=659.321 61.0548 103.032 72.6395
threshold=-3.498293280601501 0.27077753841876989 8.3677501678466815 0.81224998831748974
decision_type=2 2 2 2
left_child=-1 3 -3 -2
right_child=1 2 -4 -5
leaf_value=0.05405188492102761 -0.012243656335623578 -0.97133807413989603 0.094728388431313731 0.11610452179793085
leaf_weight=99254.422566711903 141719.60284125805 8619.9921298027039 7917.8149297833443 36444.342390477657
leaf_count=106154 131491 3490 8593 43854
internal_value=0.00121961 -5.55491e-06 -0.00211216 0.000189693
internal_weight=293956 194702 16537.8 178164
internal_count=293582 187428 12083 175345
is_linear=0
shrinkage=0.0362406


Tree=55
num_leaves=8
num_cat=0
split_feature=3 3 1 2 3 1 1
split_gain=581.544 51.8452 86.2944 64.9743 32.5301 2.3519 0.935105
threshold=0.0019910491537302737 0.27077753841876989 5.5820000171661386 0.82425000000000004 0.00079428977915085863 0.03024999983608723 0.13825000077486041
decision_type=2 2 2 2 2 2 2
left_child=4 3 -3 -2 5 -1 -6
right_child=1 2 -4 -5 6 -7 -8
leaf_value=0.052093011595951332 -0.013500058520115694 -0.97849259101129338 0.062469984223060403 0.11194475959878245 0.073484600575751194 0.057039424095219116 0.036429634392164637
leaf_weight=89957.727137804031 134059.14887326956 8390.2479119896889 8976.3265087604523 35549.515950739384 15136.066587328911 1628.9266887903214 936.63226479291916
leaf_count=101548 119628 2716 9467 43413 15219 1422 1016
internal_value=0.00121142 -1.00329e-05 -0.00189618 0.000182783 0.00333324 0.00359776 0.00182242
internal_weight=294635 186975 17366.6 169609 107659 91586.7 16072.7
internal_count=294429 175224 12183 163041 119205 102970 16235
is_linear=0
shrinkage=0.0362406


Tree=56
num_leaves=5
num_cat=0
split_feature=0 3 1 1
split_gain=665.153 61.6497 110.189 63.6656
threshold=-3.498293280601501 0.20598043501377108 5.5820000171661386 0.55825001001358043
decision_type=2 2 2 2
left_child=-1 3 -3 -2
right_child=1 2 -4 -5
leaf_value=0.050205129036679091 -0.014109409312488455 -0.93759048601831152 0.087411389342602439 0.096388591568775495
leaf_weight=99467.370727777481 130493.22255057096 10088.927706003189 10085.343343853951 44499.72759526968
leaf_count=106675 119699 4215 10879 52961
internal_value=0.00121149 -1.75173e-05 -0.00191473 0.000200904
internal_weight=294635 195167 20174.3 174993
internal_count=294429 187754 15094 172660
is_linear=0
shrinkage=0.0362406


Tree=57
num_leaves=5
num_cat=0
split_feature=0 3 1 0
split_gain=661.225 58.7691 188.547 43.4409
threshold=-3.498293280601501 0.0058436982799321422 0.185249999165535 1.0000000180025095e-35
decision_type=2 2 2 2
left_child=-1 3 -3 -2
right_child=1 2 -4 -5
leaf_value=0.04838566449449614 0.055302046934520351 -0.31810166174082183 0.028388942104072872 -1.5264462172427875
leaf_weight=99467.370727777481 67710.374265551567 32335.597421467304 94544.195149481297 577.05435919761658
leaf_count=106675 64757 19947 102960 90
internal_value=0.00121863 -6.74681e-06 -0.000468383 0.000850184
internal_weight=294635 195167 126880 68287.4
internal_count=294429 187754 122907 64847
is_linear=0
shrinkage=0.0362406


Tree=58
num_leaves=5
num_cat=0
split_feature=0 3 1 1
split_gain=658.253 56.6324 219.038 42.748
threshold=-3.498293280601501 0.016225347295403484 0.46725000441074377 0.095249999314546599
decision_type=2 2 2 2
left_child=-1 3 -3 -2
right_child=1 2 -4 -5
leaf_value=0.04663213845867261 -0.019348561338458754 -0.50750965159004968 0.042022566199387656 0.068995619963579072
leaf_weight=99467.370727777481 50522.025824427605 23410.619904220104 56745.644186913967 64488.931280136108
leaf_count=106675 41840 13701 62976 69237
internal_value=0.00122404 8.6425e-07 -0.00073833 0.000516516
internal_weight=294635 195167 80156.3 115011
internal_count=294429 187754 76677 111077
is_linear=0
shrinkage=0.0362406


Tree=59
num_leaves=5
num_cat=0
split_feature=0 3 1 0
split_gain=648.93 51.5573 169.853 36.3493
threshold=-3.498293280601501 0.0066026686690747747 0.185249999165535 1.0000000180025095e-35
decision_type=2 2 2 2
left_child=-1 3 -3 -2
right_child=1 2 -4 -5
leaf_value=0.044942161277462027 0.049715904079131568 -0.34728293962933526 0.025961781685125737 -1.4575084269731422
leaf_weight=99467.370727777481 73912.727377295494 28340.495499074459 92315.050298392773 598.94802093505859
leaf_count=106675 70811 16464 100370 109
internal_value=0.00124108 2.66019e-05 -0.000435996 0.000776405
internal_weight=294635 195167 120656 74511.7
internal_count=294429 187754 116834 70920
is_linear=0
shrinkage=0.0362406


Tree=60
num_leaves=5
num_cat=0
split_feature=0 3 2 2
split_gain=641.228 50.3045 82.7515 58.9103
threshold=-3.498293280601501 0.16299287974834445 4.4820000000000002 0.82425000000000004
decision_type=2 2 2 2
left_child=-1 3 -3 -2
right_child=1 2 -4 -5
leaf_value=0.043313429901556795 -0.0039200393968197777 -0.8305369232252604 0.070381817655445461 0.11020787770333364
leaf_weight=99340.97464466095 140982.27351760864 11394.879580616951 11618.862373292446 30642.414550244808
leaf_count=106298 131664 5037 13013 37618
internal_value=0.00125433 4.48588e-05 -0.0015458 0.000258481
internal_weight=293979 194638 23013.7 171625
internal_count=293630 187332 18050 169282
is_linear=0
shrinkage=0.0362406


Tree=61
num_leaves=7
num_cat=0
split_feature=1 3 2 3 2 1
split_gain=555.855 57.4156 91.7911 15.2074 3.36053 2.41969
threshold=0.03024999983608723 0.0029940410749986772 0.11025000000000001 0.00079428977915085863 0.030250000000000003 0.05725000053644181
decision_type=2 2 2 2 2 2
left_child=3 5 -3 -1 -5 -2
right_child=1 2 -4 4 -6 -7
leaf_value=0.041743724745562989 0.046510876234529354 -0.16560280091709634 0.028900094000146887 0.062360069474496321 0.062360069474496321 0.10545228761946908
leaf_weight=89917.433062314987 12294.791462481022 43179.21409714222 120310.35919737816 5725.2579687833786 3010.0814375281334 19542.267440795898
leaf_count=101300 11863 27027 129185 3115 1859 19281
internal_value=0.00126498 0.000144751 -0.000129134 0.00348239 0.00202423 0.00155287
internal_weight=293979 195327 163490 98652.8 8735.34 31837.1
internal_count=293630 187356 156212 106274 4974 31144
is_linear=0
shrinkage=0.0362406


Tree=62
num_leaves=5
num_cat=0
split_feature=0 2 0 2
split_gain=636.54 38.3112 455.236 6.85815
threshold=-3.498293280601501 0.27125000000000005 -1.1736056208610532 0.82425000000000004
decision_type=2 2 2 2
left_child=-1 2 -2 -3
right_child=1 3 -4 -5
leaf_value=0.040230906663217096 0.0048311222051341763 0.020569639347474765 -1.8404936555208782 0.074211113201269691
leaf_weight=99340.97464466095 105649.48837894201 37777.650569677353 4100.5502932071686 47110.740779936314
leaf_count=106298 90376 41552 728 54676
internal_value=0.00126301 5.79587e-05 -0.000388896 0.000636324
internal_weight=293979 194638 109750 84888.4
internal_count=293630 187332 91104 96228
is_linear=0
shrinkage=0.0362406


Tree=63
num_leaves=5
num_cat=0
split_feature=0 3 2 2
split_gain=632.673 46.3393 176.526 46.1695
threshold=-3.498293280601501 0.025012734346091751 0.82425000000000004 0.11725000000000002
decision_type=2 2 2 2
left_child=-1 3 -3 -2
right_child=1 2 -4 -5
leaf_value=0.038772914032222806 -0.016861021072018235 -0.52053246974606271 0.061407246195042182 0.063714558039364766
leaf_weight=99340.97464466095 63897.523259878159 23710.400519311428 41184.648274242878 65845.857968330383
leaf_count=106298 53231 13710 47227 73164
internal_value=0.00127019 6.88044e-05 -0.000721526 0.000464533
internal_weight=293979 194638 64895 129743
internal_count=293630 187332 60937 126395
is_linear=0
shrinkage=0.0362406


Tree=64
num_leaves=7
num_cat=0
split_feature=1 3 2 3 2 1
split_gain=555.493 52.7032 90.668 12.5256 4.43909 3.47941
threshold=0.03024999983608723 0.0034373645903542642 0.16425000000000003 0.00079428977915085863 0.030250000000000003 0.05725000053644181
decision_type=2 2 2 2 2 2
left_child=3 5 -3 -1 -5 -2
right_child=1 2 -4 4 -6 -7
leaf_value=0.037367759944735103 0.041962146951908141 -0.1418108610621234 0.035807314795602153 0.05723695574798178 0.05723695574798178 0.096290349871604605
leaf_weight=89917.433062314987 13594.764084339142 53933.991327822208 103332.21132194996 5725.2579687833786 3010.0814375281334 24465.665463685989
leaf_count=101300 13073 36189 113836 3115 1859 24258
internal_value=0.00127852 0.000158658 -0.000133884 0.00349521 0.00216903 0.00136885
internal_weight=293979 195327 157266 98652.8 8735.34 38060.4
internal_count=293630 187356 150025 106274 4974 37331
is_linear=0
shrinkage=0.0362406


Tree=65
num_leaves=7
num_cat=0
split_feature=1 3 1 3 3 2
split_gain=548.569 48.6539 106.55 12.701 9.02811 3.23144
threshold=0.03024999983608723 0.0051846841815859088 0.16025000065565112 0.00079428977915085863 0.00279561709612608 0.030250000000000003
decision_type=2 2 2 2 2 2
left_child=3 4 -3 -1 -2 -5
right_child=1 2 -4 5 -6 -7
leaf_value=0.03601352949966289 0.057710149091135581 -0.23237254488127562 0.02560761216699153 0.0551626535106573 0.03940663239555077 0.0551626535106573
leaf_weight=89850.315725624561 28305.12405115366 31777.26261985302 100814.03920453787 5708.1929428577423 33888.015514612198 3109.7617902755737
leaf_count=101297 27934 20019 108732 3106 30667 1840
internal_value=0.00129211 0.000176605 -0.000215333 0.00349368 0.00101305 0.00216534
internal_weight=293453 194784 132591 98668.3 62193.1 8817.95
internal_count=293595 187352 128751 106243 58601 4946
is_linear=0
shrinkage=0.0362406


Tree=66
num_leaves=5
num_cat=0
split_feature=0 3 0 2
split_gain=622.186 40.6466 66.9748 42.3695
threshold=-3.498293280601501 0.27077753841876989 -1.0634867548942564 0.82425000000000004
decision_type=2 2 2 2
left_child=-1 3 -3 -2
right_child=1 2 -4 -5
leaf_value=0.034708377193100257 -0.0010958325766586901 0.60412653511177927 -0.55416397342186574 0.093071176744340178
leaf_weight=99400.835443794727 141882.27776092291 3442.8064168691635 13057.053474128246 35669.738753199577
leaf_count=106310 131671 388 11703 43523
internal_value=0.0012919 9.72799e-05 -0.00162278 0.000257439
internal_weight=293453 194052 16499.9 177552
internal_count=293595 187285 12091 175194
is_linear=0
shrinkage=0.0362406


Tree=67
num_leaves=7
num_cat=0
split_feature=1 3 1 3 1 2
split_gain=548.426 46.7768 74.5271 12.8272 3.91264 3.32418
threshold=0.03024999983608723 0.0034373645903542642 0.10725000128149988 0.00079428977915085863 0.05725000053644181 0.030250000000000003
decision_type=2 2 2 2 2 2
left_child=3 4 -3 -1 -2 -5
right_child=1 2 -4 5 -6 -7
leaf_value=0.033450524403330101 0.037092109272506717 -0.18417042438025769 0.023816870917196413 0.051905672463651936 0.09079919237648014 0.051905672463651936
leaf_weight=89850.315725624561 13691.345776498318 35173.803776264191 121714.63963568211 5708.1929428577423 24204.652201712132 3109.7617902755737
leaf_count=101297 13119 21968 128119 3106 24146 1840
internal_value=0.00129176 0.000176409 -9.92875e-05 0.00349305 0.00131919 0.00215828
internal_weight=293453 194784 156888 98668.3 37896 8817.95
internal_count=293595 187352 150087 106243 37265 4946
is_linear=0
shrinkage=0.0362406


Tree=68
num_leaves=7
num_cat=0
split_feature=1 3 1 1 3 2
split_gain=547.779 46.8639 120.736 15.633 12.8272 3.32418
threshold=0.03024999983608723 0.0085136448033154028 0.23125000298023227 0.052249999716877944 0.00079428977915085863 0.030250000000000003
decision_type=2 2 2 2 2 2
left_child=4 3 -3 -2 -1 -6
right_child=1 2 -4 -5 5 -7
leaf_value=0.032238256966972752 -0.012782264314412244 -0.33569823765747964 0.026253097910469168 0.067794275296031992 0.050024579188963213 0.050024579188963213
leaf_weight=89850.315725624561 17720.059361517429 24893.452656328678 82856.515299022198 69314.414073288441 5708.1929428577423 3109.7617902755737
leaf_count=101297 15824 14351 90131 67046 3106 1840
internal_value=0.00129306 0.000178364 -0.00032649 0.000804001 0.00349305 0.00215828
internal_weight=293453 194784 107750 87034.5 98668.3 8817.95
internal_count=293595 187352 104482 82870 106243 4946
is_linear=0
shrinkage=0.0362406


Tree=69
num_leaves=7
num_cat=0
split_feature=1 3 1 1 3 2
split_gain=547.032 46.3681 137.072 24.257 12.8849 3.36682
threshold=0.03024999983608723 0.041683901101350791 1.4242500066757204 0.24724999815225604 0.00079428977915085863 0.030250000000000003
decision_type=2 2 2 2 2 2
left_child=4 3 -3 -2 -1 -6
right_child=1 2 -4 -5 5 -7
leaf_value=0.031069922842976456 0.01260431214547484 -0.54938653603972409 0.064010761241159786 0.069440874603973288 0.048211657883543486 0.048211657883543486
leaf_weight=89850.315725624561 96376.366198658943 18978.45896679163 31493.47257065773 47936.143654048443 5708.1929428577423 3109.7617902755737
leaf_count=101297 85498 10596 35313 55945 3106 1840
internal_value=0.00129428 0.000180339 -0.000764705 0.000511239 0.00349276 0.00215507
internal_weight=293453 194784 50471.9 144313 98668.3 8817.95
internal_count=293595 187352 45909 141443 106243 4946
is_linear=0
shrinkage=0.0362406


Tree=70
num_leaves=5
num_cat=0
split_feature=0 3 2 2
split_gain=632.491 43.3169 173.38 33.4194
threshold=-3.498293280601501 0.02272139769047499 0.5192500000000001 0.058250000000000003
decision_type=2 2 2 2
left_child=-1 3 -3 -2
right_child=1 2 -4 -5
leaf_value=0.02994392986126625 -0.037307080484528042 -0.64112450009504673 0.039404525517246519 0.047569831767444809
leaf_weight=99054.317794024944 23701.707378685474 19718.208482682705 48731.997139930725 102136.52445495129
leaf_count=106315 20494 9260 55086 102484
internal_value=0.00126669 6.48313e-05 -0.000668539 0.000464185
internal_weight=293343 194288 68450.2 125838
internal_count=293639 187324 64346 122978
is_linear=0
shrinkage=0.0362406


Tree=71
num_leaves=7
num_cat=0
split_feature=1 3 1 3 3 2
split_gain=557.486 46.5346 160.698 17.2365 12.2492 3.40157
threshold=0.03024999983608723 0.016225347295403484 0.50925001502037059 0.00279561709612608 0.00079428977915085863 0.030250000000000003
decision_type=2 2 2 2 2 2
left_child=4 3 -3 -2 -1 -6
right_child=1 2 -4 -5 5 -7
leaf_value=0.028858743552983214 0.052012814844256447 -0.43640335213282466 0.044655932281507049 0.022151636960440028 0.045379251645303174 0.045379251645303174
leaf_weight=89507.903814077377 28479.64759349823 24719.706771016121 55358.655942499638 86450.184494495392 5786.0751833319664 3040.581451356411
leaf_count=101268 27982 15042 61451 82916 3138 1842
internal_value=0.00127059 0.000148403 -0.000521906 0.000615921 0.00349544 0.00219128
internal_weight=293343 195008 80078.4 114930 98334.6 8826.66
internal_count=293639 187391 76493 110898 106248 4980
is_linear=0
shrinkage=0.0362406


Tree=72
num_leaves=7
num_cat=0
split_feature=1 3 1 1 3 2
split_gain=555.584 44.5536 145.77 24.9804 12.4037 3.52228
threshold=0.03024999983608723 0.03036562912166119 0.55825001001358043 0.24724999815225604 0.00079428977915085863 0.030250000000000003
decision_type=2 2 2 2 2 2
left_child=4 3 -3 -2 -1 -6
right_child=1 2 -4 -5 5 -7
leaf_value=0.02781288505935714 0.012089482035715146 -0.79204770496372823 0.03154777990168426 0.072033459781072423 0.043734679847487357 0.043734679847487357
leaf_weight=89507.903814077377 94869.953594267368 14979.095999062061 44512.719533622265 40646.425674557686 5786.0751833319664 3040.581451356411
leaf_count=101268 84846 6180 48776 47589 3138 1842
internal_value=0.0012736 0.000153328 -0.000673026 0.000516501 0.00349465 0.0021825
internal_weight=293343 195008 59491.8 135516 98334.6 8826.66
internal_count=293639 187391 54956 132435 106248 4980
is_linear=0
shrinkage=0.0362406


Tree=73
num_leaves=5
num_cat=0
split_feature=0 2 0 1
split_gain=626.048 28.1302 339.347 5.30577
threshold=-3.498293280601501 0.25125000000000003 -1.2828360795974729 2.7007499933242802
decision_type=2 2 2 2
left_child=-1 2 -2 -3
right_child=1 3 -4 -5
leaf_value=0.026804929116362963 0.0067286428637756759 0.024545882937247843 -1.6230431546732005 0.097688637859156352
leaf_weight=99054.317794024944 101852.67551374435 65854.36784183979 4378.2994729280472 22203.094627737999
leaf_count=106315 87131 73445 798 25950
internal_value=0.00127872 8.29966e-05 -0.000313697 0.000562177
internal_weight=293343 194288 106231 88057.5
internal_count=293639 187324 87929 99395
is_linear=0
shrinkage=0.0362406


Tree=74
num_leaves=5
num_cat=0
split_feature=0 3 0 1
split_gain=625.835 39.5049 74.3455 36.3799
threshold=-3.498293280601501 0.27077753841876989 -1.1736056208610532 1.4242500066757204
decision_type=2 2 2 2
left_child=-1 3 -3 -2
right_child=1 2 -4 -5
leaf_value=0.025833502112414444 0.0023394406330193777 0.7514294328345873 -0.54002570236044201 0.10500829279327341
leaf_weight=99054.317794024944 153587.46438205242 3342.1614083051682 13328.834755122662 24029.976910769939
leaf_count=106315 145862 375 11765 29322
internal_value=0.00127912 8.35993e-05 -0.0016027 0.000242188
internal_weight=293343 194288 16671 177617
internal_count=293639 187324 12140 175184
is_linear=0
shrinkage=0.0362406


Tree=75
num_leaves=7
num_cat=0
split_feature=3 3 2 1 1 2
split_gain=542.922 33.1254 49.1557 3.24326 3.16498 0.481386
threshold=0.00079428977915085863 0.0036539272405207161 0.25125000000000003 0.052249999716877944 0.034250000491738326 0.092250000000000013
decision_type=2 2 2 2 2 2
left_child=4 3 -3 -2 -1 -6
right_child=1 2 -4 -5 5 -7
leaf_value=0.024897280216448263 0.028185952629045177 -0.067211727784022748 0.040936712273021633 0.073446911975829518 0.13999436960206044 -0.0030389500561850994
leaf_weight=90790.626531600952 14955.744520545006 72018.43481862545 87265.624717116356 28078.90261733532 824.22266680002213 104.36085200309753
leaf_count=101958 13869 50822 98006 28016 722 128
internal_value=0.00128608 0.000237277 -3.42049e-06 0.00112941 0.00359898 0.00139453
internal_weight=294038 202319 159284 43034.6 91719.2 928.584
internal_count=293521 190713 148828 41885 102808 850
is_linear=0
shrinkage=0.0362406


Tree=76
num_leaves=7
num_cat=0
split_feature=3 3 1 1 1 2
split_gain=544.529 31.6933 89.4123 21.1595 3.26075 0.467945
threshold=0.00079428977915085863 0.03036562912166119 1.4242500066757204 0.24724999815225604 0.034250000491738326 0.092250000000000013
decision_type=2 2 2 2 2 2
left_child=4 3 -3 -2 -1 -6
right_child=1 2 -4 -5 5 -7
leaf_value=0.023994987573847437 0.014153740942422216 -0.32057421028289285 0.069280121676610837 0.068106817996582608 0.13492088813744527 -0.0029288166499218914
leaf_weight=90790.626531600952 100046.85902947187 28229.314672529697 33588.504864156246 40454.028107464314 824.22266680002213 104.36085200309753
leaf_count=101958 88175 17242 37873 47423 722 128
internal_value=0.00128236 0.000231997 -0.000451345 0.000533043 0.00359867 0.00136405
internal_weight=294038 202319 61817.8 140501 91719.2 928.584
internal_count=293521 190713 55115 135598 102808 850
is_linear=0
shrinkage=0.0362406


Tree=77
num_leaves=5
num_cat=0
split_feature=0 3 2 2
split_gain=630.269 30.6489 94.2692 34.3722
threshold=-3.498293280601501 0.08049460127949716 1.4455000000000002 0.25125000000000003
decision_type=2 2 2 2
left_child=-1 3 -3 -2
right_child=1 2 -4 -5
leaf_value=0.023125394567745608 -0.0067464651152507101 -0.89275582814198184 0.043641984404926483 0.057995843033957377
leaf_weight=99677.186786651611 99305.480729281902 12136.848202884197 23643.079527199268 59275.321478009224
leaf_count=106401 86941 3918 26436 69825
internal_value=0.00128053 7.86673e-05 -0.000879022 0.000295094
internal_weight=294038 194361 35779.9 158581
internal_count=293521 187120 30354 156766
is_linear=0
shrinkage=0.0362406


Tree=78
num_leaves=5
num_cat=0
split_feature=0 3 2 2
split_gain=626.162 28.3544 71.3823 35.6658
threshold=-3.498293280601501 0.11096441373229028 2.7235000000000005 0.25125000000000003
decision_type=2 2 2 2
left_child=-1 3 -3 -2
right_child=1 2 -4 -5
leaf_value=0.022287316143342725 -0.0098792613265197386 -0.66764068354597106 0.064184758873388717 0.055120097311164629
leaf_weight=99677.186786651611 100259.43334436417 12859.735070466995 16838.795284450054 64402.766238093376
leaf_count=106401 87162 5387 18860 75711
internal_value=0.00128818 9.02331e-05 -0.00094003 0.000276386
internal_weight=294038 194361 29698.5 164662
internal_count=293521 187120 24247 162873
is_linear=0
shrinkage=0.0362406


Tree=79
num_leaves=5
num_cat=0
split_feature=0 3 2 2
split_gain=624.276 27.4245 86.9607 15.8542
threshold=-3.498293280601501 0.0036539272405207161 0.092250000000000013 0.03425000000000001
decision_type=2 2 2 2
left_child=-1 3 -3 -2
right_child=1 2 -4 -5
leaf_value=0.021479610192948535 -0.032776860966339465 -0.25322456865166704 0.019181836951239969 0.062293783698846958
leaf_weight=99677.186786651611 3414.8886193037033 29837.523675262928 123298.19504249096 37810.122600317001
leaf_count=106401 3208 16603 130130 37179
internal_value=0.00129169 9.55555e-05 -0.000127493 0.000925398
internal_weight=294038 194361 153136 41225
internal_count=293521 187120 146733 40387
is_linear=0
shrinkage=0.0362406


Tree=80
num_leaves=5
num_cat=0
split_feature=0 3 1 0
split_gain=619.539 31.9551 118.374 31.265
threshold=-3.498293280601501 0.010404898319393398 0.24724999815225604 0.59567213058471691
decision_type=2 2 2 2
left_child=-1 3 -3 -2
right_child=1 2 -4 -5
leaf_value=0.020701175999553095 0.036232993894496426 -0.40161549712194133 0.020745240023603922 -1.8499455043833009
leaf_weight=98843.117460370064 95772.665042459965 21485.759924530983 76570.086695313454 517.62870717048645
leaf_count=106102 92484 11167 83759 86
internal_value=0.00128749 9.91263e-05 -0.000361036 0.000568289
internal_weight=293189 194346 98055.8 96290.3
internal_count=293598 187496 94926 92570
is_linear=0
shrinkage=0.0362406


Tree=81
num_leaves=5
num_cat=0
split_feature=0 3 0 1
split_gain=618.13 30.7257 77.5679 34.8489
threshold=-3.498293280601501 0.20598043501377108 -1.0634867548942564 0.81224998831748974
decision_type=2 2 2 2
left_child=-1 3 -3 -2
right_child=1 2 -4 -5
leaf_value=0.019950952736803224 0.00036313411750331267 0.82112513475987059 -0.4361970376143024 0.075353570899170511
leaf_weight=98843.117460370064 140483.53636848927 4093.4064610004425 15977.298938035965 33791.898601949215
leaf_count=106102 131406 484 14642 40964
internal_value=0.00129014 0.000103136 -0.00123911 0.000258037
internal_weight=293189 194346 20070.7 174275
internal_count=293598 187496 15126 172370
is_linear=0
shrinkage=0.0362406


Tree=82
num_leaves=5
num_cat=0
split_feature=0 3 1 1
split_gain=617.932 29.1269 106.187 29.4561
threshold=-3.498293280601501 0.010404898319393398 0.24724999815225604 0.052249999716877944
decision_type=2 2 2 2
left_child=-1 3 -3 -2
right_child=1 2 -4 -5
leaf_value=0.019227918023340757 -0.034014924787324076 -0.38944371572880354 0.020018655697338999 0.053377693671083387
leaf_weight=98843.117460370064 18502.926524817944 21485.759924530983 76570.086695313454 77787.367224812508
leaf_count=106102 16399 11167 83759 76171
internal_value=0.00129052 0.000103701 -0.000335605 0.000551626
internal_weight=293189 194346 98055.8 96290.3
internal_count=293598 187496 94926 92570
is_linear=0
shrinkage=0.0362406


Tree=83
num_leaves=5
num_cat=0
split_feature=0 3 2 2
split_gain=616.383 27.873 128.475 29.7551
threshold=-3.498293280601501 0.041683901101350791 0.97750000000000015 0.048250000000000008
decision_type=2 2 2 2
left_child=-1 3 -3 -2
right_child=1 2 -4 -5
leaf_value=0.018531086529532427 -0.045823727150989549 -0.59894608466320098 0.053828362817064622 0.034367605204817964
leaf_weight=98843.117460370064 16198.105279624462 16552.744211137295 33733.398422718048 127861.89245599508
leaf_count=106102 14018 7453 38441 127584
internal_value=0.00129344 0.000108114 -0.000626073 0.000364772
internal_weight=293189 194346 50286.1 144060
internal_count=293598 187496 45894 141602
is_linear=0
shrinkage=0.0362406


Tree=84
num_leaves=5
num_cat=0
split_feature=0 3 2 2
split_gain=615.557 26.1139 60.4341 7.31871
threshold=-3.498293280601501 0.0032089898595586423 0.10425000000000002 0.03425000000000001
decision_type=2 2 2 2
left_child=-1 3 -3 -2
right_child=1 2 -4 -5
leaf_value=0.017859508634692725 -0.022197205445269312 -0.14713927164613358 0.020729211467582588 0.064907012446509996
leaf_weight=98843.117460370064 3187.6704399585724 38191.97796356678 121302.23898851871 31664.25297743082
leaf_count=106102 2976 23028 130064 31428
internal_value=0.001295 0.000110467 -8.55951e-05 0.00100925
internal_weight=293189 194346 159494 34851.9
internal_count=293598 187496 153092 34404
is_linear=0
shrinkage=0.0362406


Tree=85
num_leaves=5
num_cat=0
split_feature=0 3 1 1
split_gain=618.329 32.8785 65.616 29.7128
threshold=-3.498293280601501 0.27077753841876989 8.3677501678466815 2.7007499933242802
decision_type=2 2 2 2
left_child=-1 3 -3 -2
right_child=1 2 -4 -5
leaf_value=0.017212269132969832 0.007388523944047677 -0.86310825364552179 0.11210252753832195 0.1327431532106137
leaf_weight=99136.229754447937 164965.73343545198 8704.9955525994301 8054.767390370369 12435.953514456749
leaf_count=106374 160109 3531 8702 15255
internal_value=0.00129476 0.000105457 -0.00142833 0.000250673
internal_weight=293298 194161 16759.8 177402
internal_count=293971 187597 12233 175364
is_linear=0
shrinkage=0.0362406


Tree=86
num_leaves=5
num_cat=0
split_feature=0 3 0 1
split_gain=617.161 28.6013 63.4499 28.2479
threshold=-3.498293280601501 0.27077753841876989 -1.0634867548942564 2.7007499933242802
decision_type=2 2 2 2
left_child=-1 3 -3 -2
right_child=1 2 -4 -5
leaf_value=0.016588485986131014 0.0071207593233165263 0.77085753125339085 -0.46720455970234265 0.12793246025715432
leaf_weight=99136.229754447937 164965.73343545198 3397.0850939750671 13362.677848994732 12435.953514456749
leaf_count=106374 160109 382 11851 15255
internal_value=0.00129696 0.000108782 -0.00132171 0.000244238
internal_weight=293298 194161 16759.8 177402
internal_count=293971 187597 12233 175364
is_linear=0
shrinkage=0.0362406


Tree=87
num_leaves=5
num_cat=0
split_feature=0 3 0 2
split_gain=617.37 25.3377 57.712 25.908
threshold=-3.498293280601501 0.27077753841876989 -1.1200916171073911 2.3952500000000003
decision_type=2 2 2 2
left_child=-1 3 -3 -2
right_child=1 2 -4 -5
leaf_value=0.015987309121547843 0.0065039745504491542 0.75674391171794753 -0.44838816755016375 0.11370457598053574
leaf_weight=99136.229754447937 163022.77596747875 3319.2030529975891 13440.55988997221 14378.910982429981
leaf_count=106374 157520 372 11861 17844
internal_value=0.00129657 0.000108186 -0.00123818 0.000235694
internal_weight=293298 194161 16759.8 177402
internal_count=293971 187597 12233 175364
is_linear=0
shrinkage=0.0362406


end of trees

feature_importances:
price_log=121
price_std_7d=117
price_lag_3d=95
price_lag_1d=91

parameters:
[boosting: gbdt]
[objective: quantile]
[metric: quantile]
[tree_learner: serial]
[device_type: cpu]
[data_sample_strategy: bagging]
[data: ]
[valid: ]
[num_iterations: 1000]
[learning_rate: 0.0362406]
[num_leaves: 23]
[num_threads: -1]
[seed: 57]
[deterministic: 0]
[force_col_wise: 0]
[force_row_wise: 0]
[histogram_pool_size: -1]
[max_depth: 3]
[min_data_in_leaf: 5]
[min_sum_hessian_in_leaf: 0.001]
[bagging_fraction: 0.7]
[pos_bagging_fraction: 1]
[neg_bagging_fraction: 1]
[bagging_freq: 5]
[bagging_seed: 30554]
[bagging_by_query: 0]
[feature_fraction: 0.8]
[feature_fraction_bynode: 1]
[feature_fraction_seed: 30558]
[extra_trees: 0]
[extra_seed: 6244]
[early_stopping_round: 0]
[early_stopping_min_delta: 0]
[first_metric_only: 0]
[max_delta_step: 0]
[lambda_l1: 1.5]
[lambda_l2: 1]
[linear_lambda: 0]
[min_gain_to_split: 0.1]
[drop_rate: 0.1]
[max_drop: 50]
[skip_drop: 0.5]
[xgboost_dart_mode: 0]
[uniform_drop: 0]
[drop_seed: 23688]
[top_rate: 0.2]
[other_rate: 0.1]
[min_data_per_group: 100]
[max_cat_threshold: 32]
[cat_l2: 10]
[cat_smooth: 10]
[max_cat_to_onehot: 4]
[top_k: 20]
[monotone_constraints: ]
[monotone_constraints_method: basic]
[monotone_penalty: 0]
[feature_contri: ]
[forcedsplits_filename: ]
[refit_decay_rate: 0.9]
[cegb_tradeoff: 1]
[cegb_penalty_split: 0]
[cegb_penalty_feature_lazy: ]
[cegb_penalty_feature_coupled: ]
[path_smooth: 0]
[interaction_constraints: ]
[verbosity: -1]
[saved_feature_importance_type: 0]
[use_quantized_grad: 0]
[num_grad_quant_bins: 4]
[quant_train_renew_leaf: 0]
[stochastic_rounding: 1]
[linear_tree: 0]
[max_bin: 63]
[max_bin_by_feature: ]
[min_data_in_bin: 3]
[bin_construct_sample_cnt: 200000]
[data_random_seed: 224]
[is_enable_sparse: 1]
[enable_bundle: 1]
[use_missing: 1]
[zero_as_missing: 0]
[feature_pre_filter: 0]
[pre_partition: 0]
[two_round: 0]
[header: 0]
[label_column: ]
[weight_column: ]
[group_column: ]
[ignore_column: ]
[categorical_feature: ]
[forcedbins_filename: ]
[precise_float_parser: 0]
[parser_config_file: ]
[objective_seed: 6962]
[num_class: 1]
[is_unbalance: 0]
[scale_pos_weight: 1]
[sigmoid: 1]
[boost_from_average: 1]
[reg_sqrt: 0]
[alpha: 0.1]
[fair_c: 1]
[poisson_max_delta_step: 0.7]
[tweedie_variance_power: 1.5]
[lambdarank_truncation_level: 30]
[lambdarank_norm: 1]
[label_gain: ]
[lambdarank_position_bias_regularization: 0]
[eval_at: ]
[multi_error_top_k: 1]
[auc_mu_weights: ]
[num_machines: 1]
[local_listen_port: 12400]
[time_out: 120]
[machine_list_filename: ]
[machines: ]
[gpu_platform_id: -1]
[gpu_device_id: -1]
[gpu_use_dp: 0]
[num_gpu: 1]

end of parameters

pandas_categorical:[]
