tree
version=v4
num_class=1
num_tree_per_iteration=1
label_index=0
max_feature_idx=38
objective=quantile
feature_names=price_lag_1d return_1d return_3d return_7d return_14d return_30d return_60d price_std_7d price_std_14d price_std_30d price_std_60d price_zscore_30d vol_regime_60_30 trend_divergence_30_60 price_accel_7d price_log price_tier log_return_1d log_return_7d autocorr_1d autocorr_7d bb_pct_b bb_width rsi_14 macd_line macd_signal macd_histogram volume_missing volume_lag_1d volume_lag_7d volume_std_30d volume_mean_60d volume_log_change_1d volume_log_change_7d volume_zscore_30d volume_price_conf_7d volume_price_conf_1d rsi_missing macd_missing
feature_infos=[0.029999999329447746:449.08499145507812] [-99.944244384765625:500] [-99.944244384765625:500] [-99.634101867675781:500] [-99.634101867675781:500] [-99.529632568359375:500] [-99.696243286132812:500] [0:82.714279174804688] [0:60.404327392578125] [0:66.041351318359375] [0:83.876434326171875] [-4.9878606796264648:5.2946515083312988] [0.70178574323654175:3191.88232421875] [-299759592013824:2771.76318359375] [-599.63409423828125:597.15875244140625] [-3.5065579414367676:6.1072120666503906] [0:4] [-7.4919800758361816:7.4919800758361816] [-5.610569953918457:7.4919800758361816] [-49972.125:104660.375] [-49817.05078125:133939.390625] [-0.54071199893951416:1.5621322393417358] [0.0016972259618341923:17.690479278564453] [0:99.998138427734375] [-23.050159454345703:37.798225402832031] [-20.377595901489258:34.973644256591797] [-9.5351839065551758:14.867011070251465] none [1:378600] [1:372357] [0:87607.3984375] [1:297578] [-6.308098316192627:10.422162055969238] [-6.7117404937744141:9.4828834533691406] [-4.9106183052062988:5.2923283576965332] [-99.39617919921875:500] [-99.944244384765625:500] [0:1] [0:1]
tree_sizes=5001 5254 5386 5155 5369 5275 5288 5053 6561 6550 5362

Tree=0
num_leaves=47
num_cat=0
split_feature=2 15 1 22 38 1 5 1 2 1 14 3 34 31 31 7 22 26 22 34 22 0 1 34 24 26 15 0 30 15 7 11 22 11 16 12 34 11 7 38 12 15 26 0 22 20
split_gain=3446.47 813.92 636.885 517.385 440.325 363.981 166.12 82.6865 67.7544 67.087 48.7546 48.3985 43.0637 35.0397 46.8703 34.1689 23.6362 21.6697 31.2785 17.2268 16.3936 15.5936 14.278 14.2336 14.1511 12.5132 11.1645 10.7727 17.3359 10.1896 9.26229 9.06217 8.92626 8.66059 8.20387 7.28919 6.52093 6.16665 5.94477 5.51856 5.27325 5.20439 4.8573 4.0307 2.83079 1.80276
threshold=11.542535781860353 -3.498293280601501 23.2382345199585 0.21600311249494555 1.0000000180025095e-35 9.4791135787963885 32.078548431396491 9.4791135787963885 21.965879440307621 5.0233771800994882 56.945711135864265 9.3026485443115252 1.3463041782379153 26.92499923706055 340.55833435058599 0.01496762363240123 0.67172405123710643 -0.00041318425792269403 1.397558391094208 -0.35341800749301905 2.5542645454406743 0.044250000268220908 9.4791135787963885 1.7208421230316164 -0.0016221139812842009 -0.00030950712971389288 -3.263633012771606 0.091249998658895506 64.233142852783217 -3.263633012771606 0.16491369158029559 -0.22951653599739072 0.15304718911647799 0.38096617162227636 3.5000000000000004 0.76651698350906383 -0.21519058942794797 1.4010179042816164 0.0043888378422707328 1.0000000180025095e-35 0.7895849645137788 -2.6700387001037593 -0.0001425504306098446 0.068250000476837172 1.397558391094208 24.104043006896976
decision_type=2 2 2 2 2 2 2 2 2 2 2 2 2 2 2 2 2 2 2 2 2 2 2 2 2 2 2 2 2 2 2 2 2 2 2 2 2 2 2 2 2 2 2 2 2 2
left_child=1 -1 7 9 5 6 -5 8 16 32 19 -7 20 15 -15 -6 21 38 -19 35 24 -2 36 31 -9 -18 -24 42 -29 45 -22 44 34 -25 -3 -4 -11 -37 -10 -34 -31 -33 -21 -35 -12 -14
right_child=2 3 10 4 13 11 -8 12 17 22 23 -13 29 14 -16 -17 25 18 -20 27 30 -23 26 33 -26 -27 -28 28 -30 40 -32 41 39 43 -36 37 -38 -39 -40 -41 -42 -43 -44 -45 -46 -47
leaf_value=-7.5541495397652767 -8.026561805403496 -7.7190227673203182 -8.68107714870591 -7.8236762749696291 -10.46579244909098 -8.1052971672414049 -8.0455547271043759 -8.1420403928655549 -8.289013043066781 -7.8784405489873999 -7.9269209273711656 -8.3909200963707669 -8.250336036495284 -8.4710411002266675 -8.7078792034132224 -8.5150003345312051 -8.026561805403496 -8.441362801443173 -10.07417188965267 -8.5910186424780068 -8.5502164394105442 -7.9675102761408336 -7.8547755269895978 -8.5901854640179085 -8.4133593290206843 -8.3172770627776664 -7.9302033595833059 -8.6047073929923759 -8.3172770627776664 -7.7822106318904387 -8.4199359050766116 -9.2075924852675062 -7.7490631041299229 -10.777637442826896 -8.3156117155365568 -8.9001079715028233 -7.8171972825286735 -9.3909704085221275 -7.9897913489418206 -7.9377863196380316 -8.1300678421671098 -10.789553697354444 -9.105617347950016 -10.790020496134163 -8.7539930339719625 -8.026561805403496
leaf_weight=99710.301708579063 494.28531670570374 43046.599907457829 210.22321408987045 75481.78201842308 360.22848999500275 3266.5748755931854 10152.42900800705 945.43741327524185 13.012349128723143 1870.3129686117172 12.442225873470305 2101.3484690189362 52.3555508852005 5249.7783457040787 2285.8072747588158 398.69769459962845 795.48999279737473 1934.1144297719002 754.12994122505188 176.53633892536163 274.52812719345093 4216.7089288234711 90.097290456295013 19.360852062702179 2717.0977903008461 1098.5567026734352 738.67344719171524 289.13502991199493 141.12123942375183 132.39849251508713 109.4539053440094 265.58037889003754 27369.732374250889 184.18283915519714 145.46648609638214 283.04288637638092 2553.1822147369385 432.13108777999878 386.65991431474686 653.25042963027954 503.23130619525909 1937.3471199274063 675.99641168117523 262.26170039176941 19.619314193725586 5.6039646863937369
leaf_count=106624 512 51305 75 67866 66 2485 8141 719 5 2031 7 1569 49 1845 793 152 265 1668 237 77 45 4573 113 7 2441 654 870 234 88 51 18 150 33181 63 139 147 2932 334 194 419 539 508 431 143 8 6
internal_value=-7.81253 -7.81158 -7.82602 -7.81293 -7.81451 -7.81384 -7.81332 -7.82252 -7.82076 -7.81089 -7.83631 -7.8222 -7.8261 -7.8218 -7.82111 -7.8286 -7.81886 -7.82481 -7.82588 -7.83261 -7.82741 -7.8176 -7.81449 -7.83932 -7.82671 -7.82199 -7.81848 -7.83005 -7.8256 -7.81844 -7.83402 -7.84046 -7.81062 -7.83379 -7.81032 -7.83613 -7.81374 -7.83437 -7.81754 -7.81108 -7.81718 -7.84071 -7.83225 -7.83472 -7.82183 -7.83169
internal_weight=294816 275474 19342 175764 99296.6 91002.1 85634.2 14433.1 9692.96 76467.3 4908.98 5367.92 4740.11 8294.51 7535.59 758.926 6605.04 3087.92 2688.24 2208.19 4046.52 4710.99 5252.27 2700.79 3662.54 1894.05 828.771 1282.79 430.256 693.589 383.982 2234.99 71215 465.805 43192.1 925.397 4423.5 715.174 399.672 28023 635.63 2202.93 852.533 446.445 32.0615 57.9595
internal_count=294779 280531 14248 173907 82917 80061 76007 11976 8108 90990 2272 4054 3868 2856 2638 218 6004 2104 1905 1386 3223 5085 5946 886 3160 919 983 830 322 645 63 673 85044 213 51444 556 4963 481 199 33600 590 658 508 206 15 55
is_linear=0
shrinkage=1


Tree=1
num_leaves=48
num_cat=0
split_feature=2 15 1 22 1 37 3 1 12 1 31 22 12 3 22 22 22 4 1 0 35 12 33 0 33 10 0 2 22 33 8 4 22 11 8 12 23 11 32 23 13 8 28 32 9 32 2
split_gain=3244.64 795.706 634.106 484.907 197.202 168.511 139.161 130.414 123.607 82.02 67.7621 59.8673 54.1664 48.2852 43.1359 34.0121 31.6038 30.9345 29.3422 25.826 20.5408 19.9504 18.876 18.5783 18.562 15.2722 14.0776 13.7515 13.7244 10.537 10.5694 10.4291 10.5615 10.2441 10.2883 10.1379 10.0898 8.23296 8.18167 8.07489 5.99369 6.791 5.03517 4.95355 4.2633 4.13051 0.901968
threshold=11.542535781860353 -3.498293280601501 23.2382345199585 0.34831854701042181 9.4791135787963885 1.0000000180025095e-35 29.463113784790043 5.0233771800994882 0.94323155283927929 9.4791135787963885 24.305171966552738 0.67172405123710643 0.7895849645137788 9.3026485443115252 0.19293150305747989 0.16247605532407763 1.0516322255134585 15.807462692260744 9.4791135787963885 0.048250000923872001 53.821811676025398 0.73783251643180858 -0.14307051151990888 0.044250000268220908 0.3716017901897431 0.12115503102540971 0.03024999983608723 21.965879440307621 1.0516322255134585 1.2042430043220522 0.89794218540191661 -1.0000000180025095e-35 1.397558391094208 1.4010179042816164 0.14806649088859561 0.98903188109397899 52.500360488891609 1.0000000180025095e-35 1.1039435267448428 55.147901535034187 1.240929186344147 0.89794218540191661 176.50000000000003 -0.60033681988716114 0.020305653102695945 -1.3650606274604795 34.055976867675788
decision_type=2 2 2 2 2 2 2 2 2 2 2 2 2 2 2 2 2 2 2 2 2 2 2 2 2 2 2 2 2 2 2 2 2 2 2 2 2 2 2 2 2 2 2 2 2 2 2
left_child=1 -1 9 5 6 7 8 14 -5 11 19 23 29 25 -3 -12 -8 33 -9 -7 35 -15 31 37 38 -6 45 -25 -28 40 44 43 -33 34 -14 -13 -22 -2 -19 -26 46 -42 -35 -11 -31 -24 -4
right_child=2 3 12 4 13 10 16 18 -10 22 15 20 17 21 -16 -17 -18 24 -20 -21 36 -23 26 27 39 -27 28 -29 -30 30 -32 32 -34 42 -36 -37 -38 -39 -40 -41 41 -43 -44 -45 -46 -47 -48
leaf_value=0.24980710531587619 -0.12361615164560796 0.084213451779951001 -0.53964815733334681 -0.016853766843230554 -0.47316564855409204 -0.040877523552231447 -0.32917080620544453 -0.045024806752595459 -0.20425534943441295 -0.87093960181720809 0.0047376187956695544 -0.44209035123132479 -0.76876241977829973 -1.3497538196126777 0.027723195995123476 -1.3062876594571939 -0.80139545726071271 -2.555304522755812 -0.14532780792806727 -2.5967672249617899 -1.3474071821612228 -0.5707929398787952 -0.27292743486523646 -0.14988426318952572 -2.8658464033801523 -0.26254519939173299 -0.38315698558999933 -0.39760299378558595 -1.4191791807900029 -1.6795753777315077 -0.99761980742011991 -0.53162940562605543 -0.7806976349323782 -2.7591522968764695 -0.25678805638283742 -0.87284603369272928 -2.1982608997365065 -0.34648081474268927 -0.87774542591414451 -1.3489583687057314 -2.139886882859845 -1.3588562961456401 -2.3329933435376691 -0.29952967700937472 -2.9140197565213324 -0.27292743486523646 -2.8831087210985658
leaf_weight=99710.301708579063 120.57232463359833 61217.444466948509 158.02637541294098 28091.799346327782 2266.4299156069756 56.44568544626236 1042.6261360645294 7106.6885856389999 26415.353358209133 110.45153445005417 852.89232325553894 1882.9685076475143 411.87737792730331 286.64923614263535 40750.841555297375 1715.0647603869438 1086.9371287226677 1165.8869696259499 2097.8300477266312 297.16980934143066 70.410573303699493 1426.7011127471924 16.224586009979248 4216.7089288234711 125.36307406425476 1053.0878266692162 2165.7161964178085 1023.4608905315399 712.23730701208115 75.090589225292206 22.668445944786072 1143.9581608772278 222.66332179307938 211.88101369142532 97.721503257751465 1320.8647334575653 542.00076711177826 515.97084993124008 48.748247563838959 603.33602863550186 105.24710702896118 18.29194700717926 67.236820995807648 201.1347461938858 194.23452472686768 167.72069764137268 1603.3706135749817
leaf_count=106624 117 73916 76 13884 1362 60 997 8172 22772 75 277 859 250 52 47812 239 522 737 2369 38 14 1028 6 4573 45 407 2106 1011 236 56 5 1085 51 115 33 690 305 539 28 457 43 5 23 153 52 156 347
internal_value=2.76894e-05 0.000947022 -0.0130642 -0.000391524 -0.00275411 0.000885353 -0.00219619 0.00109153 -0.00187171 -0.00956917 -0.00695209 -0.00782016 -0.0233326 -0.00902763 0.00143193 -0.00507005 -0.0104889 -0.02019 -0.00267742 -0.02052 -0.0110501 -0.0135457 -0.0131398 -0.00571837 -0.0224537 -0.00668729 -0.0115662 -0.00506268 -0.0109794 -0.027258 -0.0210013 -0.0159924 -0.0172607 -0.0145703 -0.0116581 -0.00997026 -0.0166466 -0.0110737 -0.025012 -0.0181383 -0.0282068 -0.0203021 -0.0197675 -0.0103394 -0.022821 -0.0205479 -0.02874
internal_weight=294816 275474 19342 175764 61669.6 114094 56636.7 111173 54507.2 14433.1 2921.57 9692.96 4908.98 5032.87 101968 2567.96 2129.56 2732.05 9204.52 353.615 3816.24 1713.35 4740.11 5876.71 1943.33 3319.52 3061.9 5240.17 2877.95 2176.93 291.994 1678.21 1366.62 788.717 509.599 3203.83 612.411 636.543 1214.64 728.699 1884.94 123.539 279.118 311.586 269.325 183.945 1761.4
internal_count=294779 280531 14248 173907 41024 132883 38175 132269 36656 11976 614 8108 2272 2849 121728 516 1519 1688 10541 98 1868 1080 3868 6240 1267 1769 2504 5584 2342 584 113 1364 1136 421 283 1549 319 656 765 502 471 48 138 228 108 162 423
is_linear=0
shrinkage=0.0330689


Tree=2
num_leaves=49
num_cat=0
split_feature=2 15 1 22 1 24 24 1 1 22 22 18 26 34 21 34 34 22 0 5 14 34 34 1 34 34 15 30 2 8 4 15 22 22 28 28 0 34 22 4 11 34 30 0 11 26 15 2
split_gain=3004.72 770.581 630.713 445.55 218.012 151.029 331.411 74.8359 58.7692 55.7984 53.4362 41.1831 39.3454 35.1992 33.234 25.0159 22.3729 22.0613 20.2376 19.5675 19.2014 16.4315 12.9762 12.5321 12.0734 11.2524 10.9116 10.3027 9.57843 9.34166 9.17509 8.89495 8.48826 8.40314 7.43169 6.86938 9.60408 6.23139 5.93566 5.89438 5.89285 5.88908 4.21272 3.39331 3.26692 3.22715 1.67223 1.64177
threshold=11.542535781860353 -3.498293280601501 23.2382345199585 0.21600311249494555 9.4791135787963885 -8.0557725823382487e-07 1.0000000180025095e-35 9.4791135787963885 5.0233771800994882 2.5542645454406743 0.56537055969238292 0.14981999993324283 -0.0012804616126231847 1.3463041782379153 0.76586198806762706 2.3840564489364628 -0.27087041735649103 1.397558391094208 0.044250000268220908 -34.475725173950188 22.973298072814945 0.87061420083045971 0.21915631741285327 9.4791135787963885 -0.81331527233123768 -0.4077379703521728 -3.263633012771606 83.297775268554702 5.512413978576661 0.27225352823734289 22.390940666198734 -3.263633012771606 2.5542645454406743 0.15304718911647799 61.500000000000007 735.50000000000011 0.11525000259280206 0.43232773244380956 1.0516322255134585 31.172650337219242 1.0000000180025095e-35 -0.21519058942794797 8.2451310157775897 2.7254999876022343 0.69572269916534435 0.00077920206240378331 -2.260966300964355 21.965879440307621
decision_type=2 2 2 2 2 2 2 2 2 2 2 2 2 2 2 2 2 2 2 2 2 2 2 2 2 2 2 2 2 2 2 2 2 2 2 2 2 2 2 2 2 2 2 2 2 2 2 2
left_child=1 -1 7 8 5 19 -7 10 28 14 18 16 24 25 37 30 -6 -14 40 -5 27 -13 -20 41 -12 38 -25 39 33 -29 -16 47 -27 -3 -30 46 -37 45 -9 -11 -2 -10 -33 -17 -39 -4 -22 -15
right_child=2 3 9 4 11 6 -8 13 23 20 12 21 17 31 15 43 -18 -19 22 -21 35 -23 -24 26 -26 32 -28 29 34 -31 -32 42 -34 -35 -36 36 -38 44 -40 -41 -42 -43 -44 -45 -46 -47 -48 -49
leaf_value=0.24154626939545881 -0.11952830656783667 0.091162921336466168 -0.79581858513358517 -0.1120351384407537 -0.41938765082511081 -0.93618042266375479 -0.075234358285605402 -0.50270004063603779 -0.052638855534320218 -3.3043131684859244 -0.21055778009169307 -0.67130784081049066 -0.5763459203982827 -0.37642666228107158 -1.4391336145897962 -1.1984837373315975 -0.18873228911761453 -1.6815170453624901 -0.2039792908999376 0.0061109386232494648 -1.9162767262567295 -0.36340168189556021 -0.086074063482651675 -0.041034191199755009 -0.11092979011784121 -0.47239437090692959 -0.10900521901592822 -2.5109318013623247 -0.047158155504056061 0.26177872168824062 -1.7498828054402309 -0.44749158225360997 -0.51238363110506935 0.061455096461247638 0.045794063872919809 -2.7862337201182434 -1.1809670280318942 -0.56015649974254955 -0.95628042363351984 -1.9130755274634494 -0.31900173264795079 -0.0030530297735183029 -0.2089302977330951 -2.0320238413003855 -0.72046898697680828 -0.26633163753011746 -2.8182255401389646 -0.34012728758391964
leaf_weight=99710.301708579063 78.694419980049133 40782.897143781185 415.93185782432556 4522.2805066108704 2206.1209379434586 7261.7227867841721 39208.085928976536 1293.397920191288 1870.3129686117172 95.916929006576538 166.69250977039337 1103.2356518507004 2518.9529920220375 52.153354406356812 443.45976060628891 337.96807271242142 2903.1039196848869 1168.3393143415451 2839.3097693324089 41898.107032835484 105.00889670848846 193.98941141366959 1637.8681551814079 90.097290456295013 828.49787759780884 2099.8105932474136 738.67344719171524 61.357922315597534 1328.7135397791862 37.357141017913818 1725.2318158745766 59.052731931209564 221.31350553035736 25195.105199754238 3908.3333141207695 34.182845592498779 27.98839282989502 101.04393857717514 431.99521714448929 57.07881498336792 454.60253721475601 2553.1822147369385 576.57706677913666 17.912976443767548 25.07770961523056 41.044884502887726 1382.4186800718307 5.8061611652374259
leaf_count=106624 83 48586 211 4167 1497 2638 36350 1231 2031 12 68 762 1845 49 268 267 1871 367 3120 35484 12 148 1827 113 310 1820 870 11 1570 8 1183 43 36 30223 4665 4 11 62 136 8 488 2932 547 16 17 21 161 6
internal_value=9.98867e-05 0.000984578 -0.0124987 -0.000332663 -0.00179381 -0.00138662 -0.00271931 -0.0090131 0.00156449 -0.0227394 -0.00734232 -0.00769413 -0.00988588 -0.0124239 -0.0200197 -0.0216759 -0.00634955 -0.011463 -0.00496047 -5.21272e-05 -0.0274086 -0.0129682 -0.0042273 -0.00180941 -0.00402008 -0.0136066 -0.0055438 -0.0186046 0.00181358 -0.0098404 -0.0230239 -0.00548998 -0.0120577 0.0019217 0.00044811 -0.0288151 -0.016906 -0.0127961 -0.0156726 -0.0240514 -0.0110652 -0.00110492 -0.00430803 -0.0133734 -0.00599593 -0.0146196 -0.0292901 -0.0178789
internal_weight=294816 275474 19342 175764 99296.6 92890.2 46469.8 14433.1 76467.3 4908.98 9692.96 6406.45 4682.48 4740.11 3107.67 2524.57 5109.22 3687.29 5010.47 46420.4 1801.31 1297.23 4477.18 5252.27 995.19 4046.52 828.771 251.711 71215 98.7151 2168.69 693.589 2321.12 65978 5237.05 1549.6 62.1712 583.098 1725.39 152.996 533.297 4423.5 635.63 355.881 126.122 456.977 1487.43 57.9595
internal_count=294779 280531 14248 173907 82917 78639 38988 11976 90990 2272 8108 4278 2590 3868 2045 1734 3368 2212 5518 39651 227 910 4947 5946 378 3223 983 39 85044 19 1451 645 1856 78809 6235 188 15 311 1367 20 571 4963 590 283 79 232 173 55
is_linear=0
shrinkage=0.0330689


Tree=3
num_leaves=47
num_cat=0
split_feature=2 15 2 22 38 21 21 37 0 22 34 22 31 22 31 2 22 34 34 36 2 0 28 29 2 4 28 4 34 22 32 21 22 28 8 36 21 0 28 9 31 26 22 9 23 8
split_gain=2778.27 752.126 475.425 414.898 186.783 209.842 126.033 125.086 74.3242 58.4856 57.4902 57.4757 53.4178 35.7988 33.5734 31.7339 30.6883 28.9395 27.3709 26.9296 26.6853 26.0778 24.6733 22.8966 20.5921 19.9061 16.1563 15.3455 15.2639 14.9346 13.3061 13.0675 8.64369 8.37471 7.1125 6.85828 6.73477 6.4236 6.20487 4.98581 4.26328 3.75054 3.06283 1.9915 1.17314 1.78982
threshold=11.542535781860353 -3.498293280601501 34.055976867675788 0.34831854701042181 1.0000000180025095e-35 0.47986330091953283 1.2083246707916262 1.0000000180025095e-35 0.034250000491738326 0.67172405123710643 -0.041205942630767815 0.19293150305747989 14.672316551208498 2.5542645454406743 377.17498779296881 21.965879440307621 0.17212096601724627 0.62674695253372203 0.55671110749244701 8.4959387779235858 7.1612205505371103 0.03024999983608723 91.500000000000014 51.500000000000007 4.2474458217620858 2.8217940330505376 24.500000000000004 -1.0000000180025095e-35 -0.27087041735649103 2.5542645454406743 0.10678315162658693 0.72924181818962108 0.7559441626071931 850.50000000000011 0.0029281693277880554 16.143784523010257 0.46506662666797643 0.11525000259280206 374.50000000000006 3.3994472026824956 340.55833435058599 -7.7234104537637891e-05 0.7559441626071931 0.013072235509753229 51.515972137451179 0.14806649088859561
decision_type=2 2 2 2 2 2 2 2 2 2 2 2 2 2 2 2 2 2 2 2 2 2 2 2 2 2 2 2 2 2 2 2 2 2 2 2 2 2 2 2 2 2 2 2 2 2
left_child=1 -1 8 7 5 19 21 11 25 -7 15 24 22 17 28 23 -14 34 -16 -5 -13 44 -9 -10 -3 41 36 -17 -6 31 -31 -23 -19 -15 -8 -28 -12 -35 39 -27 -40 43 -43 -2 45 -4
right_child=2 3 6 4 14 9 13 12 10 -11 26 20 16 33 18 27 -18 32 -20 -21 -22 29 -24 -25 -26 38 35 -29 -30 30 -32 -33 -34 37 -36 -37 -38 -39 40 -41 -42 42 -44 -45 -46 -47
leaf_value=0.23355860989257279 -0.28979295834567742 0.08131303404769899 -1.8827939527308484 -0.017494224391860675 -0.63995278586595283 -0.14818401037080081 1.3558741069643152 0.056943150703651302 -0.37152171483908736 -0.41294672734434684 -0.22818164150797668 0.018772742782440174 0.0015662973646428872 -2.7193065878610163 -0.60201400979250408 -0.57997848500716576 -1.2658002833136328 -0.65639281404008143 -2.1636955044740636 -0.18395900582215377 -0.076121250269809176 -0.82318551821715891 -2.6955694545842017 -0.22760018370630652 0.008484794988594814 -0.41220082858569712 -0.16996236003816514 -0.56301178055291545 -0.44056459730707315 -2.0479752990041415 -2.6295568487029475 -1.311850147079598 -1.7059892568987718 -2.2860482214607072 -1.8605996817687018 -0.31777723052035345 -0.40364433166306068 -1.0245572145044801 0.098471075779726983 16.836879360622348 -0.36397866209611984 -0.28603037738330522 -0.93731094691744798 0.00054708760301780553 -2.6073760011770943 -2.7247367702864667
leaf_weight=99710.301708579063 74.207914173603058 56092.56009721756 53.899155974388123 37364.62732064724 1863.1734485030174 10905.988835692406 9.6431846618652326 40.132108092308044 2468.239174246788 6232.7323434948921 164.70905560255051 42063.59060138464 945.27370071411133 1221.2105923891068 1168.9452944993973 348.39602094888687 1755.3330069184303 211.88564956188202 348.66615217924118 1322.6320397853851 4020.305478990078 818.20684617757797 180.83376270532608 2867.9674932956696 8996.3484780192375 710.16977334022522 3642.2661193609238 1526.8436815142632 2462.8186256885529 460.74902510643005 229.02416110038757 1568.9545518755913 331.20142030715942 24.539660930633545 861.81136608123779 415.31708818674088 882.2229745388031 31.312313199043274 19.232005476951599 9.6431846618652326 70.955024838447571 76.783871710300446 40.294147372245789 34.409506738185883 131.19998902082443 36.749812126159668
leaf_count=106624 56 67643 16 22541 795 11571 1 23 2048 4051 109 49161 322 141 484 257 245 228 97 658 4650 346 24 2568 10815 609 3428 1142 827 83 36 1019 192 3 612 364 751 12 12 1 63 65 19 13 50 4
internal_value=0.000161851 0.00101255 -0.0119527 -0.000288816 -0.00247422 -0.00188494 -0.0196946 0.00089229 -0.00847669 -0.00493103 -0.00775752 0.00106994 -0.00586 -0.0250176 -0.00809969 -0.00966108 -0.00456859 -0.0213131 -0.0123449 -0.000534981 0.000175934 -0.0153401 -0.0214773 -0.00834928 0.00170264 -0.016997 -0.00506365 -0.0133787 -0.00660408 -0.0145293 -0.0188912 -0.0132546 -0.0151925 -0.029088 -0.0250867 -0.00410911 -0.00873993 -0.015477 -0.019433 -0.0204913 -0.0106725 -0.00813419 -0.0122776 -0.00344591 -0.0263954 -0.0219225
internal_weight=294816 275474 19342 175764 61669.6 55826 5990.39 114094 13351.7 17138.7 12316 111173 2921.57 2691.6 5843.6 7211.45 2700.61 1414.54 1517.61 38687.3 46083.9 3298.78 220.966 5336.21 65088.9 1035.7 5104.52 1875.24 4325.99 3076.93 689.773 2387.16 543.087 1277.06 871.455 4057.58 1046.93 55.852 810 719.813 90.187 225.695 117.078 108.617 221.849 90.649
internal_count=294779 280531 14248 173907 41024 38821 2743 132883 11505 15622 10667 132269 614 1189 2203 6015 567 1033 581 23199 53811 1554 47 4616 78458 838 4652 1399 1622 1484 119 1365 420 156 613 3792 860 15 685 610 75 153 84 69 70 20
is_linear=0
shrinkage=0.0330689


Tree=4
num_leaves=49
num_cat=0
split_feature=1 15 3 38 4 3 1 10 3 4 3 1 1 31 31 15 34 30 33 28 34 12 15 4 34 23 15 4 28 34 7 30 20 8 19 19 4 11 1 15 8 6 10 20 11 33 11 34
split_gain=2682.34 769.997 466.218 361.044 329.797 107.815 101.261 82.4274 77.7538 63.3654 60.575 50.3489 43.0904 56.8973 42.5446 41.9247 38.1086 35.4181 32.2708 23.6582 21.8796 21.6799 21.2098 17.9441 15.3422 14.2396 12.429 11.845 13.0926 10.9396 10.1691 9.52831 8.78854 8.64606 8.57417 8.30775 11.2219 8.68308 7.6375 6.43385 6.36583 6.10553 5.33939 5.2007 3.01038 2.89428 1.77175 1.43209
threshold=9.4791135787963885 -3.498293280601501 45.185478210449226 1.0000000180025095e-35 31.172650337219242 12.622056484222414 14.759599208831789 0.0068346490152180204 -13.634693145751951 6.4517722129821786 45.185478210449226 23.2382345199585 -18.503632545471188 24.305171966552738 464.29165649414068 -3.0737084150314327 0.78077793121337902 333.72451782226568 0.68388766050338756 51.500000000000007 -0.11601413786411284 0.73783251643180858 -3.263633012771606 26.030408859252933 -0.35341800749301905 46.692735671997077 -3.1641684770584102 5.2633860111236581 27.500000000000004 0.37497001886367803 0.022906253114342693 135.51982879638675 279.70249938964849 0.0024236981989815836 33.628753662109382 47.141702651977546 -14.51452589035034 2.7095153331756596 1.0549058318138125 -3.0737084150314327 0.011706577613949777 54.77241516113282 0.0062876217998564252 -983.73168945312489 1.7309572100639345 -0.83924686908721913 1.7309572100639345 -0.70221617817878712
decision_type=2 2 2 2 2 2 2 2 2 2 2 2 2 2 2 2 2 2 2 2 2 2 2 2 2 2 2 2 2 2 2 2 2 2 2 2 2 2 2 2 2 2 2 2 2 2 2 2
left_child=1 -1 6 4 5 8 20 17 -3 24 19 29 14 -14 -9 -7 21 34 23 -6 27 -11 33 31 39 -26 -18 41 -29 40 -25 -13 -24 -22 -5 36 -20 -37 -12 -8 45 -2 -19 44 -31 -4 -45 -42
right_child=2 3 11 7 10 15 9 12 -10 16 38 18 13 -15 -16 -17 26 42 35 -21 22 -23 32 30 25 -27 -28 28 -30 43 -32 -33 -34 -35 -36 37 -38 -39 -40 -41 47 -43 -44 46 -46 -47 -48 -49
leaf_value=0.22583509317480915 -0.26154480164242078 -0.080905669214643705 -1.3033089361929633 0.029090834418411506 -0.44346784997675426 -0.29112929106534818 -0.32797631139086975 -0.8888745401365975 0.03569301982216843 -0.56504645527652675 -1.18088283605957 -2.5603402431899625 -2.2001295247229788 -0.55154125641108664 -1.5887927261683465 -0.10396503802669139 -0.44024435731231593 -1.2553774845024335 0.61153510796194499 -0.15944016954977278 -0.081519453848930612 -0.56649189026986235 -0.14208271493825844 -1.1879661964299157 -0.39029627420945562 -0.65766577356341716 -0.34009957489798492 -0.43752457538503109 -0.19708674828501019 -1.6869301273341817 -2.5932544098841204 -0.36926020451297392 -0.48930084755640157 -0.11216077540745749 -0.24992308552660428 -0.25889740721300802 -2.4456193211706267 -2.5657443423277386 -0.60990000657767651 -0.76213858349186681 -3.4671038256276177 -0.37047914775907631 0.044954467554242324 0.072770379825464207 -0.98089302869992279 -0.89107894881250371 -0.46229892626039504 -0.99424547764689442
leaf_weight=99710.301708579063 1515.0873852968216 13917.605273842812 26.125477910041809 2068.9946303963661 2125.4885006546974 1086.4202237725258 173.91042762994766 1073.9732008576393 134626.24438536167 444.30039703845978 1214.3115510344505 136.94647055864334 587.31973493099213 7408.6274353861809 304.35207486152649 9688.3108388185501 125.70676350593567 146.35726016759872 18.079661130905151 3289.6581110358238 153.61387658119202 2467.4388385415077 2685.487490773201 398.07982444763184 784.3408305644989 887.14623987674713 708.51482701301575 614.44310456514359 1037.4952123165131 24.523967146873474 1794.069307744503 28.845217764377594 173.25669682025909 183.80689495801926 86.678681194782257 70.910658001899719 365.84330886602402 328.47645741701126 581.71579283475876 996.21142709255219 85.468845963478088 164.05081391334534 15.640516281127928 38.435137510299683 22.005968391895294 86.812166392803192 131.39518123865128 213.47897064685822
leaf_count=106624 1166 11777 22 940 1545 890 95 257 144254 164 703 58 187 3057 53 9530 110 57 4 3034 142 2009 2270 233 415 526 597 501 1000 13 448 9 127 87 29 30 153 178 439 524 59 90 2 15 13 68 134 141
internal_value=0.000202119 0.000979643 -0.012595 -0.000322195 7.21038e-05 0.000385309 -0.00964551 -0.00593918 0.000617093 -0.0125411 -0.00684442 -0.0228472 -0.00731974 -0.00638324 -0.012732 -0.00280838 -0.0153728 -0.000347352 -0.0245663 -0.00509202 -0.00671916 -0.0171657 -0.00475045 -0.0265236 -0.00879831 -0.00673464 -0.00908183 -0.00860117 -0.0106084 -0.0142001 -0.027332 -0.0156364 -0.00381381 -0.0126024 0.000768858 -0.0186268 -0.0222299 -0.0150751 -0.012113 -0.0117238 -0.0173997 -0.00661145 -0.0152156 -0.00798084 -0.0178163 -0.0102575 -0.00510082 -0.0199996
internal_weight=294816 277932 16884.3 178222 166530 159319 13114.8 11691.9 148544 6587.57 7211.17 3769.5 9374.27 7995.95 1378.33 10774.7 3745.96 2317.67 3141.25 5415.15 6527.24 2911.74 3196.16 2357.94 2841.61 1671.49 834.222 3331.08 1651.94 628.246 2192.15 165.792 2858.74 337.421 2155.67 783.31 383.923 399.387 1796.03 1170.12 411.885 1679.14 161.998 216.36 46.5299 112.938 169.83 298.948
internal_count=294779 283378 11401 176754 172172 166451 9823 4582 156031 4440 5721 1578 3554 3244 310 10420 2880 1028 1113 4579 5383 2173 2626 748 1560 941 707 2757 1501 465 681 67 2397 229 969 365 157 208 1142 619 290 1256 59 175 26 90 149 200
is_linear=0
shrinkage=0.0330689


Tree=5
num_leaves=48
num_cat=0
split_feature=1 0 22 3 38 21 1 37 3 31 22 3 34 6 22 3 1 23 0 12 5 0 34 0 7 1 34 21 30 12 8 25 19 11 23 21 6 1 5 29 38 0 19 23 13 8 7
split_gain=2547.08 765.825 413.642 342.304 196.301 200.591 96.7799 87.0842 73.1579 71.4689 62.4066 59.0019 46.7806 46.1863 45.4681 32.2338 31.3946 29.2774 28.3654 26.4667 25.1623 24.2964 23.4468 22.6458 17.4395 17.4327 15.6352 14.243 13.7133 11.1039 10.5997 10.487 10.2582 10.1327 8.05038 7.76374 7.46649 5.96818 4.46854 4.23247 3.96029 3.86678 3.17753 2.59363 1.39859 0.746914 0.277607
threshold=11.384126186370851 0.03024999983608723 0.33486993610858923 45.185478210449226 1.0000000180025095e-35 0.47986330091953283 4.5539472103118905 1.0000000180025095e-35 45.185478210449226 14.672316551208498 2.5542645454406743 11.29057550430298 0.31960773468017584 54.77241516113282 0.18237386643886569 45.185478210449226 9.4791135787963885 75.11261367797853 0.30525000393390661 0.73783251643180858 25.455875396728519 0.034250000491738326 0.12433474510908128 0.062249999493360526 0.012844305485486986 14.759599208831789 -0.27087041735649103 0.89297619462013256 558.48370361328136 0.7895849645137788 0.0024236981989815836 0.00091172824613749992 47.141702651977546 -0.14481028169393537 37.664060592651374 0.92021200060844432 41.976890563964851 23.2382345199585 88.926731109619155 36.500000000000007 1.0000000180025095e-35 2.3995000123977666 -1.0000000180025095e-35 44.512735366821296 1.0003823637962344 0.0034300439292564992 0.0011417136993259194
decision_type=2 2 2 2 2 2 2 2 2 2 2 2 2 2 2 2 2 2 2 2 2 2 2 2 2 2 2 2 2 2 2 2 2 2 2 2 2 2 2 2 2 2 2 2 2 2 2
left_child=1 16 6 11 5 13 7 14 -7 -9 22 17 19 -4 -3 18 -1 20 -6 39 26 42 27 28 -12 -21 -2 38 -8 -23 43 36 -25 -26 -17 -22 -24 -29 -5 -13 -35 -33 -14 -18 45 -32 -45
right_child=3 2 4 10 15 8 23 9 -10 -11 24 12 21 -15 -16 34 30 -19 -20 25 35 29 31 32 33 -27 -28 37 -30 -31 44 41 -34 40 -36 -37 -38 -39 -40 -41 -42 -43 -44 46 -46 -47 -48
leaf_value=0.21836698434167462 -0.48084920772251288 0.080481570949747186 -0.010631818015440156 -0.8335024170040104 -0.39155860172451451 -0.18196014754363787 -0.11357156712288978 -2.3380124053574578 -0.76283171957475826 -0.68731504096043539 0.068555984633632841 -0.47926176332420684 -0.50497247444079318 -0.25873484631897398 0.025610778987728726 0.06826642001303164 0.009564829653753458 -2.40473173618031 -0.74310770493874478 -0.27877174719622339 -0.66897493516942874 0.032804085604349352 -1.5135342887364531 -0.031018801860251823 -0.93416343049850581 -0.53721496498002563 -0.30632345757550056 -1.0137945079506021 -1.1775779260755341 -0.32667718895053466 -0.010379841530754693 -1.1743606633884565 -0.19439142077828542 -2.5438692682590003 -2.1717690353756698 -1.0993880555262563 -1.6181369452738514 -1.6183412935210091 -1.0779314310412658 -0.47929791309970621 -2.0123670225974304 -0.090049342954488687 -0.41543358642768075 -0.035524836962826545 -0.00091250599716107873 0.0031462059798753749 -0.032299572067484017
leaf_weight=96923.910920441151 1889.3841166496277 56385.882086455822 39375.122831642628 162.81811165809631 2660.0451933145523 19285.5201420784 1732.1937454342842 237.78994345664978 1909.923990547657 3054.1160693764687 19.769957304000854 178.33591783046722 72.737834572792053 2507.3061701655388 44269.096661508083 13.427444219589232 6.684813678264617 88.354712724685669 3159.8862454295158 720.67759740352631 887.18064057826996 204.83905375003815 159.56412750482559 8891.880856692791 28.039388418197632 1869.3026116490364 2444.3030287027359 176.65050202608109 70.655826091766357 1003.3970215916634 15.914975523948668 479.98104113340378 355.97376972436905 1438.7019835710526 176.50463360548019 109.59437215328217 187.82581514120102 770.88269776105881 43.116291284561157 321.76352769136429 55.059778928756714 38.323092818260193 177.63229358196259 45.901618659496307 6.7064528465270987 69.274679064750671 53.82927131652832
leaf_count=105402 1203 68108 24187 79 1041 18363 1898 33 1314 439 3 101 65 1538 51925 6 7 21 1306 711 516 73 99 10041 4 1562 1575 144 34 1012 18 342 424 179 66 89 109 463 17 100 11 35 142 56 5 39 44
internal_value=0.000229421 0.000903763 -0.000349646 -0.0137857 -0.00237209 -0.00182758 0.000865252 0.00117815 -0.00444898 -0.00411253 -0.0225906 -0.0106367 -0.0134206 -0.000500496 0.00135138 -0.00808308 0.00327962 -0.00829479 -0.00763837 -0.015732 -0.0079739 -0.00850516 -0.01872 -0.00207632 -0.0276341 -0.0143584 -0.00687299 -0.0218464 -0.00546902 -0.00653056 -0.00981252 -0.0145149 -0.00141261 -0.0280358 -0.0215118 -0.0127321 -0.0190492 -0.0235928 -0.0136559 -0.0227701 -0.0284104 -0.0114132 -0.0179045 -0.0168814 -0.00135515 0 -0.0182212
internal_weight=294736 281208 184085 13528.2 69087.7 63077.9 114998 103947 21195.4 3291.91 3560.73 9967.5 4548.69 41882.4 100655 6009.86 97122.2 5418.82 5819.93 3090.08 5330.46 1458.61 2019.16 11050.7 1541.57 2589.98 4333.69 1153.47 1802.85 1208.24 198.312 865.694 9247.85 1521.8 189.932 996.775 347.39 947.533 205.934 500.099 1493.76 518.304 250.37 106.416 91.8961 85.1897 99.7309
internal_count=294949 286294 180723 8655 47821 45402 132902 120505 19677 472 1485 7170 3766 25725 120033 2419 105571 3404 2347 2474 3383 1292 1288 12397 197 2273 2778 703 1932 1085 169 585 10465 194 72 605 208 607 96 201 190 377 207 107 62 57 100
is_linear=0
shrinkage=0.0330689


Tree=6
num_leaves=48
num_cat=0
split_feature=1 15 3 22 38 3 1 22 4 5 1 34 15 22 34 21 4 12 21 34 15 1 10 22 11 22 10 31 10 7 1 37 1 33 33 21 31 34 31 21 38 22 29 21 22 26 33
split_gain=2402.17 759.034 433.499 390.547 309.555 190.468 84.7584 75.9797 67.7215 60.9706 41.3242 35.1152 30.8545 30.665 28.539 27.0821 25.521 25.257 22.1188 19.0198 17.6454 15.6073 15.4055 12.7619 12.4976 11.7875 10.5745 10.2577 9.07192 8.46057 8.21682 10.4478 8.00645 8.5349 7.96203 7.74519 6.62362 5.65631 4.77359 4.49822 3.96476 3.71965 3.71041 2.21969 2.13919 1.14597 0.515194
threshold=9.4791135787963885 -3.498293280601501 45.185478210449226 0.21600311249494555 1.0000000180025095e-35 22.67962741851807 14.759599208831789 2.5542645454406743 11.981972694396974 28.433695793151859 3.7750099897384648 0.31960773468017584 -1.1671591401100156 0.67172405123710643 0.12433474510908128 0.2945238202810288 59.953170776367195 0.73783251643180858 0.86915129423141491 -0.11601413786411284 -3.3740954399108882 23.2382345199585 0.12115503102540971 0.7559441626071931 -0.40094737708568567 0.15304718911647799 0.0057125592138618239 49.808332443237312 0.0031453265110030775 0.0036847495939582591 6.9770436286926278 1.0000000180025095e-35 23.2382345199585 0.68388766050338756 0.75999823212623607 0.82416924834251415 75.153949737548842 0.37497001886367803 142.60833740234378 0.74693122506141674 1.0000000180025095e-35 0.86368936300277721 15.500000000000002 0.82416924834251415 0.10234542191028596 -0.0076153373811393968 1.0056419968605044
decision_type=2 2 2 2 2 2 2 2 2 2 2 2 2 2 2 2 2 2 2 2 2 2 2 2 2 2 2 2 2 2 2 2 2 2 2 2 2 2 2 2 2 2 2 2 2 2 2
left_child=1 -1 6 10 5 9 19 14 18 -5 25 17 22 -7 21 -14 27 -10 24 28 29 41 -6 -20 -8 44 -13 -9 39 -21 37 -32 43 -34 -30 -23 -22 -12 -29 -2 -27 -4 46 -16 -3 -44 -18
right_child=2 3 7 4 12 13 8 16 11 -11 30 26 15 -15 32 -17 42 -19 23 20 36 35 -24 -25 -26 40 -28 38 34 -31 31 -33 33 -35 -36 -37 -38 -39 -40 -41 -42 -43 45 -45 -46 -47 -48
leaf_value=0.21114583734586787 -0.15233028744712282 0.097255392792702178 -0.65562043546140503 -0.018218571384644226 -0.71601379021618294 -0.22645810367025937 -0.23761155585241867 0.014446811120794519 -0.49495749277981882 -0.13272986257790231 -0.020307914380515248 -0.43774797581468727 -0.3295910731571004 -0.57170249735897449 -1.3347235331617224 -1.1562250723549294 -2.4981915042431644 -0.54097872824665061 -0.42852134136730152 -0.076609060867221829 -0.16687561448570204 -1.0762534986240888 -0.22448428352331004 -2.9252546341155381 -0.57904885495069092 0.052638497447371549 -0.3881470628474481 -2.3024395271265585 -0.25837373915813339 -0.001016547438811534 -0.053741648952237986 -1.1386367677825593 -1.6321640437409428 -1.0738192447645181 -0.46401109994431344 -1.5594420429343043 -0.10399149608749478 0.031851258670999805 -1.9458203414519295 -0.18915299487646667 -0.14151091011623076 -1.5097385343627887 -0.54182537079512505 -0.51514316801379334 0.07664310085186983 -2.4564881395558777 -2.4636796710528253
leaf_weight=99767.361257791519 38.166655659675598 16214.709441304207 155.08737450838089 76315.355100810528 3019.46627420187 2570.939459502697 695.92917770147324 34.416196465492249 374.88479971885681 11195.456889808178 4363.5616449713707 151.87444716691971 773.7497701048851 3223.4647461175919 28.652254819869995 3368.3263655304909 54.341396570205688 1837.4402815699577 256.99243497848511 160.33451122045517 1566.9441987872124 69.980216026306152 1021.7886830568314 83.765068411827087 2410.1064826846123 26353.614834606647 794.52439314126968 32.228351593017578 2915.4253144264221 42.032821714878082 1568.3929576873779 64.689059257507324 239.31063371896744 421.54471755027771 157.04413849115372 801.74696928262711 1390.087220788002 2337.3933143615723 42.51269268989563 135.71610200405121 664.72194194793701 204.92426156997681 38.572738647460938 209.78896266222 25224.428664386272 1301.1548060178757 42.833831667900085
leaf_count=106600 47 18963 134 68641 1107 2783 459 6 143 9264 4981 171 553 2042 18 1008 7 1493 243 147 1290 27 310 18 1247 31957 634 4 2405 20 1805 28 143 264 105 477 1196 2750 9 155 391 117 4 193 30422 158 10
internal_value=0.000265564 0.000997031 -0.0119199 -0.000295394 -0.0016418 -0.00110068 -0.00908311 -0.0219479 -0.0117147 -0.00071597 0.00148381 -0.0152199 -0.00780864 -0.00690685 -0.01786 -0.00982057 -0.0275566 -0.017512 -0.00849419 -0.00636545 -0.00452463 -0.02116 -0.0057405 -0.0165301 -0.00760223 0.00175154 -0.00983156 -0.0117358 -0.00814993 -0.0139817 -0.000713316 -0.00281665 -0.0133033 -0.0152096 -0.00771847 -0.0236007 -0.00386734 -0.000197903 -0.0185711 -0.0155915 0.00121261 -0.0151555 -0.028738 -0.00790912 0.00210248 -0.0292513 -0.0212665
internal_weight=294736 278047 16688.4 178280 101489 93305.2 13011.3 3677.1 6605.52 87510.8 76791.5 3158.72 8183.33 5794.4 2131.04 4142.08 1546.06 2212.33 3446.79 6405.75 3159.4 1231.74 4041.25 340.758 3106.04 68457.5 946.399 109.157 3246.35 202.367 8334.04 1633.08 899.297 660.855 3072.47 871.727 2957.03 6700.95 74.741 173.883 27018.3 360.012 1436.9 238.441 41439.1 1339.73 97.1752
internal_count=294949 283605 11344 177005 85708 82730 9773 1571 4408 77905 91297 2441 2978 4825 1373 1561 198 1636 1967 5365 2653 755 1417 261 1706 81733 805 19 2712 167 9564 1833 618 407 2510 504 2486 7731 13 202 32348 251 179 211 49385 162 17
is_linear=0
shrinkage=0.0330689


Tree=7
num_leaves=46
num_cat=0
split_feature=3 15 21 38 4 14 3 0 23 36 3 9 0 29 31 9 34 10 34 23 12 31 19 26 23 0 15 4 26 6 5 19 7 19 5 0 31 23 6 29 19 6 0 23 24
split_gain=1895.98 759.898 440.517 285.4 172.288 121.516 96.2463 91.7095 90.5746 85.5489 75.0643 64.2862 52.842 34.9189 32.4531 39.0657 26.2245 26.0529 25.5652 25.5221 24.9071 18.7905 16.8889 15.5386 15.2725 14.832 14.7327 14.1403 12.5607 11.6501 10.7948 10.6172 9.97886 9.53233 9.10076 7.79245 7.75176 8.06459 6.91649 5.84894 5.36594 5.35361 2.4382 2.43521 1.14734
threshold=16.162512779235843 -3.498293280601501 1.2083246707916262 1.0000000180025095e-35 13.102928638458254 56.945711135864265 45.185478210449226 0.052749998867511756 66.671508789062514 5.9330604076385507 -13.634693145751951 0.006678021978586913 0.034250000491738326 107.50000000000001 14.672316551208498 0.018835468217730526 1.1997777223587038 0.078976251184940352 1.5094250440597536 50.000465393066413 0.71558824181556713 789.46667480468761 1.3680592179298403 -0.01029358198866248 68.423618316650405 0.03024999983608723 -0.99628156423568714 26.030408859252933 5.4895747325645072e-07 41.976890563964851 19.04852390289307 73.982013702392592 0.0022160127991810445 73.982013702392592 88.926731109619155 0.039250001311302192 100.0177688598633 61.027465820312507 140.10134887695315 12.500000000000002 47.141702651977546 -10.445584297180174 0.28824999928474432 65.301086425781264 0.0014599312562495472
decision_type=2 2 2 2 2 2 2 2 2 2 2 2 2 2 2 2 2 2 2 2 2 2 2 2 2 2 2 2 2 2 2 2 2 2 2 2 2 2 2 2 2 2 2 2 2
left_child=1 -1 6 4 9 16 7 17 12 10 -3 21 -6 26 15 -13 22 25 34 -16 29 24 41 -22 -5 -2 -9 -10 -25 -8 -11 -24 -23 -15 40 44 38 -38 -20 -31 -7 -4 -36 -37 -18
right_child=2 3 5 11 8 18 20 13 27 30 -12 14 -14 33 19 -17 35 -19 36 -21 23 32 31 28 -26 -27 -28 -29 -30 39 -32 -33 -34 -35 42 43 37 -39 -40 -41 -42 -43 -44 -45 -46
leaf_value=0.20416348544123417 -0.49757497453946126 -0.084828728998124811 -0.43501953031918578 0.047621236999256446 -0.33426486832971319 -2.4774527529607884 -0.47617343588910344 -0.34991883787926503 0.034467333359548318 -0.078734543697729406 0.036918530829861372 -2.1995795971858816 -0.19510645915977845 -0.078418579147439882 -0.68408389330025199 -0.72333724346222372 -0.51851468639845399 -0.44275689715825228 -0.78503775259057096 -0.453253086472236 0.30078975079806702 -0.029628935270752763 -0.23905715683813861 -1.5576017026173896 -0.63810688098965052 -0.44282850460571599 -0.16470165700376999 -0.096589216064836669 -0.75492245280433279 -1.0100962014586985 -0.26449048598952102 -0.58176168519475646 -0.29751386537032648 -0.4637196019840934 -2.3746682163595176 -0.50326588064646116 -2.2645653097620433 -0.71541543416371034 -2.407181050926718 -2.2279377965085385 -0.86486315031764449 -0.50710781693464546 -2.3890094208282942 -0.10092584489047079 -0.72062768201219396
leaf_weight=99767.361257791519 248.18563598394394 13201.820473015308 19.733962774276733 1934.6907157301903 513.71040385961533 138.23909139633179 23.9226233959198 3705.2759064435959 5216.330660700798 5628.1728664636612 124977.69152235985 218.96722793579102 11072.671315073967 3366.903213083744 7887.2448147535324 227.56522566080093 46.710089981555939 93.346583724021912 71.147680103778839 2189.0669862031937 75.295923471450806 127.47020769119263 269.79712134599686 534.53969031572342 310.4642481803894 1849.1324514746666 2109.4949939846992 1879.415242433548 2523.4619006514549 16.465054631233215 899.18838948011398 356.66948610544205 175.19893354177475 242.28370410203934 1306.0882166028023 33.663088917732239 39.854460835456848 148.21220588684082 127.11208558082581 194.82131040096283 146.25396078824997 395.13932812213898 165.66624057292938 254.94405752420425 6.393298625946044
leaf_count=106600 182 11407 13 849 383 74 5 2619 6263 5051 133872 28 9375 3518 2685 70 56 13 55 978 11 46 323 175 100 1468 2190 2066 1686 6 735 367 69 196 263 39 12 100 26 36 130 409 86 307 7
internal_value=0.00031336 0.000999983 -0.0099325 -0.000304107 7.19568e-05 -0.0204511 -0.0074551 -0.00602406 -0.00291643 0.000457899 0.000632763 -0.00500597 -0.00471823 -0.00460357 -0.00614711 -0.0148881 -0.0127711 -0.0121224 -0.0253926 -0.00575668 -0.0123812 -0.000285853 -0.0153855 -0.0115842 0.000751325 -0.0113377 -0.00619072 2.3576e-05 -0.0119507 -0.0228341 -0.00324083 -0.0118613 -0.00801107 -0.00204092 -0.0271126 -0.0047338 -0.0174812 -0.0123541 -0.0221753 -0.0253013 -0.0212582 -0.0206261 -0.0282178 -0.00249748 -0.0163114
internal_weight=294736 276227 18508.8 176460 163389 3525.62 14983.1 11614.6 18682.1 144707 138180 13070.7 11586.4 9423.96 10522.8 446.532 1383.05 2190.66 2142.57 10076.3 3368.51 2547.82 1041.34 3133.3 2245.15 2097.32 5814.77 7095.75 3058 235.209 6527.36 626.467 302.669 3609.19 1756.25 341.711 386.326 188.067 198.26 211.286 284.493 414.873 1471.75 288.607 53.1034
internal_count=294949 280577 14372 173977 169152 2267 12105 10186 18087 151065 145279 4825 9758 8523 3761 98 1521 1663 746 3663 1919 1064 1112 1872 949 1650 4809 8329 1861 47 5786 690 115 3714 553 409 193 112 81 42 204 422 349 346 63
is_linear=0
shrinkage=0.0330689


Tree=8
num_leaves=60
num_cat=0
split_feature=2 0 1 22 1 22 6 3 1 26 21 1 34 22 3 34 12 0 34 21 1 26 12 24 34 24 26 34 1 32 22 31 1 30 21 14 26 30 14 30 29 12 0 1 21 30 33 26 2 28 12 8 12 12 24 22 6 22 1
split_gain=2281.8 623.358 567.208 276.427 128.901 100.749 80.7545 67.0077 56.6926 51.8066 44.0842 44.027 44.0114 39.1342 28.3998 22.7651 21.769 21.0569 19.7794 19.584 18.3191 17.2338 15.473 15.2525 14.6882 15.9081 12.7882 11.8268 10.4237 10.3751 10.3483 10.2533 9.84167 10.2807 9.11874 8.47656 8.34243 8.30114 7.90346 7.90217 7.85346 6.32349 5.98198 5.76239 4.97306 4.82635 4.56074 3.70823 3.2058 3.0767 2.97151 2.08147 2.07238 1.89645 1.36123 1.2033 0.636383 0.196232 0.163316
threshold=11.542535781860353 0.03024999983608723 23.2382345199585 0.21600311249494555 8.0890612602233904 2.5542645454406743 54.77241516113282 8.5054507255554217 11.384126186370851 -2.8942370590812058e-05 0.86915129423141491 3.7750099897384648 1.1997777223587038 0.7559441626071931 22.67962741851807 1.3463041782379153 0.71558824181556713 0.074250001460313811 -0.24207717925310132 0.52549895644187938 -18.503632545471188 0.0021500027505680923 0.95875307917594921 0.075069442391395583 -0.49165292084217066 -0.0038790444377809759 -0.0001425504306098446 -0.21519058942794797 9.4791135787963885 0.57067659497261058 0.15304718911647799 40.658334732055671 6.9770436286926278 558.48370361328136 0.67683193087577831 -58.071550369262688 3.3074411476263781e-06 558.48370361328136 31.312847137451175 23.664962768554691 196.50000000000003 0.71558824181556713 0.034250000491738326 11.384126186370851 0.51001912355422985 904.69653320312511 0.18926459550857547 3.6508799894363626e-05 6.0246665477752694 850.50000000000011 0.7895849645137788 0.51168668270111095 0.7895849645137788 0.87998777627944957 0.0014599312562495472 0.37937115132808691 12.5720272064209 0.39755931496620184 8.0890612602233904
decision_type=2 2 2 2 2 2 2 2 2 2 2 2 2 2 2 2 2 2 2 2 2 2 2 2 2 2 2 2 2 2 2 2 2 2 2 2 2 2 2 2 2 2 2 2 2 2 2 2 2 2 2 2 2 2 2 2 2 2 2
left_child=1 7 8 11 6 10 9 28 13 -5 35 30 29 17 -8 16 21 40 23 24 37 -10 -22 -6 -7 -26 -18 -19 58 -12 48 -20 41 -34 43 53 -37 -15 46 -14 -2 -13 52 57 56 -32 -21 -45 -3 -40 -44 -46 -17 -4 55 -36 -30 -9 -1
right_child=2 3 5 4 18 19 14 34 15 -11 12 32 39 20 -16 42 26 27 31 38 22 -23 -24 -25 25 -27 -28 -29 44 -31 45 -33 33 -35 54 36 -38 -39 49 -41 -42 -43 50 47 51 -47 -48 -49 -50 -51 -52 -53 -54 -55 -56 -57 -58 -59 -60
leaf_value=0.19741203194659504 -0.30880502855723152 0.082893687092097046 -3.2146177813932666 0.0091941941536533289 -0.32290966891103162 -2.0157210955196829 -0.16130001328095087 -0.0073568424875766654 -0.39068447225860864 -0.083284548832758293 -1.3455196811899968 -0.063834469073060465 -1.2615959499525904 -1.2386900658110458 -0.37194958563439867 -0.31161839858899026 -0.25620894600555733 -0.18666901659275045 -0.29752716198656071 -2.4833981040658171 -0.30964027325106813 -0.37321193382550311 -0.7791238824542982 -2.6817715499226034 -0.30814450821109834 -1.0590020369145483 -0.46449258426563161 -0.081555268962934885 0.0042547052768497117 -0.9396697177761334 0.05216140062815447 -0.11730886219163854 -0.050848127468034694 -1.0911449051212554 -0.093734140407980088 -0.88512325844780526 -0.61642710392252598 -2.4322574786979101 -2.3011087731327531 -0.74092211723053925 -0.15823681760840796 0.0010682686377980317 0.056994479012669096 -0.36326842809553855 -0.2906943979637483 -0.06322905563507282 -2.2807436995795838 -0.1999814164726561 0.018594040036505378 -2.2292259550707239 -0.30248180652319234 -0.95015353756198562 -0.18398766318595233 -1.224591373677079 -0.044841686586776883 -0.89934779515357799 -0.10284145153615293 0.012987578156470912 -0.001687830485671931
leaf_weight=96885.185538589954 1536.1278235316277 40065.377677083015 43.594312310218811 44106.250119388103 3310.5975383520126 126.67012047767639 6386.2407101392746 8.0618306398391706 217.89957046508789 42057.438649535179 1449.9300920963287 248.26141607761383 160.08580410480499 372.99648731946945 1182.195001244545 19.932929158210754 648.19695097208023 2445.3999382853508 1670.8391059041023 60.657456159591675 1850.0337845683098 32.706188917160034 1295.5112947225571 144.42166763544083 77.682121157646179 111.42012298107147 2315.2605592608452 2503.1362325549126 138.67565858364105 239.63181746006012 26649.817781448364 2443.8170438408852 2124.3224482536316 49.266293287277222 99.48949784040451 513.01206582784653 317.60645240545273 64.994568109512329 1257.9840307235718 348.99968075752258 416.54889470338821 6023.8870005011559 97.23293149471283 50.937296092510223 110.44125109910965 196.19642126560211 34.692844152450562 26.039969801902771 1512.2053072452545 57.66537344455719 414.4608262181282 7.820258140563964 38.132666289806366 29.161363244056702 7.3761680126190177 27.496563494205475 25.866073071956635 41.168885409832001 38.725381851196289
leaf_count=105359 1416 47749 17 36240 2305 15 5165 10 94 36011 1004 29 112 110 863 14 442 2572 1199 12 846 5 692 96 9 21 2019 2762 69 149 31906 1693 2449 20 109 243 184 11 144 298 497 7205 41 23 80 211 5 17 1799 13 428 1 42 15 3 22 17 24 43
internal_value=0.000349943 0.00111589 -0.0107038 -4.71567e-05 -0.00118188 -0.0205015 -0.000846421 0.00324209 -0.00738569 -0.000558502 -0.0169125 0.00144802 -0.0194508 -0.00612877 -0.00412158 -0.0108616 -0.0119452 -0.00466674 -0.00533293 -0.0269256 -0.00893766 -0.0213799 -0.00803944 -0.00718318 -0.0191946 -0.0130773 -0.0111348 -0.00351183 0.00328718 -0.0220303 0.00172614 -0.00377392 -0.000803181 -0.00272062 -0.0134616 -0.010702 -0.0096953 -0.0153178 -0.0286293 -0.0108308 -0.00758177 -0.000135738 -0.00471023 -0.0067948 -0.00301374 0.00121844 -0.0185646 -0.012417 0.00205352 -0.0293315 -0.00350955 -0.00816614 -0.0147726 -0.0216839 -0.0195053 -0.0203374 0.00061653 0.00173908 0.00330576
internal_weight=294736 275638 19097.4 178171 101302 4828.79 93732.1 97467.3 14268.6 86163.7 3102.02 76869.3 2198.65 10484.7 7568.44 3783.82 3214.06 6901.21 7569.68 1726.77 3583.54 250.606 3145.55 3455.02 315.772 189.102 2963.46 4948.54 97206.7 1689.56 68423.6 4114.66 8445.74 2173.59 260.57 903.374 830.619 437.991 1411 509.085 1952.68 6272.15 569.759 126.208 282.803 26846 95.3503 76.9773 41577.6 1315.65 511.694 118.262 58.0656 72.7557 134.362 126.986 164.542 49.2307 96923.9
internal_count=294949 280717 14232 174940 83572 2241 78279 105777 11991 72251 2022 91368 1563 8906 6028 3085 2560 7247 5293 219 1659 99 1538 2401 45 30 2461 5334 105569 1153 81665 2892 9703 2469 208 459 427 121 174 410 1913 7234 525 74 167 32117 17 40 49548 157 469 81 56 32 134 131 86 34 105402
is_linear=0
shrinkage=0.0330689


Tree=9
num_leaves=60
num_cat=0
split_feature=2 0 17 17 38 5 18 4 18 30 31 17 38 0 34 18 7 2 18 0 29 2 17 7 10 17 5 30 21 4 29 0 0 0 17 32 0 10 36 8 34 7 0 17 5 18 26 7 29 8 4 26 28 21 28 10 4 5 10
split_gain=2140.74 639.231 487.456 236.441 150.808 135.507 95.988 84.9691 43.9038 41.4032 59.9982 30.7023 30.5122 39.4035 30.077 27.5421 23.8202 22.6027 20.2863 20.006 20.5476 19.1385 20.9221 19.0772 17.6434 14.3435 14.2857 13.7516 13.0351 11.4948 11.0003 10.9944 10.2116 9.66293 9.16254 8.83569 8.46332 8.12838 8.05503 7.8133 7.57785 7.31939 5.58248 5.07498 4.90642 4.86281 4.01725 3.52778 3.10493 3.02352 2.88984 2.65784 2.50154 2.07223 1.24631 0.723254 0.633294 0.472336 0.203172
threshold=13.48544216156006 0.03024999983608723 0.20894917100667956 0.060523133724927909 1.0000000180025095e-35 32.078548431396491 0.081630226224660887 59.953170776367195 0.14981999993324283 39.667619705200202 14.672316551208498 0.13766930997371676 1.0000000180025095e-35 0.039250001311302192 1.3463041782379153 0.20440611988306048 0.11064486205577852 21.965879440307621 0.14981999993324283 0.034250000491738326 39.500000000000007 34.055976867675788 0.090563602745533003 0.025132742710411552 0.044835459440946586 -0.20461174845695493 12.424745082855226 60.693204879760749 0.80376172065734874 26.030408859252933 15.500000000000002 0.03024999983608723 0.67175000905990612 0.044250000268220908 0.10781463980674745 0.70962220430374157 0.034250000491738326 0.078976251184940352 -1.694576561450958 0.056257087737321861 -0.35341800749301905 0.68520462512969982 0.43524999916553503 0.07778534293174745 28.433695793151859 0.20440611988306048 0.0009228078997693957 0.0097318203188478964 125.50000000000001 0.012562043964862825 -13.330248355865477 1.2646745744859801e-05 6.5000000000000009 0.62561801075935375 252.50000000000003 0.00078393070725724112 4.1670334339141855 14.708806037902834 0.0031453265110030775
decision_type=2 2 2 2 2 2 2 2 2 2 2 2 2 2 2 2 2 2 2 2 2 2 2 2 2 2 2 2 2 2 2 2 2 2 2 2 2 2 2 2 2 2 2 2 2 2 2 2 2 2 2 2 2 2 2 2 2 2 2
left_child=1 6 12 4 5 8 26 17 -3 16 -11 19 13 31 23 -7 -6 45 37 24 -21 22 -15 36 -5 -23 43 39 34 40 52 48 -25 -29 58 -31 -9 -13 47 -16 -19 -20 -40 -1 -33 51 -36 -32 -2 -47 -28 -4 -14 -45 56 -56 -30 -52 -8
right_child=2 3 7 11 9 15 28 14 -10 10 -12 18 30 21 27 -17 -18 29 41 20 -22 25 -24 32 -26 -27 50 33 54 35 38 44 -34 -35 46 -37 -38 -39 42 -41 -42 -43 -44 53 -46 49 -48 -49 -50 -51 57 -53 -54 -55 55 -57 -58 -59 -60
leaf_value=0.19088384131500791 -0.18490900261663362 0.038853551281904271 -0.29078521035982297 -0.12090697589505349 0.03134491948914913 -0.11060164922147751 -0.0004394218925811719 -1.2596273319307061 -0.13394812549035504 -2.1199737892525041 -0.55032490035410209 -0.46279875515347163 -1.4860649999800331 -0.21058345022078848 -1.2232373038911772 -0.33527616825876155 -0.27158088905205152 -1.026285891164584 -0.53025869499725831 -0.17809249925662438 -0.065450909705036933 -2.3521220152462439 -0.29728131192207219 -2.2064096871260102 -0.37959579493075807 -0.6341846408521925 0.24294024984407739 -1.8156167121574225 -0.40931417324431957 -0.67817611904918929 -0.20194457711647526 -0.27560622222320713 -1.2291616298528933 -1.1621366994960332 -0.20169465598035444 -0.6176331113565644 -0.83794852612203807 -0.21533510906470621 -0.7705157577822056 -2.238403906220984 -1.4149768945987296 -2.1905957753795229 -1.1396892944114123 0.0014800318934009055 -0.4912841277472394 -0.38028474314592675 0.028806008453488366 -1.3514498169241325 -0.14870196541711589 -0.1774673052927016 -0.067718962019914647 -0.33250505957745435 -1.762991394594313 -0.50414707253798652 -0.03120160658985454 -0.026084078837821725 -0.14160571237779815 -0.60056238332591261 0.0024169767853795426
leaf_weight=96885.185538589954 159.48169887065887 140595.87227261066 125.50548160076141 374.73182380199432 3175.179269015789 8547.0827382206917 17.626504600048065 154.15847760438919 3747.1349198818207 226.78748607635498 7098.7653976678848 1292.979464828968 16.706907451152802 5096.9739072918892 76.718513429164886 1633.8911296129227 1139.1837084293365 398.39853370189667 686.29316049814224 3857.9133569002151 7760.5013647079468 191.84301960468292 2506.2240687012672 1586.1342232823372 122.19699728488922 1456.3357048630714 10.783933401107786 62.492033183574677 9.5649723410606367 699.87364971637726 8.6149038672447187 491.90309518575668 93.32874071598053 181.94856077432632 129.37811797857285 170.26056551933289 238.2021507024765 834.24554842710495 570.57756531238556 161.54961848258972 599.98320734500885 50.112224519252777 418.6537766456604 184.78545445203781 124.0114706158638 78.782304286956787 15.665604352951048 99.961730062961578 41.041071712970734 35.438416659832001 27.252437233924866 87.843485832214355 58.892151474952698 98.388240039348602 5.4741806983947781 10.948361396789549 132.2664549946785 23.425197660923004 50.328962981700897
leaf_count=105359 127 148959 64 348 1402 7152 21 72 3547 29 2434 963 8 4699 44 1281 479 197 473 3283 6942 53 2222 324 20 1061 5 23 10 512 5 434 62 110 82 132 127 350 226 41 322 16 136 106 117 54 4 33 29 29 23 77 17 80 7 14 159 20 24
internal_value=0.000386683 0.0010618 -0.0113791 -0.000100536 0.000258089 0.000531616 0.00321918 -0.0202616 0.000791789 -0.00337139 -0.00488523 -0.00407967 -0.00762234 -0.00702912 -0.0243775 -0.00315515 -0.000796597 -0.0154575 -0.00716407 -0.00334874 -0.00306817 -0.00640991 -0.00570284 -0.0261306 -0.00985604 -0.00965625 0.00328345 -0.0167801 -0.0135332 -0.0168699 -0.0126878 -0.014009 -0.0277004 -0.0110613 -0.00800536 -0.0197202 -0.0193159 -0.00550742 -0.0117981 -0.0225071 -0.0143521 -0.0119132 -0.0108031 0.00329372 -0.0117219 -0.00732373 -0.0126886 -0.0205315 -0.0208588 -0.0128796 -0.0124766 -0.00422594 -0.025068 -0.00107973 -0.0207725 -0.00929281 -0.0219116 -0.0157702 0.00178978
internal_weight=294736 278744 15991.8 181143 166164 154524 97601.1 4750.62 144343 11639.9 7325.55 14979 11241.2 10067.8 2554.53 10181 4314.36 2196.09 2863.63 12115.3 11618.4 9251.38 7603.2 2071.82 496.929 1648.18 97229.8 482.709 371.253 1868.52 1173.41 816.437 1679.46 244.441 212.999 870.134 392.361 2127.23 1097.81 238.268 998.382 736.405 989.231 97168.4 615.915 327.57 145.044 108.577 200.523 114.221 61.4616 213.349 75.5991 283.174 158.254 16.4225 141.831 50.6776 67.9555
internal_count=294949 283592 11357 177678 165283 160939 105914 2190 152506 4344 2463 12395 9167 8742 803 8433 1881 1387 1802 10593 10225 8035 6921 585 368 1114 105593 218 321 1163 425 707 386 133 131 644 199 1313 400 85 519 489 362 105545 551 224 86 38 156 83 48 141 25 186 190 21 169 43 45
is_linear=0
shrinkage=0.0330689


Tree=10
num_leaves=49
num_cat=0
split_feature=2 15 1 22 1 38 5 4 1 22 1 4 0 30 38 33 1 0 33 0 11 19 30 23 21 8 28 22 18 4 1 28 30 28 21 22 4 32 28 25 28 0 32 9 33 26 28 9
split_gain=2075.58 751.983 407.459 326.499 178.748 206.013 93.5954 84.4676 62.5644 42.2007 31.5143 40.1867 29.8958 25.4911 24.6352 24.0141 23.4023 20.4179 19.9852 16.33 16.1736 15.1381 14.587 26.6307 11.5037 11.4582 10.438 9.61117 9.50991 9.34206 8.88306 8.67596 7.71046 7.42436 6.90119 6.16158 5.772 5.37825 4.85361 4.62968 4.60327 9.54247 3.95821 3.85214 3.7424 3.68978 0.595576 0.51003
threshold=16.675724029541019 -3.498293280601501 23.2382345199585 0.21600311249494555 6.9770436286926278 1.0000000180025095e-35 88.926731109619155 31.172650337219242 8.0890612602233904 2.5542645454406743 14.759599208831789 8.4217143058776873 0.03024999983608723 39.667619705200202 1.0000000180025095e-35 0.68388766050338756 3.7750099897384648 0.03024999983608723 0.21034996956586841 0.052749998867511756 0.80255013704299938 -115.40492630004881 43.097150802612312 50.602659225463874 0.92021200060844432 0.0065593235194683084 39.500000000000007 0.13544357568025592 0.088950440287590041 19.674172401428226 11.384126186370851 126.50000000000001 558.48370361328136 18.500000000000004 0.82416924834251415 1.0516322255134585 26.030408859252933 0.81140482425689708 166.50000000000003 0.0035416425671428446 735.50000000000011 0.11525000259280206 -0.24921270459890363 0.70283588767051708 -1.4584640264511106 -0.00021948014182271433 73.500000000000014 0.0071841541212052116
decision_type=2 2 2 2 2 2 2 2 2 2 2 2 2 2 2 2 2 2 2 2 2 2 2 2 2 2 2 2 2 2 2 2 2 2 2 2 2 2 2 2 2 2 2 2 2 2 2 2
left_child=1 -1 14 8 5 7 17 -5 16 15 26 -12 28 -7 19 34 27 36 20 24 33 29 23 -19 39 -22 -6 -3 -10 -21 -23 -17 -14 -16 -8 46 45 -24 -26 -2 44 -42 -18 -37 -11 -4 -20 -38
right_child=2 3 6 4 10 13 9 -9 12 40 11 -13 32 -15 18 31 42 22 35 21 25 30 37 -25 38 -27 -28 -29 -30 -31 -32 -33 -34 -35 -36 43 47 -39 -40 -41 41 -43 -44 -45 -46 -47 -48 -49
leaf_value=0.18457153049835454 -0.41438983599690271 0.081774858452842047 -0.24197267816237281 -0.012172501681698082 -0.20578455296330894 -0.20154507478058054 -0.33158253939615284 -0.24163499855486115 -0.0039746517882536308 -2.0818933348360971 -0.39105027244605894 -0.48009950072188468 -0.072090820845718426 -0.81758805787937405 -0.8579583197977747 -1.5822939261634077 -0.03090130169331497 -0.59695396477884421 0.075644519787202477 -0.36959802558984178 0.25770137299045431 -0.27785551430910638 -1.16253296884594 -0.80837249483763651 -0.71934644995088426 -1.5470365401064168 -0.10564526009766489 0.053123361227534006 -0.087950758053691597 -1.2735093523892811 -0.36793422880659948 -0.55867286461579546 -0.17418414237251773 -0.71906609215353101 -1.465917770949587 -1.6757727288523396 -0.53900676522664082 -0.50388798625000508 -0.36051760205673494 0.13079546059923855 -2.1139810876767959 -0.31997010727028635 0.0043628755534555579 -0.77612957602219779 -2.1531521315831506 -0.6817754899896763 -0.59545764858482642 -0.93561651592731854
leaf_weight=99342.700195014477 836.22809767723083 32493.523015141487 45.489449262619019 80256.940860927105 3412.5912529230118 2025.026195526123 15.599586844444273 5105.3894798755646 36.119112491607666 34.117466568946838 2046.7029436230659 1608.7099729180336 1639.5098130106926 5316.0512667298317 28.575277328491211 184.48831605911255 1546.3421182632446 251.81598609685898 8.6987931728363055 375.56180381774902 31.650348365306854 3223.7159159183502 500.43299984931946 1151.2709735035896 296.42307072877884 225.9814630150795 4999.5895121693611 35980.500295877457 171.24389731884003 689.46980565786362 1429.4801243543625 143.05216664075851 33.907877624034882 424.57479733228683 500.79157656431198 167.75693809986115 170.5830220580101 129.59310418367386 132.53518569469452 35.257174730300903 43.826030254364014 27.175079107284546 6134.1387654542923 15.793105959892271 1303.2792094945908 115.46601581573486 11.080400347709654 116.2844432592392
leaf_count=106723 575 38440 24 72228 2626 921 7 4124 45 6 1106 1106 1899 1734 8 88 1613 100 9 212 13 2924 299 719 297 84 3983 42956 204 369 1231 94 17 140 247 49 168 100 150 9 5 10 7062 6 151 82 13 29
internal_value=0.000402871 0.000990833 -0.0126923 -0.000267595 -0.00147378 -0.000980721 -0.0203725 -0.000523317 0.00135163 -0.0252699 -0.00525972 -0.00782858 -0.0046029 -0.00629638 -0.00810569 -0.0193153 0.00149897 -0.0159114 -0.0132374 -0.00743319 -0.0105516 -0.0066626 -0.0144653 -0.016367 -0.0108012 -0.0171996 -0.00414069 0.00169314 -0.0164355 -0.0102414 -0.0058379 -0.0121477 -0.00311784 -0.00670598 -0.0237973 -0.0224477 -0.0223927 -0.0101849 -0.0152898 -0.00855783 -0.02881 -0.0193005 -0.000230004 -0.0243493 -0.0292877 -0.016844 -0.00368273 -0.0253792
internal_weight=294815 282149 12666 182806 104771 92703.4 4733.27 85362.3 78035.3 2252.33 12067.6 3655.41 1880.78 7341.08 7932.78 843.932 76154.5 2480.94 914.111 7018.67 710.782 5718.23 2033.11 1403.09 1300.44 257.632 8412.18 68474 207.363 1065.03 4653.2 327.54 1673.42 453.15 516.391 203.329 447.823 630.026 428.958 871.485 1408.4 71.0011 7680.48 183.55 1337.4 160.955 19.7792 286.867
internal_count=295005 286787 8218 180064 87828 79007 2129 76352 92236 608 8821 2212 2165 2655 6089 436 90071 1521 322 5767 245 4736 1218 819 1031 97 6609 81396 249 581 4155 182 1916 148 254 77 303 399 447 584 172 15 8675 55 157 106 22 197
is_linear=0
shrinkage=0.0330689


end of trees

feature_importances:
bb_width=48
return_1d=46
volume_zscore_30d=38
price_lag_1d=37
return_14d=23
bb_pct_b=22
price_log=21
return_3d=19
return_7d=18
volume_lag_1d=18
vol_regime_60_30=17
macd_histogram=17
volume_mean_60d=17
volume_std_30d=15
price_std_14d=14
price_zscore_30d=13
rsi_14=13
macd_missing=13
return_30d=12
price_std_7d=12
volume_log_change_7d=12
price_std_60d=11
autocorr_1d=9
volume_lag_7d=9
return_60d=8
volume_log_change_1d=8
price_std_30d=7
log_return_1d=7
log_return_7d=7
macd_line=7
price_accel_7d=5
volume_price_conf_1d=4
rsi_missing=4
autocorr_7d=3
trend_divergence_30_60=2
macd_signal=2
price_tier=1
volume_price_conf_7d=1

parameters:
[boosting: gbdt]
[objective: quantile]
[metric: quantile]
[tree_learner: serial]
[device_type: cpu]
[data_sample_strategy: bagging]
[data: ]
[valid: ]
[num_iterations: 1000]
[learning_rate: 0.0330689]
[num_leaves: 63]
[num_threads: -1]
[seed: 73]
[deterministic: 0]
[force_col_wise: 0]
[force_row_wise: 0]
[histogram_pool_size: -1]
[max_depth: 6]
[min_data_in_leaf: 5]
[min_sum_hessian_in_leaf: 0.001]
[bagging_fraction: 0.7]
[pos_bagging_fraction: 1]
[neg_bagging_fraction: 1]
[bagging_freq: 5]
[bagging_seed: 5921]
[bagging_by_query: 0]
[feature_fraction: 0.65]
[feature_fraction_bynode: 1]
[feature_fraction_seed: 22355]
[extra_trees: 0]
[extra_seed: 3536]
[early_stopping_round: 0]
[early_stopping_min_delta: 0]
[first_metric_only: 0]
[max_delta_step: 0]
[lambda_l1: 0.5]
[lambda_l2: 1]
[linear_lambda: 0]
[min_gain_to_split: 0.1]
[drop_rate: 0.1]
[max_drop: 50]
[skip_drop: 0.5]
[xgboost_dart_mode: 0]
[uniform_drop: 0]
[drop_seed: 14602]
[top_rate: 0.2]
[other_rate: 0.1]
[min_data_per_group: 100]
[max_cat_threshold: 32]
[cat_l2: 10]
[cat_smooth: 10]
[max_cat_to_onehot: 4]
[top_k: 20]
[monotone_constraints: ]
[monotone_constraints_method: basic]
[monotone_penalty: 0]
[feature_contri: ]
[forcedsplits_filename: ]
[refit_decay_rate: 0.9]
[cegb_tradeoff: 1]
[cegb_penalty_split: 0]
[cegb_penalty_feature_lazy: ]
[cegb_penalty_feature_coupled: ]
[path_smooth: 0]
[interaction_constraints: ]
[verbosity: -1]
[saved_feature_importance_type: 0]
[use_quantized_grad: 0]
[num_grad_quant_bins: 4]
[quant_train_renew_leaf: 0]
[stochastic_rounding: 1]
[linear_tree: 0]
[max_bin: 63]
[max_bin_by_feature: ]
[min_data_in_bin: 3]
[bin_construct_sample_cnt: 200000]
[data_random_seed: 277]
[is_enable_sparse: 1]
[enable_bundle: 1]
[use_missing: 1]
[zero_as_missing: 0]
[feature_pre_filter: 0]
[pre_partition: 0]
[two_round: 0]
[header: 0]
[label_column: ]
[weight_column: ]
[group_column: ]
[ignore_column: ]
[categorical_feature: ]
[forcedbins_filename: ]
[precise_float_parser: 0]
[parser_config_file: ]
[objective_seed: 8155]
[num_class: 1]
[is_unbalance: 0]
[scale_pos_weight: 1]
[sigmoid: 1]
[boost_from_average: 1]
[reg_sqrt: 0]
[alpha: 0.1]
[fair_c: 1]
[poisson_max_delta_step: 0.7]
[tweedie_variance_power: 1.5]
[lambdarank_truncation_level: 30]
[lambdarank_norm: 1]
[label_gain: ]
[lambdarank_position_bias_regularization: 0]
[eval_at: ]
[multi_error_top_k: 1]
[auc_mu_weights: ]
[num_machines: 1]
[local_listen_port: 12400]
[time_out: 120]
[machine_list_filename: ]
[machines: ]
[gpu_platform_id: -1]
[gpu_device_id: -1]
[gpu_use_dp: 0]
[num_gpu: 1]

end of parameters

pandas_categorical:[]
