tree
version=v4
num_class=1
num_tree_per_iteration=1
label_index=0
max_feature_idx=38
objective=quantile
feature_names=price_lag_1d return_1d return_3d return_7d return_14d return_30d return_60d price_std_7d price_std_14d price_std_30d price_std_60d price_zscore_30d vol_regime_60_30 trend_divergence_30_60 price_accel_7d price_log price_tier log_return_1d log_return_7d autocorr_1d autocorr_7d bb_pct_b bb_width rsi_14 macd_line macd_signal macd_histogram volume_missing volume_lag_1d volume_lag_7d volume_std_30d volume_mean_60d volume_log_change_1d volume_log_change_7d volume_zscore_30d volume_price_conf_7d volume_price_conf_1d rsi_missing macd_missing
feature_infos=[0.029999999329447746:449.08499145507812] [-99.944244384765625:500] [-99.944244384765625:500] [-99.634101867675781:500] [-99.634101867675781:500] [-99.529632568359375:500] [-99.696243286132812:500] [0:82.714279174804688] [0:60.404327392578125] [0:66.041351318359375] [0:83.876434326171875] [-4.9878606796264648:5.2946515083312988] [0.70178574323654175:3191.88232421875] [-299759592013824:2771.76318359375] [-599.63409423828125:597.15875244140625] [-3.5065579414367676:6.1072120666503906] [0:4] [-7.4919800758361816:7.4919800758361816] [-5.610569953918457:7.4919800758361816] [-49972.125:104660.375] [-49817.05078125:133939.390625] [-0.54071199893951416:1.5621322393417358] [0.0016972259618341923:17.690479278564453] [0:99.998138427734375] [-23.050159454345703:37.798225402832031] [-20.377595901489258:34.973644256591797] [-9.5351839065551758:14.867011070251465] none [1:378600] [1:372357] [0:87607.3984375] [1:297578] [-6.308098316192627:10.422162055969238] [-6.7117404937744141:9.4828834533691406] [-4.9106183052062988:5.2923283576965332] [-99.39617919921875:500] [-99.944244384765625:500] [0:1] [0:1]
tree_sizes=6639 6672 6689 6759 6750 6766 6860

Tree=0
num_leaves=63
num_cat=0
split_feature=0 1 2 7 31 21 1 1 34 21 34 37 14 0 3 11 22 30 1 1 2 11 11 34 1 30 9 31 22 3 34 2 22 8 31 9 7 34 11 34 10 35 22 3 4 10 7 0 25 28 4 9 31 25 2 2 9 22 10 21 34 35
split_gain=12052.3 668.322 268.603 235.887 152.013 129.563 100.649 98.5042 94.6772 65.181 61.828 58.7051 51.8402 50.8178 49.0036 47.2533 44.53 37.3153 31.2868 30.7117 29.7196 29.0474 25.7578 24.4754 24.1704 24.0119 29.8463 22.7634 20.5125 19.0947 18.6925 19.6722 17.4161 16.9051 16.4964 16.3227 16.2317 15.4794 15.2138 13.29 12.6781 12.4814 12.2841 11.5333 11.3729 10.3687 10.1764 10.1508 11.9062 10.1427 10.0552 9.4478 9.32969 11.9592 9.28747 9.22587 7.53635 7.31422 7.2757 6.96495 5.75771 5.69285
threshold=0.03024999983608723 4.1540527343750009 -1.0000000180025095e-35 1.0000000180025095e-35 129.1055603027344 0.43734486401081091 -3.6356294155120845 9.4791135787963885 -0.21519058942794797 0.44409851729869848 0.96622970700263988 1.0000000180025095e-35 5.336869716644288 0.044250000268220908 45.185478210449226 -0.4747153222560882 2.5542645454406743 165.42481994628909 -3.3113759756088252 -18.503632545471188 11.542535781860353 0.18660134077072146 -0.18257769942283628 0.040891010314226157 -1.0000000180025095e-35 54.564630508422859 0.089317046105861678 71.569046020507827 2.5542645454406743 -6.6957373619079581 -0.27087041735649103 -13.688602447509764 0.43810600042343145 0.0065593235194683084 40.658334732055671 0.006199972005560995 0.0055296816863119611 -0.95154687762260426 -0.89605644345283497 -0.57757505774497975 0.96339824795722973 5.9334607124328622 0.3114840835332871 1.0000000180025095e-35 2.8217940330505376 0.0062876217998564252 0.0075376043096184739 0.034250000491738326 0.0042991244699805984 96.500000000000014 -12.187370777130125 0.002123351208865643 36.691667556762702 -0.069159947335720048 6.5697655677795419 1.2715232968330386 0.032632712274789817 2.5542645454406743 0.0057125592138618239 0.22164186090230945 3.0869361162185673 -30.220445632934567
decision_type=2 2 2 2 2 2 2 2 2 2 2 2 2 2 2 2 2 2 2 2 2 2 2 2 2 2 2 2 2 2 2 2 2 2 2 2 2 2 2 2 2 2 2 2 2 2 2 2 2 2 2 2 2 2 2 2 2 2 2 2 2 2
left_child=3 2 4 22 6 30 9 10 11 38 33 20 25 47 19 34 23 18 29 -15 24 41 -1 -14 -4 55 -27 -13 45 -6 59 57 -11 54 58 -12 51 -35 -2 -20 -30 -8 -23 -22 46 -19 -33 56 -49 -37 -16 -17 53 -38 -7 -9 -10 -32 -5 -3 -53 -61
right_child=1 5 8 15 17 7 21 12 13 32 35 27 16 14 50 36 -18 28 39 -21 43 42 -24 -25 -26 26 -28 -29 40 -31 31 44 -34 37 -36 49 52 -39 -40 -41 -42 -43 -44 -45 -46 -47 -48 48 -50 -51 -52 60 -54 -55 -56 -57 -58 -59 -60 61 -62 -63
leaf_value=0 0.16015553316035858 0.047171031864492952 0 0 0 -0.081294757818349564 0.023533973518433903 -0.16375086528555591 0 0.053363877898670101 -0.072091577000451504 -0.12512972538567346 -0.44712116344611008 0 -0.28475035399583898 0 -2.9586893329364403 0.043418791004009138 -0.010702671774699423 0 -0.089902442451993914 0 0 -0.24537592899567318 -0.030085461088581629 -0.20109755833435811 0.22104111452600109 0 -0.25601269289040846 0.065612825386607801 0.21790354497796269 -0.032656869089805217 -0.037516120693153548 -0.1488644262994599 0 -0.010744609071949461 0.49301337704776504 -0.077800187254939451 0.10533681627037807 0 -0.0077452807830778996 0.1157834426773577 -0.066235700548707227 -0.19121022646200356 -0.23392981275629413 -0.024972900428064281 0.041855984737560657 0 -0.28276750997331135 0.066257577313071386 -0.4877685651293473 0 0 0 -0.15283414579165217 -0.29735746203021707 0 1.0701552318068026 0 -0.31959289855006512 0.0099621571387581292 -0.068229528720585797
leaf_weight=7681.4568817615509 6615.3322302103043 349.65987867116928 15152.368181705475 391.17744433879852 3502.9811370372772 2853.7350941896439 20882.249781847 810.01860255002975 671.2111764550209 1832.9730995297432 680.53841185569763 1011.5004200935364 3724.3798645138741 1551.1442801356316 29.42908251285553 2284.5309748649597 1598.024433016777 1315.3613603711128 6858.8011559844017 33520.059722483158 945.08980596065521 4155.934322476387 80103.915437817574 3004.1165043711662 17155.890671551228 898.30809128284454 571.97414684295654 1907.7704531550407 410.66376197338104 4442.9812253117561 436.27525073289871 1276.6688132882118 2168.0909972786903 1542.7382470965385 1166.4165761470795 1196.6379577517509 19.286369323730469 7340.3893684148788 8227.6272538900375 13936.39643061161 150.26355791091919 535.34402167797089 2117.6391899585724 2514.6887184977531 181.92463159561157 6939.4515209197998 1757.1850070357323 1217.5500521063805 33.580217719078064 1056.5714981555939 700.83906853199005 2843.1234158873558 3108.844107568264 762.90120631456375 1560.5056923627853 2231.2554993033409 197.07753258943558 116.92989146709442 465.36950290203094 73.856628715991974 57.299889504909515 2612.40162140131
leaf_count=5444 7180 388 14489 396 3603 2679 20212 515 690 2099 845 146 3129 371 9 2840 202 1603 8057 35049 544 5250 94064 2658 18897 623 170 270 114 4360 254 1244 1505 1485 1037 1032 2 6634 5146 15808 38 368 2173 2100 110 7289 1607 1139 5 975 423 1507 565 363 1524 1624 26 18 257 32 29 2119
internal_value=-0.00709374 -0.00162023 -0.000567337 -0.0179742 0.000923307 -0.00633558 0.00238293 -0.0074469 -0.0022041 0.00453747 -0.00546329 -0.00353424 -0.00995148 -0.000846034 -0.000504513 -0.0127139 -0.0117448 -0.000884239 -0.000215775 -0.000299337 -0.00310728 0.000915315 -0.0186388 -0.0103677 -0.00274474 -0.00663226 -0.00258474 -0.00875096 -0.0030591 0.00182183 -0.00158243 0.0002053 0.00019933 -0.00657111 -0.00738982 -0.000428707 -0.0138959 -0.00559751 0.00570423 -0.000996218 -0.0101497 0.00158589 -0.00136784 -0.00648092 -0.000929469 -0.00257208 -0.000359208 -0.00659554 -0.00433478 0.00112367 -0.0102989 -0.0124574 -0.015801 -0.0118826 -0.00852085 -0.0085757 -0.00980475 0.00686559 -0.00329497 -0.00381408 -0.0109484 -0.0044773
internal_weight=295459 196574 160700 98884.3 84092.1 35874.1 46535.2 29069.2 76608.2 18844 16231.1 38687.3 12838.1 37920.9 35801.5 11098.9 8326.52 37556.9 28741.2 35071.2 35768 27691.2 87785.4 6728.5 32308.3 4511.56 1470.28 2919.27 8815.74 7945.96 6804.9 3768.98 4001.06 13297.4 2022.96 2933.75 9075.99 8883.13 14843 20795.2 560.927 21417.6 6273.57 3459.78 3215.78 8254.81 3033.85 2119.42 1251.13 2253.21 730.268 5184.95 3891.03 782.188 4414.24 3041.27 868.289 553.205 856.547 3035.92 2900.42 2686.26
internal_count=295334 188830 158963 106504 84805 29867 43933 24095 74158 15930 15174 36446 8921 37712 35852 6996 5989 40872 31828 35420 36030 28003 99508 5787 33386 2932 793 416 9044 7963 5772 3233 3604 12322 1690 2852 5306 8119 12326 23865 152 20580 7423 2644 2961 8892 2851 1860 1144 2007 432 4376 930 365 4203 2139 716 272 653 2539 1536 2151
is_linear=0
shrinkage=0.0382085


Tree=1
num_leaves=63
num_cat=0
split_feature=0 2 7 2 1 1 15 1 30 19 31 11 14 34 5 34 11 8 23 1 0 34 30 11 34 23 19 4 19 11 28 34 14 11 31 7 4 33 9 29 1 4 11 1 0 34 12 9 23 31 25 5 5 1 33 11 4 9 11 10 26 8
split_gain=12997.3 548.154 235.887 231.502 179.679 146.994 98.7488 82.4387 70.8238 49.3527 83.669 47.2533 45.8602 43.7972 37.4258 37.1603 32.6297 31.2415 30.9336 31.2524 30.2327 26.2747 26.179 25.7578 25.5069 23.4653 23.4584 22.3069 19.84 19.3233 20.804 18.4794 17.8219 17.0557 16.4964 16.2317 15.1579 14.3713 14.0385 13.6517 13.1255 14.0197 13.1007 12.5827 12.4495 12.2765 10.1329 9.4478 9.35891 9.32969 11.9592 9.57754 8.90867 8.32021 8.55374 8.53745 8.08547 7.66289 7.42588 7.2757 5.94358 5.88005
threshold=0.03024999983608723 7.9550316333770761 1.0000000180025095e-35 -1.0000000180025095e-35 9.4791135787963885 -3.9987699985504146 -3.498293280601501 3.4487067461013798 60.693204879760749 -1.0000000180025095e-35 71.569046020507827 -0.4747153222560882 56.945711135864265 -0.66976776719093312 16.08036041259766 0.87061420083045971 -0.10005075857043265 0.0061597884632647046 30.77406215667725 0.2713094055652619 0.044250000268220908 0.87061420083045971 36.486724853515632 -0.18257769942283628 -0.43530520796775812 30.77406215667725 73.982013702392592 -0.66993573307991017 -394.57060241699213 -0.22951653599739072 91.500000000000014 -0.041205942630767815 56.945711135864265 -0.4747153222560882 40.658334732055671 0.0055296816863119611 -1.0000000180025095e-35 0.75999823212623607 3.3994472026824956 125.50000000000001 -4.3565075397491446 -36.740051269531243 -0.33508959412574763 23.2382345199585 0.08624999970197679 1.1997777223587038 0.70710679888725292 0.002123351208865643 19.302588462829593 36.691667556762702 -0.069159947335720048 -34.475725173950188 16.08036041259766 14.759599208831789 0.065968964248895659 0.089563962072134032 59.953170776367195 0.035601176321506507 0.38096617162227636 0.0057125592138618239 -0.037489853799343102 0.0065593235194683084
decision_type=2 2 2 2 2 2 2 2 2 2 2 2 2 2 2 2 2 2 2 2 2 2 2 2 2 2 2 2 2 2 2 2 2 2 2 2 2 2 2 2 2 2 2 2 2 2 2 2 2 2 2 2 2 2 2 2 2 2 2 2 2 2
left_child=2 3 23 5 21 8 9 15 16 33 20 34 22 39 18 27 25 57 26 -20 -11 29 42 -1 -12 -2 -7 -8 -15 40 60 48 -32 -5 59 47 -19 43 -17 -9 41 -3 -6 -14 -33 -44 -23 -13 -24 50 -37 -51 -18 55 -55 -16 61 -10 -39 -4 -31 -48
right_child=1 4 11 6 12 14 7 13 17 10 24 35 37 28 53 38 52 36 19 -21 -22 46 31 -25 -26 -27 -28 -29 -30 30 32 44 -34 -35 -36 49 -38 58 -40 -41 -42 -43 45 -45 -46 -47 56 -49 -50 51 -52 -53 -54 54 -56 -57 -58 -59 -60 -61 -62 -63
leaf_value=0 0.032572880685511681 -0.43138669125235696 0 0 -0.077825079634771005 -0.018340097085065135 0 -0.14598243366020419 0.077942146104676188 0 0.38208536447913044 0 -0.37623933476379379 0.27731025254692349 0.00040893342459365304 0.02221426458224959 0.05528745595895776 0.012020990410172351 0.021315065897306289 0 0.0047810236731158544 0.090276253303394519 0.13509155455631527 0 0 0.12404854501688435 1.0777047111881588 -0.0121683238908486 -0.051032368349198547 -0.0055157941770462527 -0.052052152308712851 -0.23414253804661839 -0.49902713565473733 0 0 0.4741760574615268 -0.058375848384453907 0.65972410294193351 0.061626672130970631 -0.067650394079612763 -0.06368089256158424 0.23983458933551294 -0.41424172487970418 -2.6334684794265129 0.041664359134885448 -0.16529313842186269 -0.052340461636288409 0 -0.35277423250542789 0 0 0 -0.014422641987458086 -0.47093647545666401 -0.12004917181135719 -0.040575435645978458 -0.29687297013942132 0.25848116007290373 -0.78365399871845665 0 -0.14561611953824924 0.019627709787057194
leaf_weight=7681.4568817615509 1892.5465417504311 77.289454817771912 391.17744433879852 296.29098254442215 212.88988870382309 8923.5360215902328 18038.705838382244 2703.5318166613579 2197.962869822979 146.68179273605347 62.692096948623657 2284.5309748649597 353.39005291461945 323.98091489076614 2391.7899158000946 8907.9154609441757 2038.2607936263084 2997.1308556199074 28813.478796064854 17544.132928609848 264.67318671941757 112.38009262084961 42.88627028465271 80103.915437817574 484.76318293809891 13471.001698195934 121.98299169540405 32154.280464529991 11989.433735311031 239.60182273387909 4973.778185069561 540.23944193124771 388.70277041196823 1314.1621702313423 1166.4165761470795 19.286369323730469 2803.086530148983 43.90177971124649 209.22010201215744 1205.3771065473557 1867.007695555687 459.52512234449387 3287.2682603001595 1620.5497471094131 680.61281764507294 582.64496213197708 762.89723306894302 2900.4233053922653 1535.6296585202217 101.69198024272919 762.90120631456375 3007.1521273255348 1534.3727633357048 238.27020055055618 187.64883279800415 5995.5744004249573 220.28815770149231 197.90459406375885 589.07152146100998 465.36950290203094 6640.0332460999489 1893.4077984690666
leaf_count=5444 1796 38 396 249 175 9698 19045 2151 2608 125 31 2840 238 128 1493 9104 2302 2764 31083 17800 37 13 14 94064 83 10963 29 31223 11614 77 4878 433 248 753 1037 2 1810 18 143 1389 1734 320 2504 502 655 471 800 1536 1109 16 363 549 1442 111 106 6493 150 36 333 257 5626 1885
internal_value=-0.00667526 -0.000991249 -0.0179742 -0.000183767 -0.00603428 0.00112184 -0.0017113 -0.00146009 0.00347984 -0.0090799 -0.00216736 -0.0127139 -0.0102759 -0.00387427 0.000124935 -0.000799102 0.00476434 0.000507349 0.000493398 0.000892731 0.0107974 -0.00374952 -0.00862634 -0.0186388 -0.0119797 0.00553006 -0.00154887 -0.00120713 -0.00275056 -0.00441608 -0.00503211 -0.00574873 -0.00323321 -0.0131697 -0.00738982 -0.0138959 -0.00100349 -0.0146136 0.00144296 -0.0074035 -0.0012625 0.00397115 -0.0105891 -0.0162489 -0.00217527 -0.0110979 -0.00047042 -0.0124574 -0.00848675 -0.015801 -0.0118826 -0.0167726 0.00146047 -0.00218691 -0.00742506 -0.00191592 -0.000923159 0.00418037 -0.00944486 -0.00329497 -0.00642841 -0.000324124
internal_weight=295459 196574 98884.3 169450 27124 91348.7 78101.7 75532.4 27132.3 2569.26 958.81 11098.9 9489.08 16222.3 64216.4 59310.1 18936.2 8196.08 55403.1 46357.6 411.355 17634.9 6882.17 87785.4 547.455 15363.5 9045.52 50193 12313.4 14645.9 12242.1 2799.37 5362.48 1610.45 2022.96 9075.99 5800.22 2606.91 9117.14 3908.91 2403.82 536.815 4082.8 1973.94 1220.85 3869.91 2988.97 5184.95 1578.52 3891.03 782.188 3108.84 3572.63 8813.28 425.919 8387.36 2876.59 2395.87 632.973 856.547 6879.64 2656.31
internal_count=295334 188830 106504 166609 22221 90534 76075 74797 23721 1278 276 6996 6452 15282 66813 59515 16503 7218 58610 48883 162 15769 5361 99508 114 12759 9727 50268 11742 12921 10829 2211 5126 1002 1690 5306 4574 1091 9247 3540 2092 358 3150 740 1088 2975 2848 4376 1123 930 365 565 3744 8203 217 7986 2835 2644 351 653 5703 2685
is_linear=0
shrinkage=0.0382085


Tree=2
num_leaves=63
num_cat=0
split_feature=0 1 7 2 2 1 1 30 34 1 11 23 1 21 2 34 0 23 19 31 11 5 11 30 12 23 38 34 1 11 21 32 31 31 7 3 3 12 10 34 12 0 32 30 21 32 34 21 9 34 31 25 5 20 7 14 1 19 3 7 20 10
split_gain=13376.6 575.034 235.887 174.693 126.148 107.154 73.8354 73.6254 71.2802 49.3044 47.2533 40.6385 39.4629 38.4843 37.8561 35.4124 32.7997 31.5953 30.2222 27.4112 26.9209 25.974 25.7578 25.1322 25.0534 22.7939 21.9195 20.8876 20.4714 18.6555 17.9004 17.1008 19.9732 16.4964 16.2317 15.4607 14.7982 14.7514 14.4553 13.7092 13.1589 12.9516 12.511 11.2209 10.9525 10.3983 10.0807 9.81666 9.4478 9.34727 9.32969 11.9592 9.57754 9.29426 9.17389 8.62778 8.61701 8.15478 7.60299 7.54205 7.40679 7.2757
threshold=0.03024999983608723 6.2392175197601327 1.0000000180025095e-35 -0.84858962893486012 5.512413978576661 -3.9987699985504146 23.2382345199585 77.678073883056655 0.12433474510908128 2.4627904891967778 -0.4747153222560882 43.933382034301765 -18.503632545471188 0.30836795270442968 11.542535781860353 0.87061420083045971 0.034250000491738326 30.77406215667725 -394.57060241699213 179.89166259765628 -0.25438576936721796 88.926731109619155 -0.18257769942283628 83.297775268554702 0.71558824181556713 53.489831924438484 1.0000000180025095e-35 -0.8554004132747649 23.2382345199585 1.0000000180025095e-35 0.67683193087577831 1.3866302967071535 78.715476989746108 40.658334732055671 0.0055296816863119611 12.622056484222414 18.816685676574711 0.76651698350906383 0.01672005653381348 -0.60742518305778492 1.3524544835090639 0.039250001311302192 1.9832742214202883 20.659931182861332 0.52549895644187938 -0.22695187479257581 -1.0693289637565611 0.65964558720588695 0.002123351208865643 -1.0066784620285032 36.691667556762702 -0.069159947335720048 -34.475725173950188 36.767812728881843 0.0026106464210897688 -25.093986511230465 9.4791135787963885 -2.3950462341308589 5.556596279144288 0.11064486205577852 -50.902858734130852 0.0057125592138618239
decision_type=2 2 2 2 2 2 2 2 2 2 2 2 2 2 2 2 2 2 2 2 2 2 2 2 2 2 2 2 2 2 2 2 2 2 2 2 2 2 2 2 2 2 2 2 2 2 2 2 2 2 2 2 2 2 2 2 2 2 2 2 2 2
left_child=2 3 22 5 11 7 15 13 9 14 33 28 31 17 18 24 57 -2 -5 25 -8 -18 -1 37 60 40 36 -13 49 53 -25 32 -10 61 48 -15 -9 -22 -21 -26 -7 -28 -33 44 -11 -30 -40 -16 -12 -3 51 -36 -52 -29 -17 -27 -56 -14 -45 -51 -6 -4
right_child=1 4 10 8 6 19 20 26 12 43 34 27 16 35 47 54 21 -19 -20 38 23 -23 -24 30 39 55 41 29 45 -31 -32 42 -34 -35 50 -37 -38 -39 46 -41 -42 -43 -44 58 -46 -47 -48 -49 -50 59 52 -53 -54 -55 56 -57 -58 -59 -60 -61 -62 -63
leaf_value=0 0.035920772041730442 -0.20187964345755258 0 0 -0.24217233185270268 0.032893448781912145 0.012720307677786357 0.028146857722415621 0 -0.051890591093885427 0 -0.2207693984250744 0 0.077314523068609003 -0.089442270631830467 -0.13451244696621939 0.0050560258232203491 0.14423097678165914 0 0.00070074826793297491 -2.9243035386985929 -0.24452566738057332 0 0.81932161418186067 -0.24330622607910998 -0.073497303292518884 0.0050785096980008474 -0.035297010092318129 2.0850157189946152 -0.10858765070929759 -0.75642577377026077 1.3974660048543104 -0.20859383547552615 0 0.45605848428728035 -0.075178445835369839 -0.23240414184422162 -0.89228651398175185 -0.047912589939010396 -0.16953353183030909 0.0043174499820183808 -0.295672768730879 -0.24524104178552295 -0.062742771765485802 -0.096785404413453568 0.20260954249708218 -0.011239662368391815 -0.21127718522334413 0 -0.0015992559184083784 0 0 0 0.059096910465429933 0.02200476211168292 -0.00081441747222689561 -0.10068791365178728 0 -0.035133829698832234 0.22511290724823674 -0.35707731814453642 0
leaf_weight=7681.4568817615509 1816.8280889391899 157.37032753229141 391.17744433879852 1318.3513520956039 248.43961322307587 17130.085302174091 163.96256440877914 5136.2672067284584 342.57560628652573 1581.6460717916489 2284.5309748649597 1182.0212094187737 353.19101083278656 9038.4051337242126 1909.712802529335 172.65319389104843 31284.4877140522 8199.8144028186798 41399.749900698662 7614.2510191202164 1176.382152736187 502.95115792751312 80103.915437817574 106.53256750106812 2517.3544679284096 1084.2858935594559 68.934886991977692 2318.1762811541557 176.67604285478592 3618.2220395207405 656.83012682199478 161.92023622989655 616.47177636623383 1166.4165761470795 19.286369323730469 855.96607035398483 370.00984883308411 1918.2660681605339 1717.8831901550293 5184.611078441143 9439.6931105852127 1006.1876243948936 280.13206261396408 5008.4739254117012 2627.2600361704826 115.45881295204163 10338.608162641525 1826.5021324157715 2900.4233053922653 1221.4182247519493 101.69198024272919 762.90120631456375 3007.1521273255348 158.18116998672485 808.68068206310272 5694.6220115423203 1252.6155568361282 263.09282958507538 3615.716433942318 331.55057865381241 484.90580475330353 465.36950290203094
leaf_count=5444 1905 129 396 514 32 14395 87 5085 115 1254 2840 884 264 6570 1040 153 32851 8209 41428 9374 230 311 94064 38 2401 1030 33 1491 35 3355 370 34 136 1037 2 610 242 1205 2014 4769 11270 428 65 5113 2852 50 11113 1685 1536 1015 16 363 549 47 779 6435 1149 244 3719 202 71 257
internal_value=-0.00651157 -0.000745208 -0.0179742 2.46928e-05 -0.00629054 0.00134017 -0.00849465 0.00332461 -0.00109847 -0.00189691 -0.0127139 -0.00279648 0.000300718 0.0044827 -0.00131653 -0.00682338 0.00057329 0.00615536 -0.000992809 0.000347857 -0.0129172 0.00074371 -0.0186388 -0.0135629 -0.00795828 0.00101558 -0.000173296 -0.00412461 0.00201044 -0.00321268 -0.00724972 -0.00597384 -0.00883931 -0.00738982 -0.0138959 0.00278528 0.000795169 -0.0151064 -0.000782224 -0.00730499 0.0015207 -0.00516691 0.000159511 -0.00399471 -0.00562413 0.0113537 -0.0016061 -0.00500693 -0.0124574 0.000389384 -0.015801 -0.0118826 -0.0167726 -0.000639472 -0.00252012 -0.000958536 -0.00178791 -0.00814838 -0.00319479 0.00131078 -0.0147577 -0.00329497
internal_weight=295459 196574 98884.3 172604 23970.3 79511.8 14691.2 26492.4 93092.2 59287.4 11098.9 9279.07 33804.8 19911 46454.3 10669.3 32403.7 10016.6 42718.1 53019.4 4021.97 31787.4 87785.4 3858.01 8435.31 33348.7 6581.4 7276.6 2002.47 6094.58 763.363 1401.1 959.047 2022.96 9075.99 9894.37 5506.28 3094.65 19670.7 7701.97 26569.8 1075.12 442.052 12833.1 4208.91 292.135 12056.5 3736.21 5184.95 1710.34 3891.03 782.188 3108.84 2476.36 2233.95 6778.91 2061.3 616.284 8624.19 1552.97 733.345 856.547
internal_count=295334 188830 106504 170338 18492 78713 11284 23082 91625 57605 6996 7208 34020 17294 44667 9354 33670 10114 41942 55631 1930 33162 99508 1843 7273 33130 5788 5777 1431 4893 408 350 251 1690 5306 7180 5327 1435 22501 7170 25665 461 99 12938 4106 85 13127 2725 4376 1346 930 365 565 1538 2081 7465 1928 508 8832 1217 103 653
is_linear=0
shrinkage=0.0382085


Tree=3
num_leaves=63
num_cat=0
split_feature=0 17 7 2 2 17 34 17 4 17 14 31 4 24 23 2 3 34 0 9 23 30 17 22 34 29 34 9 9 8 21 29 17 30 21 24 8 21 4 17 8 30 34 34 4 4 21 2 34 21 14 17 25 9 9 34 14 4 31 28 7 7
split_gain=13443.9 567.641 235.887 161.674 123.001 98.2265 80.4258 73.6542 71.1364 44.8485 42.5881 38.6991 38.3502 37.8824 37.1817 36.806 34.2353 33.9163 33.2371 27.9871 27.3792 25.9201 24.9517 23.5951 21.9625 21.2752 20.2999 20.088 19.1899 18.6263 16.9254 16.3914 16.2402 15.9718 15.3171 14.7837 14.3476 13.715 13.5833 13.5559 11.3558 11.2771 11.1178 10.3156 10.2629 10.1891 9.56492 9.42699 8.95254 8.55824 8.52529 8.39829 8.25192 12.8505 8.16199 8.11564 7.99975 8.08792 7.99528 7.56522 7.33444 7.09532
threshold=0.03024999983608723 0.060523133724927909 1.0000000180025095e-35 -0.84858962893486012 5.512413978576661 -0.067436739802360521 0.12433474510908128 0.20894917100667956 -1.0000000180025095e-35 0.024329527281224731 -0.79355251789093006 308.75833129882818 1.9610944390296938 -6.5577496570767821e-05 43.933382034301765 11.542535781860353 45.185478210449226 0.87061420083045971 0.034250000491738326 0.47879944741725927 53.489831924438484 60.693204879760749 -0.033674433827400201 0.33486993610858923 0.87061420083045971 251.50000000000003 -0.95154687762260426 0.20692763477563861 1.0000000180025095e-35 0.009571162052452566 0.41878077387809759 314.50000000000006 0.20894917100667956 32.076774597167976 0.43734486401081091 0.049958622083067901 0.0016078427433967593 0.36209079623222357 -17.720543861389157 0.016809136606752876 0.0029281693277880554 30.796401977539066 1.0767267346382143 -0.35341800749301905 14.290558338165285 -9.614931106567381 0.65964558720588695 -1.4921990036964414 -1.0066784620285032 0.36209079623222357 -3.2119511365890498 0.090563602745533003 -0.014647783711552618 0.047012135386466987 0.023764601908624176 -1.0693289637565611 56.945711135864265 -9.614931106567381 129.1055603027344 343.50000000000006 0.11064486205577852 0.0055296816863119611
decision_type=2 2 2 2 2 2 2 2 2 2 2 2 2 2 2 2 2 2 2 2 2 2 2 2 2 2 2 2 2 2 2 2 2 2 2 2 2 2 2 2 2 2 2 2 2 2 2 2 2 2 2 2 2 2 2 2 2 2 2 2 2 2
left_child=2 3 28 5 14 8 9 17 21 15 44 20 43 33 32 19 18 30 -8 -5 22 35 -7 -22 54 59 52 -12 -1 -13 -6 -32 48 36 50 -2 -4 -15 -23 -20 -19 -26 -36 -9 -10 -34 -17 -38 -3 -49 -28 -42 -16 -54 -14 -31 -18 -58 -30 -11 -50 -35
right_child=1 4 13 6 7 11 16 12 10 25 27 29 24 37 26 46 56 40 39 -21 23 38 -24 -25 41 -27 34 -29 58 55 31 -33 45 61 42 -37 47 -39 -40 -41 51 -43 -44 -45 -46 -47 -48 49 60 -51 -52 -53 53 -55 -56 -57 57 -59 -60 -61 -62 -63
leaf_value=0 0.18230633148679318 -0.19416611774241299 0 0 -0.07056790688597897 0.053595184469628403 0 -0.88099551671518483 0.11928351396994441 -0.068536090575815917 -0.0057124740280512249 0.00011298593825277261 -0.76538943288891859 0 0.040800580801491002 -0.086024812374410051 -0.039713238094583311 -0.14529348058104005 0.011088865130621567 -0.032349822627161032 0.0045244243546044768 -0.00058057671319242609 0.014833070494095227 -0.065422399327686412 -1.1028247695947611 -0.018398592648244755 -0.038872500628408226 -0.1825924865784519 0 -0.064260033813873102 -0.21286202537692614 -0.086141536544150396 -0.1047533963713024 0 -0.1053253333966082 -0.011718553709982028 0 0 0.10609492685690844 -0.0010419578849025714 0.024823539791662793 -0.39364179836289553 0.0001284833312672964 0.0037353292251440626 0.039568532971103215 2.0539862617075002 -0.20320459319112552 0 -0.0015381506903603312 0 0.06539979832262563 -0.092246779995836845 -0.1602487157907882 -0.25786779980087299 -2.1700348579639215 -0.029168483753484534 -0.76125087264526647 -0.47574997483259918 0 -0.1837673321957376 0.21651167252674683 0
leaf_weight=72683.569193542004 6944.8002088665962 157.37032753229141 565.82278877496719 39237.867252647877 621.4494064450264 10136.745155096054 616.28384041786194 239.95410090684891 2010.1015948653221 9920.8283445835114 1997.0632215738297 7164.2527081370354 823.80391579866409 378.02666366100311 84.079296588897705 1909.712802529335 147.43533152341843 198.58376848697662 20792.930857777596 3480.234000146389 6506.490553021431 1112.5078834891319 30578.603188812733 3553.3236861824989 397.50509679317474 2638.8513789176941 642.17661714553833 704.15422338247299 6321.5209175944328 937.12996953725815 6974.6228388547897 839.23871904611588 70.036939918994904 2255.5119422078133 4384.728230714798 327.80945217609406 487.30118811130524 6065.8386853337288 1348.7085221409798 11799.096993267536 799.43699657917023 475.63549321889877 800.08237731456757 375.27952975034714 1150.549424469471 222.09791588783264 1826.5021324157715 224.34726697206497 1221.4182247519493 574.07818382978439 486.52314639091492 1235.9286677241325 492.04141879081726 386.96961313486099 1709.7953431606293 5039.6021608114243 33.375982642173767 415.69938826560974 8780.282208442688 273.41674381494522 331.55057865381241 548.02276796102524
leaf_count=90158 5860 129 508 39204 534 9389 508 105 1738 9754 1311 8689 602 277 74 1040 119 181 20706 2738 7821 997 30355 3428 191 3054 506 311 5838 1071 5856 883 49 1421 3511 186 295 3776 1297 12442 775 319 692 163 816 36 1685 171 1015 382 355 1125 465 174 550 5444 9 236 3512 130 202 166
internal_value=-0.00648278 -0.000701932 -0.0179742 6.30032e-05 -0.00621152 0.00132852 -0.00101749 -0.00838796 0.00404765 -0.00186564 0.00071488 0.000664416 -0.0128049 -0.0127139 -0.00276123 -0.00131203 0.000468889 -0.00671881 0.000632984 -0.000992809 0.00114309 0.00605063 0.00158438 -0.000639142 -0.0143946 -0.00386654 -0.00403162 -0.00279962 -0.0186388 -0.00118219 -0.00782956 -0.00831349 0.00183588 -0.0100588 -0.00323357 0.00720068 -0.00724806 -0.014625 0.00263607 0.000800325 -0.00250675 -0.00906009 -0.00411277 -0.00393558 0.00373057 0.0101588 -0.00495096 -0.00496364 0.000389384 -0.00752348 0.000771299 -0.00163244 -0.00921914 -0.0103196 -0.0162158 -0.00275732 -0.00859528 -0.0111341 -0.0173641 -0.0046588 0.00129154 -0.0118999
internal_weight=295459 196574 98884.3 172604 23970.3 79511.8 93092.2 14691.2 15595.7 59287.4 5861.87 63916.1 4021.97 11098.9 9279.07 46454.3 33804.8 10669.3 33208.3 42718.1 50775.2 9733.83 40715.3 10059.8 3406.74 12833.1 7276.6 2701.22 87785.4 13141 8435.31 7813.86 2002.47 4655.08 6313.51 7272.61 1851.55 6443.87 2461.22 32592 2233.95 873.141 5184.81 615.234 3160.65 292.135 3736.21 1285.73 1710.34 798.425 1128.7 2035.37 963.09 879.011 2533.6 5976.73 596.511 449.075 15101.8 10194.2 1552.97 2803.53
internal_count=295334 188830 106504 170338 18492 78713 91625 11284 12516 57605 4176 66197 1930 6996 7208 44667 34020 9354 33656 41942 50993 8340 39744 11249 1662 12938 5777 1622 99508 15204 7273 6739 1431 2943 5064 6046 1356 4053 2294 33148 2081 510 4203 268 2554 85 2725 848 1346 553 861 1900 713 639 1152 6515 364 245 9350 9884 1217 1587
is_linear=0
shrinkage=0.0382085


Tree=4
num_leaves=63
num_cat=0
split_feature=15 1 7 1 2 1 3 1 31 21 8 1 7 12 4 31 21 11 28 11 25 38 11 33 12 2 28 30 3 8 28 11 1 19 1 2 3 38 7 12 33 1 15 8 12 21 12 25 7 15 12 21 28 23 33 31 2 11 31 14 11 19
split_gain=12688.2 720.283 555.293 195.241 156.066 126.63 110.531 103.624 72.7663 66.8512 47.7365 47.4364 46.3007 40.7907 40.129 39.2281 104.265 37.559 51.1748 36.0788 28.5137 26.1156 25.7578 25.0131 24.3867 23.1917 21.9197 21.5459 21.2336 20.5122 27.208 19.6679 19.4316 18.3494 18.0149 16.5698 16.1353 15.2299 19.9584 14.8902 15.321 14.5806 14.3652 13.9408 13.8498 12.9174 12.3771 11.7893 11.7702 9.57691 9.57626 8.78409 12.309 8.63307 8.56289 8.32722 7.90173 7.81725 8.04994 7.72774 8.09025 7.65913
threshold=-3.498293280601501 6.2392175197601327 1.0000000180025095e-35 -1.6665523648262022 5.512413978576661 -1.6665523648262022 16.162512779235843 23.2382345199585 282.34092712402349 0.44409851729869848 0.008399739861488344 -6.5213146209716788 0.0024115295382216577 0.7895849645137788 1.9610944390296938 78.715476989746108 0.45190154016017919 -0.20251636952161786 176.50000000000003 0.18660134077072146 0.048948820680379874 1.0000000180025095e-35 -0.18257769942283628 0.68388766050338756 0.71558824181556713 -1.2723995447158811 73.500000000000014 13.224085330963137 1.7547135353088381 0.0029281693277880554 292.50000000000006 -0.4747153222560882 -12.815038681030272 -2.8146580457687373 1.3606455922126772 7.9550316333770761 45.185478210449226 1.0000000180025095e-35 0.11064486205577852 1.8194329738616946 0.16910026967525485 8.0890612602233904 -2.8259984254837032 0.0016078427433967593 0.73783251643180858 0.37454472482204443 0.71558824181556713 0.071762565523386015 0.033886980265378959 -2.3618079423904415 0.71558824181556713 0.43734486401081091 222.50000000000003 52.500360488891609 -0.43278941512107844 52.324998855590827 21.965879440307621 -0.18257769942283628 1459.1583251953127 31.312847137451175 1.4010179042816164 -26.918691635131832
decision_type=2 2 2 2 2 2 2 2 2 2 2 2 2 2 2 2 2 2 2 2 2 2 2 2 2 2 2 2 2 2 2 2 2 2 2 2 2 2 2 2 2 2 2 2 2 2 2 2 2 2 2 2 2 2 2 2 2 2 2 2 2 2
left_child=2 3 22 6 19 12 8 29 9 11 50 -2 45 57 59 16 43 24 25 37 21 31 -1 56 26 55 27 -5 44 -6 46 -14 -12 -28 -27 -11 54 51 49 40 -26 -40 -30 -15 -20 -4 -31 48 -38 -39 -10 -3 -53 -25 -8 -19 -16 -7 -59 60 -9 -56
right_child=1 4 5 17 7 13 36 14 10 35 32 -13 20 15 23 -17 -18 18 28 -21 -22 -23 -24 53 39 34 33 -29 42 30 -32 -33 -34 -35 -36 -37 47 38 41 -41 -42 -43 -44 -45 -46 -47 -48 -49 -50 -51 -52 52 -54 -55 61 -57 -58 58 -60 -61 -62 -63
leaf_value=0 0.13501249454414591 0 0 0.08933088244345036 -0.2388033527994565 0 -0.16514727138138044 0.0094792736022521473 0.24371787308505363 0.011144536183612897 -0.29102737019328828 0.040687288089117986 0.12736178512316848 0 -0.34800789404655352 0 0.0045983477558432725 0.012061003525996816 -0.072048646227923924 -0.13479266129259337 0.0012360393769334044 0.0092414128600744848 0 -1.2760502320648446 -0.00084550906530285745 -0.021443967990344589 -0.001205843409435679 -0.067396709958743709 -0.071681452160335862 -0.31623748294120607 -0.03815048392116465 0 -0.032982351360960074 0.11546038420601382 -0.051139752871467062 -0.07526954496436386 -0.18518550169584355 0.15420806325053052 -0.32445371846232129 -0.011215558037229179 0.018986636365771917 1.0168294755872753 0.0069632447983884174 0 -0.0080212936702086582 0 -0.17640244796200175 0.03125189949212883 -0.56076292347789791 -0.20544256789027909 0.026314867438311514 -0.087971354919928399 0.015006489429885906 -0.60225050775682609 -0.14175720556080634 -0.0079402591108294548 -1.8629694896320534 0 0 -0.66682665020139964 -1.7787811070482047 0.0083029301009407402
leaf_weight=7681.4568817615509 12784.115743100643 2418.4583968520164 411.63120067119598 238.12626308202744 1285.3713974952698 2994.6154216527939 769.98968577384949 364.95627772808075 173.3044661283493 13812.315140724182 829.82206410169601 21054.110024750233 659.07570362091064 798.07850521802902 314.16205739974976 1895.3923271894455 258.06851863861084 3062.5479037761688 644.80895042419434 4180.3720464706421 154.29095458984375 138.00187742710114 80103.915437817574 234.13559550046921 20882.990091919899 15281.340478539467 312.19315946102142 594.23538649082184 1442.4651551246643 821.15896964073181 1365.2565227746964 891.84170311689377 5025.5092976689339 710.20064127445221 16664.519182503223 1559.4236917495728 459.7844266295433 209.24871468544006 73.597093343734741 9933.328525364399 8799.0945823788643 338.55454963445663 12353.234627664089 1414.4370047450066 8116.5005185008049 800.58468180894852 8027.1460410952568 115.23482298851013 674.95295119285583 158.09872627258301 5634.4087662696838 2165.2832745909691 248.74667590856552 858.68050241470337 893.41936212778091 5591.1340859532356 2950.4540151357651 1330.875900387764 38.837014675140381 221.79613333940506 141.52183532714844 1097.4954169392586
leaf_count=5444 9427 2074 388 33 1305 1403 597 156 23 13661 322 20275 473 845 235 1143 33 2679 96 3798 16 35 94064 85 23229 14250 43 84 1571 105 1339 390 5019 103 16246 1255 278 62 22 12280 9773 75 14301 1024 9240 631 7308 80 305 77 6709 1223 180 534 697 5259 1198 691 27 115 45 956
internal_value=-0.00648701 -0.000841657 -0.0175928 7.20774e-05 -0.00671507 -0.00979796 0.00171893 -0.00897449 0.00212416 0.00276741 -0.000586642 0.00371683 -0.00308587 -0.0121424 -0.0135239 -0.00950435 -0.00630124 -0.000948848 -0.00153548 -0.00288429 0.00070959 -0.000707029 -0.0186388 -0.0149162 -5.45088e-05 -0.00234621 0.00422582 -0.000334039 -7.4581e-05 -0.00695854 -0.00637707 -0.0021476 -0.00302349 0.00797385 -0.00282181 0.000674899 -0.00442126 -0.000874387 0.00406565 -0.000255925 0.000171451 0.00985053 0.000857838 -0.00899384 -0.00154711 -0.00888641 -0.00715267 -0.00803846 -0.00922988 -0.00232549 0.00186365 -0.00167948 -0.00330994 -0.00981862 -0.00276861 -0.000586005 -0.0166091 -0.0147712 -0.0172776 -0.00513704 -0.00243054 -0.00141963
internal_weight=295459 195888 99571.1 169511 26377 11785.7 64883.9 16584.6 60873 49210 11663 33838.2 3055.43 8730.3 5085.71 4365.98 2470.58 104627 63156.6 9792.36 1843.21 1688.92 87785.4 4357.43 41470.2 40599.5 1854.76 832.362 22557 11498.9 10213.6 1550.92 5855.33 1022.39 31945.9 15371.7 4010.88 5611.99 779.499 39615.4 29682.1 412.152 13795.7 2212.52 8761.31 1212.22 8848.31 1249.97 1134.74 367.347 5807.71 4832.49 2414.03 1092.82 2760.9 8653.68 3264.62 4364.33 1369.71 728.274 506.478 1990.91
internal_count=295334 188727 106607 168791 19936 7099 59604 12425 56691 44618 12073 29702 1933 5166 2368 3045 1902 109187 63642 7511 914 898 99508 2052 45545 38434 263 117 25208 10057 8752 863 5341 146 30496 14916 2913 3713 236 45282 33002 97 15872 1869 9336 1019 7413 663 583 139 6732 3477 1403 619 2250 7938 1433 2121 718 316 201 1653
is_linear=0
shrinkage=0.0382085


Tree=5
num_leaves=63
num_cat=0
split_feature=0 2 7 21 14 30 34 11 2 23 15 11 9 22 34 2 12 11 26 15 37 35 11 11 7 15 30 21 34 22 4 8 10 23 21 5 25 30 24 2 12 30 11 22 0 4 12 21 7 9 22 19 23 30 10 24 35 14 5 7 8 2
split_gain=13697.3 467.68 231.004 166.089 108.482 71.4297 63.8145 53.0566 52.0223 56.9617 47.9226 32.7726 32.3574 32.3127 28.2075 25.9291 23.4827 23.4477 22.0819 20.9994 32.2648 18.2652 18.1599 17.5211 17.5046 17.2965 16.7775 16.5279 15.6851 16.6646 13.496 14.987 13.3999 11.8231 11.7568 11.74 13.5171 11.6914 11.8757 11.0659 10.6048 10.5823 10.3986 9.9216 8.4151 8.40991 18.4489 8.17355 7.92041 7.65131 8.59933 7.46266 7.21258 7.19477 6.25485 6.19604 6.19527 7.68662 6.82929 5.80515 5.77548 5.76207
threshold=0.03024999983608723 11.542535781860353 1.0000000180025095e-35 0.44409851729869848 56.945711135864265 123.43832778930665 -0.15104751288890836 -0.33508959412574763 -5.2733623981475821 32.539007186889656 -3.498293280601501 -0.85058709979057301 0.47879944741725927 2.5542645454406743 0.040891010314226157 6.5697655677795419 1.1766741871833803 -0.20251636952161786 0.026773284189403061 -1.1139800548553465 1.0000000180025095e-35 53.821811676025398 -0.98891782760620106 -0.18257769942283628 0.0085370340384542959 -3.498293280601501 64.233142852783217 0.57425984740257274 1.0767267346382143 2.5542645454406743 -1.0000000180025095e-35 0.35711947083473211 0.13650704920291903 52.001169204711921 0.86915129423141491 1.9804208874702456 -0.0055486606433987609 20.659931182861332 0.014953779987990858 2.7032873630523686 0.71558824181556713 57.46551704406739 1.0000000180025095e-35 2.5542645454406743 0.080249998718500151 -4.4940264225006095 0.71558824181556713 0.39764495193958288 0.061147946864366538 0.0053931095171719798 1.397558391094208 -115.40492630004881 75.11261367797853 57.46551704406739 0.48847194015979772 -0.0028092564316466446 -13.939944744110106 9.1019530296325701 -1.0000000180025095e-35 0.0080237737856805342 0.0042026285082101831 34.055976867675788
decision_type=2 2 2 2 2 2 2 2 2 2 2 2 2 2 2 2 2 2 2 2 2 2 2 2 2 2 2 2 2 2 2 2 2 2 2 2 2 2 2 2 2 2 2 2 2 2 2 2 2 2 2 2 2 2 2 2 2 2 2 2 2 2
left_child=2 3 23 5 14 8 15 41 9 22 12 -11 -10 34 17 19 -12 56 30 27 -21 28 -2 -1 25 59 33 -5 39 -30 48 -32 -23 -19 -6 36 -27 47 44 -8 -20 49 -15 -40 -39 46 -17 -16 -7 -4 -51 -49 -28 -47 -42 -37 58 -58 -3 -9 -43 -36
right_child=1 4 7 6 13 18 21 24 10 11 16 -13 -14 42 37 45 -18 26 40 20 -22 32 -24 -25 -26 35 52 -29 29 -31 31 -33 -34 -35 61 55 -38 38 43 -41 54 60 -44 -45 -46 53 -48 51 -50 50 -52 -53 -54 -55 -56 -57 57 -59 -60 -61 -62 -63
leaf_value=0 0.019196818189698515 0.03653561325206111 0 3.9117429926840654e-05 -0.17508945912780507 -0.0035099300955425852 0.00019887845421853501 0 0 0.11402356432930878 0.025675138101602761 0.053583436178953538 0.0012360393769334044 -0.53790771660220926 0.1310042161640122 0.08876143971672372 0.0011818271004940058 -0.17830057114300757 0.007546375858067271 -0.02351730514915024 -0.19741129913141403 -0.47020379299666243 -0.094951794128112485 0 0 -0.047989068599064558 -0.1874521650731186 -0.036155969318464709 0.007294453692910435 0.054228994866820257 0 -0.35184975271468649 0.087055632188495796 -0.28827436043992216 -0.32040208386893404 -0.3930337187015796 -0.12129936915041455 -0.13297111114191648 0.043868678983005685 -0.01707109287185939 -0.044674367081257674 0 -2.9417260806547927 0.07559416950755371 -0.022305831162191581 -0.091075366613413894 -0.043412073902271725 -0.42307450905637362 0.036810493153421428 0 0 -0.13235705145941079 0.0099897967547424617 -0.050466463889686598 0.014297577280491646 -0.23365312248754727 0.082654604726844758 -0.1110069542262226 -0.45366883743677455 -0.78033860712667202 0 -0.91306438045408755
leaf_weight=7731.4377018809319 3745.255034506321 57.975584268569946 1182.6471045017242 10559.124206960201 645.49751561880112 9230.3704335093498 18554.004081785679 2783.2001353502274 1454.7668162584305 8556.0798871517181 25325.711041927338 11453.28594148159 75.322550773620605 125.98252546787262 92.388108432292938 81.781265377998352 23767.799281656742 1591.1318103671074 115.71821594238281 17202.167802095413 1333.354012966156 331.60459494590759 1517.2702207565308 80058.159730553627 3084.0919592380524 35.034729480743408 1777.1580846309662 12044.57455688715 9502.640547990799 926.5097451210022 2916.3612095117569 681.1156108379364 110.67830568552017 3924.237176835537 302.84027683734894 189.54737710952759 420.39923387765884 1079.081579208374 690.89415401220322 11822.099610507488 20.850420951843262 594.72386294603348 1254.8873391151428 72.624149560928345 1552.8552724719048 3731.4332526922226 464.96801137924194 331.68329095840454 904.29860132932663 575.36772012710571 186.64662313461304 1561.9595718383789 405.27978163957596 1614.9377376437187 68.592838525772095 1207.2622838020325 567.63539588451385 585.56713926792145 141.5296003818512 15.884794950485228 715.02004212141037 1355.5959253907204
leaf_count=5427 4395 39 1273 7142 382 10556 19355 2142 1088 9563 19863 7384 8 19 81 11 29202 895 12 20278 175 170 768 94222 536 8 1351 12869 10643 105 1867 170 58 3457 268 28 315 920 766 12539 4 607 179 12 1481 3737 433 200 894 347 64 1372 360 1712 60 1230 375 479 60 7 399 868
internal_value=-0.00642124 -0.000579688 -0.0180253 1.5008e-05 -0.00642831 0.00117185 -0.00116175 -0.0127907 0.00163378 0.00305024 0.000925895 0.0039807 -0.00572787 -0.0122863 -0.0049296 -0.0021238 0.00113411 -0.00623545 -0.00134081 -0.00178268 -0.00273714 -6.38406e-05 -0.000480396 -0.01868 -0.0145204 -0.0129997 -0.0070521 -0.000998264 1.89796e-05 0.0012983 -0.00152932 -0.0035428 -0.00778256 -0.0081816 -0.00947486 -0.0100659 -0.00459301 -0.00272598 -0.00134823 -0.00041901 0.0110641 -0.00866613 -0.0169444 0.00282206 -0.00257284 -0.00449835 0 -0.00506131 -0.000810694 -0.00682513 -0.00374731 -0.00561335 -0.00417895 -0.00495989 0.000719895 -0.0118207 -0.00155905 -0.000446955 -0.00777907 -0.0149254 -0.0113668 -0.0111968
internal_weight=295009 196229 98779.4 178113 18116.8 89832.8 88279.9 10989.8 75895.5 25271.9 50623.6 20009.4 1530.09 3684.8 14432 47032.3 49093.5 9050.51 13937.3 41139.2 18535.5 41247.5 5262.53 87789.6 7735.42 4651.33 7697.81 22603.7 40805.3 10429.2 13732.1 3597.48 442.283 5515.37 2303.93 1852.24 455.434 5381.49 3395.46 30376.1 205.161 3254.41 1380.87 763.518 2631.94 5893.12 546.749 1986.03 10134.7 1944.66 762.014 1893.64 2182.44 5346.37 89.4433 1396.81 1352.71 1153.2 199.505 2799.08 1309.74 1658.44
internal_count=295230 188625 106605 175061 13564 85834 89227 6956 72271 22110 50161 16947 1096 1716 11848 46357 49065 7016 13563 40464 20453 42870 5163 99649 4266 3730 6063 20011 42642 10748 13487 2037 228 4352 1518 1581 323 4832 3179 31894 76 2690 198 778 2401 5893 444 1653 11450 1684 411 1572 1711 5449 64 1258 953 854 99 2149 1006 1136
is_linear=0
shrinkage=0.0382085


Tree=6
num_leaves=63
num_cat=0
split_feature=0 1 8 3 1 4 34 34 1 3 9 2 4 31 2 28 2 1 25 4 30 29 25 9 1 3 2 30 35 34 15 2 25 10 3 34 4 9 28 1 34 36 34 4 26 14 14 6 19 24 25 19 9 0 31 26 28 26 1 4 0 33
split_gain=13717.3 497.016 194.611 134.163 121.215 91.4109 80.415 70.832 67.995 58.7346 43.2448 40.5482 38.1708 34.4093 33.8866 32.6279 30.8472 25.616 25.2257 25.2148 24.3603 20.5164 20.2595 19.7709 19.4757 20.8103 19.0193 17.906 16.1233 15.9491 15.2183 26.6132 24.1093 21.8925 15.1506 14.7127 13.2489 12.9281 11.4732 11.1361 10.8059 17.2762 10.7865 10.5457 10.3477 10.106 9.89429 9.70401 9.3293 8.65924 8.23871 9.59598 8.08271 8.04338 7.21132 7.09224 7.04789 7.02086 6.58793 6.2292 6.22859 6.0315
threshold=0.03024999983608723 4.5539472103118905 1.0000000180025095e-35 45.185478210449226 -1.6665523648262022 -1.0000000180025095e-35 0.040891010314226157 -0.38016845285892481 -6.5213146209716788 45.185478210449226 0.027776333503425125 -9.0898876190185529 1.0000000180025095e-35 214.091667175293 1.7243260741233828 222.50000000000003 -1.0000000180025095e-35 23.2382345199585 0.014833127148449423 13.102928638458254 77.678073883056655 341.50000000000006 -0.046351306140422814 0.14966367185115817 1.530751705169678 4.6245298385620126 -1.2723995447158811 123.43832778930665 53.821811676025398 1.0767267346382143 -1.1139800548553465 4.615575075149537 0.03394043259322644 0.01245527481660247 -4.8772230148315421 -1.0066784620285032 6.4517722129821786 0.0016918074688874187 252.50000000000003 9.4791135787963885 1.0767267346382143 3.7314256429672246 0.37497001886367803 -19.995171546936032 0.0071957930922508248 1.0000000180025095e-35 56.945711135864265 24.286684036254886 73.982013702392592 -1.0000000180025095e-35 0.048948820680379874 -4.3610236644744864 0.038859790191054351 0.08624999970197679 38.587963104248054 -0.0045177589636296025 271.50000000000006 0.017825515009462837 2.2472931146621709 22.390940666198734 0.28824999928474432 1.2042430043220522
decision_type=2 2 2 2 2 2 2 2 2 2 2 2 2 2 2 2 2 2 2 2 2 2 2 2 2 2 2 2 2 2 2 2 2 2 2 2 2 2 2 2 2 2 2 2 2 2 2 2 2 2 2 2 2 2 2 2 2 2 2 2 2 2
left_child=2 4 57 7 5 8 30 14 20 12 16 36 18 22 35 29 37 42 -7 -14 26 39 -10 -17 -18 56 -2 44 40 -13 31 32 -6 54 -15 49 48 -4 -33 -16 41 -8 55 -22 61 -35 -42 -37 -9 -3 -11 -52 -23 -29 -32 -5 -26 -1 -30 -55 -46 -19
right_child=1 3 10 17 6 9 28 11 13 50 -12 15 19 34 21 23 24 27 -20 -21 43 52 -24 -25 25 -27 -28 53 58 -31 33 38 -34 45 -36 47 -38 -39 -40 -41 46 -43 -44 -45 60 -47 -48 -49 -50 -51 51 -53 -54 59 -56 -57 -58 -59 -60 -61 -62 -63
leaf_value=0 0.16277261929888873 -0.066001226153279927 0 0.32666963679650102 -1.4946197471083755e-06 0 0.0016145744310800249 0.11220440098907035 -0.0086661960841478043 -0.44028251874178187 0 -0.089751571214166451 0.026977543491990889 -0.0086947282080030667 -0.11294066088308678 -0.025879841491029221 0 -1.0909024385850441 0.00094578669062062894 -0.017609915925789438 -0.0057745330982691464 -0.096255670503096899 0.044179664725834858 0.17030016607236043 -0.11237182530368041 -0.43146031447503863 0.065278185314223677 -1.095764309581339 -0.43834309025472884 -0.038318880168975222 -1.9810132171593571 -0.08170246729746343 0.052027273080260089 -0.025785330401011625 0.021439470950297596 -0.01725845102147136 -0.093692202907118591 0 -0.017376612405844805 -0.31106635360446699 0.020876655608367191 -0.067563832032642615 -0.077948067833127604 0.069732711186097904 -2.8519875407800748 -0.010911053183369167 -0.17374394965598192 -0.14636304348756407 1.4933607934509219 -0.20652338530195433 -0.41576702509544061 0.08908355023468166 0.038128958831370421 1.086791259821674 -0.073452416760765471 -0.46311361181439581 0.12252789267433639 0.6368089165062174 -0.016729845034198266 -0.33011701863948778 -1.1367759186236082 -0.48907401026319858
leaf_weight=81611.359169721603 7654.7992659807205 501.34369593858719 467.78196829557419 30.109754920005798 24033.866731703281 6992.3430871963501 25021.064598619938 890.0624932050705 2093.2733165621758 941.8982537984848 6698.4182533025742 10131.740120410919 14880.773976206779 3984.5491371154785 3667.3936624526978 2945.4621651768684 6635.7493191361427 680.49896609783173 239.55267524719238 7101.6306807398796 1024.7112270593643 465.01711422204971 15790.844330847263 528.97454291582108 577.99511867761612 1106.7989572882652 2172.7751753926277 157.47597259283066 151.2363623380661 3231.5700938105583 258.85054445266724 4295.0497090816498 569.7187374830246 12351.236134767532 3154.9334899187088 2228.545945763588 345.4126803278923 1542.1014664173126 1566.8244607448578 3007.5425692200661 11754.767884910107 1164.2685846686363 306.39078205823898 1429.0348475575447 1100.1851540803909 13378.571910440922 89.402669012546539 553.78834944963455 166.97751575708389 594.4662464261055 90.690162181854248 90.584571599960327 235.11339044570923 26.581549167633057 886.03524732589722 650.8152956366539 124.88370668888092 14.335339546203612 78.884541630744934 135.37995046377182 277.87305068969727 128.5867435336113
leaf_count=95706 6334 437 569 5 22597 3612 27312 547 2218 497 857 8852 14999 4599 3432 3238 6629 310 45 6272 883 556 15331 303 535 1003 1574 72 80 2930 34 3603 79 14369 3547 1636 210 1208 1698 2349 12600 1129 252 1354 203 16211 33 429 30 343 61 54 189 10 296 468 91 7 54 94 186 69
internal_value=-0.00640802 -0.000562214 -0.0180205 -0.0048399 0.000301982 0.0015399 -0.000573525 -0.00399913 0.00280655 -1.64023e-05 -0.0143106 -0.00252482 0.000312044 0.00166145 -0.00638523 -0.00304599 -0.0127579 -0.0119246 -0.00209395 0.00110535 0.00513645 -0.00790974 0.00255703 0.000242231 -0.0137779 -0.0101895 0.00598829 -0.0139921 0.000782441 -0.00390376 -0.00147894 -0.000892138 -0.000339156 -0.0021427 -0.000576614 -0.00347556 0.00370403 -0.00845039 -0.00320639 -0.00856375 0.000844432 0.000409361 -0.00663275 0.00170861 -0.015236 -0.00191056 0.00180301 -0.00197903 0.00583785 -0.00723786 -0.00858979 -0.000893093 -0.00161833 -0.00534493 -0.00732327 -0.00931397 -0.00495641 -0.0187996 -0.00927606 0.000411482 -0.0173122 -0.0116442
internal_weight=295009 196229 98779.4 32987.3 163242 67642.4 95599.8 29493.4 37304.9 30337.5 17153.7 18240.2 29214.3 25023.6 11253.2 16837.7 10455.3 3493.9 7231.9 21982.4 12281.3 7375.07 17884.1 3474.44 8445.43 1809.68 9827.57 2506.58 38259.6 13363.3 57340.2 30465.5 24603.6 26874.7 7139.48 3878.14 1402.45 2009.88 5861.87 6674.94 38029.5 26185.3 987.316 2453.75 2187.14 25729.8 11844.2 2782.33 1057.04 1095.81 1123.17 181.275 700.131 319.437 1144.89 680.925 702.879 81625.7 230.121 161.961 1378.06 809.086
internal_count=295230 188625 106605 27150 161475 61380 100095 25481 35840 25540 10892 16110 24928 25695 9371 15323 10035 1669 3657 21271 10145 6526 17549 3541 8258 1629 7908 944 41208 11782 58887 27977 22676 30910 8146 2845 787 1777 5301 5781 41074 28441 725 2237 768 30580 12633 2065 577 780 612 115 745 176 330 473 626 95713 134 104 389 379
is_linear=0
shrinkage=0.0382085


end of trees

feature_importances:
volume_zscore_30d=36
return_1d=35
return_3d=28
price_zscore_30d=28
return_14d=21
price_std_7d=20
bb_pct_b=20
price_std_30d=19
volume_mean_60d=19
volume_std_30d=18
price_lag_1d=16
return_7d=14
vol_regime_60_30=13
price_std_14d=12
price_accel_7d=12
rsi_14=12
macd_signal=12
autocorr_1d=10
bb_width=10
volume_lag_1d=10
price_std_60d=9
price_log=8
log_return_1d=8
return_30d=7
volume_log_change_7d=6
macd_line=5
macd_histogram=5
volume_price_conf_7d=5
volume_lag_7d=4
volume_log_change_1d=3
macd_missing=3
autocorr_7d=2
rsi_missing=2
return_60d=1
volume_price_conf_1d=1

parameters:
[boosting: gbdt]
[objective: quantile]
[metric: quantile]
[tree_learner: serial]
[device_type: cpu]
[data_sample_strategy: bagging]
[data: ]
[valid: ]
[num_iterations: 1000]
[learning_rate: 0.0382085]
[num_leaves: 63]
[num_threads: -1]
[seed: 91]
[deterministic: 0]
[force_col_wise: 0]
[force_row_wise: 0]
[histogram_pool_size: -1]
[max_depth: 7]
[min_data_in_leaf: 10]
[min_sum_hessian_in_leaf: 0.001]
[bagging_fraction: 0.7]
[pos_bagging_fraction: 1]
[neg_bagging_fraction: 1]
[bagging_freq: 5]
[bagging_seed: 2784]
[bagging_by_query: 0]
[feature_fraction: 0.7]
[feature_fraction_bynode: 1]
[feature_fraction_seed: 29510]
[extra_trees: 0]
[extra_seed: 8681]
[early_stopping_round: 0]
[early_stopping_min_delta: 0]
[first_metric_only: 0]
[max_delta_step: 0]
[lambda_l1: 1]
[lambda_l2: 0.5]
[linear_lambda: 0]
[min_gain_to_split: 0.1]
[drop_rate: 0.1]
[max_drop: 50]
[skip_drop: 0.5]
[xgboost_dart_mode: 0]
[uniform_drop: 0]
[drop_seed: 8477]
[top_rate: 0.2]
[other_rate: 0.1]
[min_data_per_group: 100]
[max_cat_threshold: 32]
[cat_l2: 10]
[cat_smooth: 10]
[max_cat_to_onehot: 4]
[top_k: 20]
[monotone_constraints: ]
[monotone_constraints_method: basic]
[monotone_penalty: 0]
[feature_contri: ]
[forcedsplits_filename: ]
[refit_decay_rate: 0.9]
[cegb_tradeoff: 1]
[cegb_penalty_split: 0]
[cegb_penalty_feature_lazy: ]
[cegb_penalty_feature_coupled: ]
[path_smooth: 0]
[interaction_constraints: ]
[verbosity: -1]
[saved_feature_importance_type: 0]
[use_quantized_grad: 0]
[num_grad_quant_bins: 4]
[quant_train_renew_leaf: 0]
[stochastic_rounding: 1]
[linear_tree: 0]
[max_bin: 63]
[max_bin_by_feature: ]
[min_data_in_bin: 3]
[bin_construct_sample_cnt: 200000]
[data_random_seed: 335]
[is_enable_sparse: 1]
[enable_bundle: 1]
[use_missing: 1]
[zero_as_missing: 0]
[feature_pre_filter: 0]
[pre_partition: 0]
[two_round: 0]
[header: 0]
[label_column: ]
[weight_column: ]
[group_column: ]
[ignore_column: ]
[categorical_feature: ]
[forcedbins_filename: ]
[precise_float_parser: 0]
[parser_config_file: ]
[objective_seed: 29977]
[num_class: 1]
[is_unbalance: 0]
[scale_pos_weight: 1]
[sigmoid: 1]
[boost_from_average: 1]
[reg_sqrt: 0]
[alpha: 0.5]
[fair_c: 1]
[poisson_max_delta_step: 0.7]
[tweedie_variance_power: 1.5]
[lambdarank_truncation_level: 30]
[lambdarank_norm: 1]
[label_gain: ]
[lambdarank_position_bias_regularization: 0]
[eval_at: ]
[multi_error_top_k: 1]
[auc_mu_weights: ]
[num_machines: 1]
[local_listen_port: 12400]
[time_out: 120]
[machine_list_filename: ]
[machines: ]
[gpu_platform_id: -1]
[gpu_device_id: -1]
[gpu_use_dp: 0]
[num_gpu: 1]

end of parameters

pandas_categorical:[]
