tree
version=v4
num_class=1
num_tree_per_iteration=1
label_index=0
max_feature_idx=3
objective=quantile
feature_names=price_log price_lag_1d price_lag_3d price_std_7d
feature_infos=[-3.5065579414367676:5.9753527641296387] [0.029999999329447746:394.7659912109375] [0.029999999999999999:409.81] [0:80.011871337890625]
tree_sizes=672 1021 696 690 1025 694 791 905 906 797 1026 909 908 1028 701 911 1024 700 1028 908 702 699 907 697 1028 699 913 699 1026 1030 697 698 692 1025 699 698 700 698 698 1030 698 699 694 1028 695 691 693 696 697 694 1026 698 695 699 915 700 700 700 700 1019 914

Tree=0
num_leaves=5
num_cat=0
split_feature=0 2 2 0
split_gain=1575.42 820.584 250.982 39.9517
threshold=-3.3888024091720577 0.030250000000000003 0.092250000000000013 -3.095567941665649
decision_type=2 2 2 2
left_child=-1 3 -3 -2
right_child=1 2 -4 -5
leaf_value=-10.550629296187411 -11.522938338091469 -11.315079680502375 -11.012243397576588 -14.076223325647742
leaf_weight=102703.67167770863 1227.0905674695969 51177.665961563587 137209.31001365185 922.37455344200134
leaf_count=109112 942 37544 146023 265
internal_value=-10.9474 -10.9493 -10.9491 -10.9716
internal_weight=293240 190536 188387 2149.47
internal_count=293886 184774 183567 1207
is_linear=0
shrinkage=1


Tree=1
num_leaves=8
num_cat=0
split_feature=3 2 3 3 3 1 1
split_gain=1389.64 432.381 270.925 201.374 93.3951 16.5606 5.63023
threshold=0.00279561709612608 0.11025000000000001 0.0066026686690747747 0.037276636809110648 0.0011417136993259194 0.05725000053644181 0.034250000491738326
decision_type=2 2 2 2 2 2 2
left_child=4 2 -2 -3 6 -6 -1
right_child=1 3 -4 -5 5 -7 -8
leaf_value=0.38236125014448263 -0.19394475815081649 0.01914855631683432 -1.0465784294311473 -0.27033431168020589 0.0073919609019560415 0.11546825406363156 0.12582531386890644
leaf_weight=91807.439295113087 27138.87900865078 74450.454081773758 23173.348161578178 47148.993637442589 11236.863769114017 15444.086157739162 2840.0486624240875
leaf_count=103047 21400 82671 9768 48037 10616 15452 2895
internal_value=6.1437e-05 -0.00203424 -0.00486 -0.000864588 0.00303126 0.00113443 0.00356538
internal_weight=293240 171912 50312.2 121599 121328 26680.9 94647.5
internal_count=293886 161876 31168 130708 132010 26068 105942
is_linear=0
shrinkage=0.0362406


Tree=2
num_leaves=5
num_cat=0
split_feature=0 2 2 0
split_gain=1464.26 765.091 197.597 45.2382
threshold=-3.3888024091720577 0.030250000000000003 0.092250000000000013 -2.8430203199386592
decision_type=2 2 2 2
left_child=-1 3 -3 -2
right_child=1 2 -4 -5
leaf_value=0.36850424488841865 -0.74338335297485747 -0.33751641072360855 -0.05799258765386333 -3.0064862556608305
leaf_weight=102703.67167770863 1420.3503350615501 51177.665961563587 137209.31001365185 729.11478585004807
leaf_count=109112 1067 37544 146023 140
internal_value=0.000135245 -0.00174473 -0.00149905 -0.0232407
internal_weight=293240 190536 188387 2149.47
internal_count=293886 184774 183567 1207
is_linear=0
shrinkage=0.0362406


Tree=3
num_leaves=5
num_cat=0
split_feature=0 2 0 2
split_gain=1406.15 627.496 167.106 140.36
threshold=-3.3888024091720577 0.03425000000000001 -3.2901258468627925 0.092250000000000013
decision_type=2 2 2 2
left_child=-1 2 -2 -3
right_child=1 3 -4 -5
leaf_value=0.35514942596685911 -0.1597390558361588 -0.30542086293799825 -2.769529407275646 -0.05589090085472067
leaf_weight=102703.67167770863 1531.9938156604767 49720.126688420773 2075.0105783939362 137209.31001365185
leaf_count=109112 1326 36356 1069 146023
internal_value=0.000202557 -0.00163973 -0.0166109 -0.00135047
internal_weight=293240 190536 3607 186929
internal_count=293886 184774 2395 182379
is_linear=0
shrinkage=0.0362406


Tree=4
num_leaves=8
num_cat=0
split_feature=3 2 3 3 3 1 1
split_gain=1298.66 347.866 213.456 176.158 79.2574 8.23331 3.97103
threshold=0.0029940410749986772 0.11025000000000001 0.0079884584993124026 0.025012734346091751 0.0011417136993259194 0.05725000053644181 0.034250000491738326
decision_type=2 2 2 2 2 2 2
left_child=4 2 -2 -3 6 -6 -1
right_child=1 3 -4 -5 5 -7 -8
leaf_value=0.34227859384030007 -0.19914566358324087 0.035380227721687099 -1.1341714580378075 -0.21621848890082687 0.0237000232087313 0.11755252579940069 0.14456576714996808
leaf_weight=91807.439295113087 28594.021333813667 62611.128338694572 19443.699176847935 57922.362664401531 12183.104641616344 17838.308660924435 2840.0486624240875
leaf_count=103047 21958 69509 7149 60017 11440 17871 2895
internal_value=0.00025407 -0.00181977 -0.00442776 -0.000779891 0.00305864 0.00143309 0.00357366
internal_weight=293240 168571 48037.7 120533 124669 30021.4 94647.5
internal_count=293886 158633 29107 129526 135253 29311 105942
is_linear=0
shrinkage=0.0362406


Tree=5
num_leaves=5
num_cat=0
split_feature=0 2 3 0
split_gain=1338.67 556.933 221.496 115.408
threshold=-3.3888024091720577 0.030250000000000003 0.0036539272405207161 -3.1881225109100337
decision_type=2 2 2 2
left_child=-1 3 -3 -2
right_child=1 2 -4 -5
leaf_value=0.32987420853166588 -0.27773942704155913 0.069628048101254628 -0.17031755585584468 -2.7437574911488913
leaf_weight=103213.58678209782 1091.4078890681267 38246.862937569618 150518.514300704 1187.2060981988907
leaf_count=109392 848 37662 145756 413
internal_value=0.000294553 -0.00150192 -0.00128658 -0.0193094
internal_weight=294258 191044 188765 2278.61
internal_count=294071 184679 183418 1261
is_linear=0
shrinkage=0.0362406


Tree=6
num_leaves=6
num_cat=0
split_feature=0 1 2 0 0
split_gain=1281.5 564.702 147.844 76.0298 3.60769
threshold=-3.3888024091720577 0.03024999983608723 0.092250000000000013 -3.095567941665649 -3.498293280601501
decision_type=2 2 2 2 2
left_child=4 3 -3 -2 -1
right_child=1 2 -4 -5 -6
leaf_value=0.3179193657233636 -0.38253771083991506 -0.30589559390091403 -0.04906772670305419 -2.6999295576891038 0.039145444376313988
leaf_weight=99740.61571598053 955.29571098089218 51777.6402952075 137505.15051180124 805.9047075510025 3472.9710661172867
leaf_count=106619 737 38098 145663 181 2773
internal_value=0.000328477 -0.00142921 -0.00123879 -0.0218515 0.00358239
internal_weight=294258 191044 189283 1761.2 103214
internal_count=294071 184679 183761 918 109392
is_linear=0
shrinkage=0.0362406


Tree=7
num_leaves=7
num_cat=0
split_feature=0 1 3 0 0 3
split_gain=1245.02 540.982 216.012 82.0417 3.60769 7.00584
threshold=-3.3888024091720577 0.03024999983608723 0.033544480800628669 -3.095567941665649 -3.498293280601501 0.0011417136993259194
decision_type=2 2 2 2 2 2
left_child=4 3 -3 -2 -1 -6
right_child=1 2 -4 -5 5 -7
leaf_value=0.30639777372059523 -0.36867431054046429 -0.028779437337099516 -0.39921570665614969 -2.6020824613691622 -0.012959384239987673 0.062861387630781279
leaf_weight=99740.61571598053 955.29571098089218 133703.57080513239 55579.220001876354 805.9047075510025 1056.1587345004082 2416.8123316168785
leaf_count=106619 737 131893 51868 181 1033 1740
internal_value=0.000375124 -0.00135736 -0.00117098 -0.0213461 0.00358239 0.00238603
internal_weight=294258 191044 189283 1761.2 103214 3472.97
internal_count=294071 184679 183761 918 109392 2773
is_linear=0
shrinkage=0.0362406


Tree=8
num_leaves=7
num_cat=0
split_feature=0 1 3 0 0 3
split_gain=1217.4 523.343 201.584 75.7874 3.60769 7.00584
threshold=-3.3888024091720577 0.03024999983608723 0.0036539272405207161 -2.8430203199386592 -3.498293280601501 0.0011417136993259194
decision_type=2 2 2 2 2 2
left_child=4 3 -3 -2 -1 -6
right_child=1 2 -4 -5 5 -7
leaf_value=0.29529373124953351 -0.47651987839148907 0.075737029897383526 -0.15729121646996724 -2.5317662621155455 -0.012489728239383517 0.060583252546553855
leaf_weight=99740.61571598053 1092.6972935795784 38374.903424143791 150907.88738286495 668.50312495231628 1056.1587345004082 2416.8123316168785
leaf_count=106619 809 37778 145983 109 1033 1740
internal_value=0.000410897 -0.00130226 -0.00111894 -0.0209625 0.00358239 0.00238603
internal_weight=294258 191044 189283 1761.2 103214 3472.97
internal_count=294071 184679 183761 918 109392 2773
is_linear=0
shrinkage=0.0362406


Tree=9
num_leaves=6
num_cat=0
split_feature=0 2 2 0 0
split_gain=1182.2 524.402 129.158 110.501 3.60769
threshold=-3.3888024091720577 0.030250000000000003 0.092250000000000013 -3.1881225109100337 -3.498293280601501
decision_type=2 2 2 2 2
left_child=4 3 -3 -2 -1
right_child=1 2 -4 -5 -6
leaf_value=0.2845921060601051 -0.22260833328956584 -0.267991050152875 -0.036101917395644577 -2.3846793268895699 0.038649080942485314
leaf_weight=99740.61571598053 1091.4078890681267 51250.089100062847 137515.28813821077 1187.2060981988907 3472.9710661172867
leaf_count=106619 848 37752 145666 413 2773
internal_value=0.000457089 -0.00123111 -0.00102215 -0.0185104 0.00358239
internal_weight=294258 191044 188765 2278.61 103214
internal_count=294071 184679 183418 1261 109392
is_linear=0
shrinkage=0.0362406


Tree=10
num_leaves=8
num_cat=0
split_feature=3 2 3 3 3 1 1
split_gain=1071.93 275.019 148.333 138.939 78.3756 5.80224 2.1894
threshold=0.0029940410749986772 0.10425000000000002 0.011941324453800918 0.02272139769047499 0.00079428977915085863 0.05725000053644181 0.03024999983608723
decision_type=2 2 2 2 2 2 2
left_child=4 2 -2 -3 6 -6 -1
right_child=1 3 -4 -5 5 -7 -8
leaf_value=0.27427831430422228 -0.21065785945237697 0.047974151200895848 -1.3432263156775959 -0.17176255754235822 0.037947580087019421 0.12407602592828448 0.19911713898504613
leaf_weight=90270.510863661766 32533.892753720284 61729.263261198997 13548.407912671566 61192.640521407127 14344.761396348476 18676.562548160553 1652.3581413030624
leaf_count=101425 23894 68045 3409 63220 13617 18645 1470
internal_value=0.000508635 -0.00137285 -0.00376067 -0.000477212 0.00305403 0.00153668 0.00359849
internal_weight=293948 169004 46082.3 122922 124944 33021.3 91922.9
internal_count=293725 158568 27303 131265 135157 32262 102895
is_linear=0
shrinkage=0.0362406


Tree=11
num_leaves=7
num_cat=0
split_feature=0 1 3 0 0 3
split_gain=1126.66 437.484 179.392 77.7678 2.22797 4.69651
threshold=-3.3888024091720577 0.03024999983608723 0.0036539272405207161 -3.2901258468627925 -3.498293280601501 0.0011417136993259194
decision_type=2 2 2 2 2 2
left_child=4 3 -3 -2 -1 -6
right_child=1 2 -4 -5 5 -7
leaf_value=0.26433830066136016 -0.093557499266789482 0.076952661407809209 -0.13828154046306657 -2.2194813987660722 0.035873171160618736 0.094093708311446075
leaf_weight=99867.802223265171 641.49328571557999 38245.652248740196 150732.17600476742 1038.4622130990028 1055.7270858287811 2367.0843370556831
leaf_count=106500 506 37709 145893 423 1019 1675
internal_value=0.000542428 -0.00110878 -0.000944746 -0.0195171 0.0035908 0.0026206
internal_weight=293948 190658 188978 1679.96 103291 3422.81
internal_count=293725 184531 183602 929 109194 2694
is_linear=0
shrinkage=0.0362406


Tree=12
num_leaves=7
num_cat=0
split_feature=0 1 3 0 0 3
split_gain=1097.57 398.146 168.422 76.3894 2.22797 4.69651
threshold=-3.3888024091720577 0.03024999983608723 0.017555184662342075 -2.8430203199386592 -3.498293280601501 0.0011417136993259194
decision_type=2 2 2 2 2 2
left_child=4 3 -3 -2 -1 -6
right_child=1 2 -4 -5 5 -7
leaf_value=0.25475851918439468 -0.29517937934959576 -0.00021897858607973473 -0.25612432155373183 -2.2206992223327719 0.034573105525995615 0.090683694848676069
leaf_weight=99867.802223265171 1144.6773084402084 112860.90098053217 76116.927272975445 535.27819037437439 1055.7270858287811 2367.0843370556831
leaf_count=106500 838 110202 73400 91 1019 1675
internal_value=0.000582034 -0.00104772 -0.000891218 -0.018609 0.0035908 0.0026206
internal_weight=293948 190658 188978 1679.96 103291 3422.81
internal_count=293725 184531 183602 929 109194 2694
is_linear=0
shrinkage=0.0362406


Tree=13
num_leaves=8
num_cat=0
split_feature=3 2 3 3 3 1 1
split_gain=976.301 198.328 195.07 125.692 52.4482 2.74074 2.37343
threshold=0.0024115295382216577 0.10425000000000002 0.0054994588717818269 0.025012734346091751 0.00079428977915085863 0.05725000053644181 0.03024999983608723
decision_type=2 2 2 2 2 2 2
left_child=4 2 -2 -3 6 -6 -1
right_child=1 3 -4 -5 5 -7 -8
leaf_value=0.24552591483959954 -0.059497757764197211 0.05140719377277958 -0.64800008220259364 -0.15869342908521389 0.063175684522494155 0.1299373948787951 0.18934799614854456
leaf_weight=90270.510863661766 26499.604340016842 67659.657441735268 26533.103563308716 58370.09211564064 11302.753543913364 11660.317388892174 1652.3581413030624
leaf_count=101425 21012 74503 12368 60130 10937 11880 1470
internal_value=0.000602453 -0.00107027 -0.00292966 -0.000287398 0.00321003 0.00165628 0.00359756
internal_weight=293948 179062 53032.7 126030 114886 22963.1 91922.9
internal_count=293725 168013 33380 134633 125712 22817 102895
is_linear=0
shrinkage=0.0362406


Tree=14
num_leaves=5
num_cat=0
split_feature=0 2 0 2
split_gain=1024.09 199.686 320.759 92.6889
threshold=-3.498293280601501 0.030250000000000003 -3.2901258468627925 0.092250000000000013
decision_type=2 2 2 2
left_child=-1 2 -2 -3
right_child=1 3 -4 -5
leaf_value=0.23662790571564507 -0.0040603764645053371 -0.20985060031862038 -2.0101130788415795 -0.018433572397614208
leaf_weight=99867.802223265171 2223.9535961747169 53210.42505633831 1394.7203989028931 137251.49612379074
leaf_count=106500 1780 39229 638 145578
internal_value=0.000641387 -0.000892836 -0.00932643 -0.000732269
internal_weight=293948 194081 3618.67 190462
internal_count=293725 187225 2418 184807
is_linear=0
shrinkage=0.0362406


Tree=15
num_leaves=7
num_cat=0
split_feature=0 2 3 0 0 3
split_gain=1008.15 323.486 177.093 145.966 10.6918 8.85395
threshold=-3.3888024091720577 0.030250000000000003 0.033544480800628669 -2.8430203199386592 -3.498293280601501 1.0000000180025095e-35
decision_type=2 2 2 2 2 2
left_child=4 3 -3 -2 -1 -6
right_child=1 2 -4 -5 5 -7
leaf_value=0.22805236587735317 -0.2037763588051785 -0.0018786846145032545 -0.34196406442147442 -2.0750601623866003 -0.022463875097931657 0.046156014476078505
leaf_weight=99538.989408910275 1416.8754979372025 132924.28088408709 55737.706893026829 660.63476032018661 18.765995502471924 3341.3937693238258
leaf_count=106441 1083 131472 51819 131 6 2686
internal_value=0.000663997 -0.00089546 -0.000738501 -0.0151158 0.0035552 0.00151595
internal_weight=293639 190739 188662 2077.51 102899 3360.16
internal_count=293638 184505 183291 1214 109133 2692
is_linear=0
shrinkage=0.0362406


Tree=16
num_leaves=8
num_cat=0
split_feature=3 2 3 3 3 1 1
split_gain=918.821 192.724 333.871 106.449 59.8667 3.0223 2.43795
threshold=0.0026106464210897688 0.16425000000000003 0.011941324453800918 0.053428467363119132 0.00079428977915085863 0.03024999983608723 0.05725000053644181
decision_type=2 2 2 2 2 2 2
left_child=4 2 -2 -3 5 -1 -6
right_child=1 3 -4 -5 6 -7 -8
leaf_value=0.21978760884084333 -0.078873922424855983 0.058195520221964281 -1.2647371290200382 -0.18500395322161486 0.056119792686442939 0.18096033747804005 0.11983602174361976
leaf_weight=90038.479250311852 52225.98427772522 67215.138687133789 17906.965971827507 37924.471030831337 12452.691498041153 1691.9149670600891 14183.001526176929
leaf_count=101448 43349 76970 5559 38673 11929 1466 14244
internal_value=0.000687449 -0.00097826 -0.00244964 2.71459e-06 0.00315442 0.00359411 0.00163807
internal_weight=293639 175273 70133 105140 118366 91730.4 26635.7
internal_count=293638 164551 48908 115643 129087 102914 26173
is_linear=0
shrinkage=0.0362406


Tree=17
num_leaves=5
num_cat=0
split_feature=0 3 1 1
split_gain=966.975 166.109 542.684 112.126
threshold=-3.498293280601501 0.033544480800628669 0.60925000905990612 0.17324999719858172
decision_type=2 2 2 2
left_child=-1 3 -3 -2
right_child=1 2 -4 -5
leaf_value=0.21182237164754911 -0.069420148909823995 -1.608280676754779 -0.034799506532252042 0.071130720468044681
leaf_weight=99538.989408910275 80887.65564841032 14641.344773411751 41810.729595839977 56759.927782535553
leaf_count=106441 70607 5984 45927 64679
internal_value=0.000719297 -0.000769768 -0.00242526 -9.04073e-05
internal_weight=293639 194100 56452.1 137648
internal_count=293638 187197 51911 135286
is_linear=0
shrinkage=0.0362406


Tree=18
num_leaves=8
num_cat=0
split_feature=3 2 3 3 3 1 1
split_gain=861.386 179.226 126.702 93.2337 60.5886 3.0223 2.29117
threshold=0.0026106464210897688 0.092250000000000013 0.0085136448033154028 0.019034430384635929 0.00079428977915085863 0.03024999983608723 0.052249999716877944
decision_type=2 2 2 2 2 2 2
left_child=4 2 -2 -3 5 -1 -6
right_child=1 3 -4 -5 6 -7 -8
leaf_value=0.20414579951540213 -0.12422269881004372 0.050860848694126118 -0.9442580662002531 -0.12144609338302473 0.051926598532034726 0.1769180529142457 0.11630238546256635
leaf_weight=90038.479250311852 28120.015161812305 63776.039372384548 16206.696163833141 67169.809269487858 11123.684109687805 1691.9149670600891 15512.008914530277
leaf_count=101448 21297 68976 5141 69137 10605 1466 15568
internal_value=0.000763173 -0.00084962 -0.0028415 -0.000174912 0.00315179 0.00359411 0.00162636
internal_weight=293639 175273 44326.7 130946 118366 91730.4 26635.7
internal_count=293638 164551 26438 138113 129087 102914 26173
is_linear=0
shrinkage=0.0362406


Tree=19
num_leaves=7
num_cat=0
split_feature=0 1 3 0 0 3
split_gain=927.488 281.701 135.721 135.29 10.6966 8.85358
threshold=-3.3888024091720577 0.03024999983608723 0.27077753841876989 -3.0108587741851802 -3.498293280601501 1.0000000180025095e-35
decision_type=2 2 2 2 2 2
left_child=4 3 -3 -2 -1 -6
right_child=1 2 -4 -5 5 -7
leaf_value=0.19674743104626627 -0.15996949327449575 -0.023479089373651851 -0.73658555426905514 -1.8391754609386755 -0.032103673408249635 0.053754130853346342
leaf_weight=99538.989408910275 1004.4950371384621 172766.03045195341 16362.986815810204 605.98573046922684 18.765995502471924 3341.3937693238258
leaf_count=106441 780 171547 12063 115 6 2686
internal_value=0.000782067 -0.000713687 -0.000584826 -0.0158031 0.00355519 0.00151549
internal_weight=293639 190739 189129 1610.48 102899 3360.16
internal_count=293638 184505 183610 895 109133 2692
is_linear=0
shrinkage=0.0362406


Tree=20
num_leaves=5
num_cat=0
split_feature=0 2 0 3
split_gain=921.637 206.044 305.465 129.602
threshold=-3.498293280601501 0.030250000000000003 -3.0108587741851802 0.0036539272405207161
decision_type=2 2 2 2
left_child=-1 2 -2 -3
right_child=1 3 -4 -5
leaf_value=0.18961718396946389 -0.069829278967902114 0.080922830369472981 -1.7432447280112666 -0.092715359237723061
leaf_weight=99453.231525480747 2698.7648926377296 39659.090519964695 866.60194855928421 150869.04993098974
leaf_count=106469 2178 39077 201 145834
internal_value=0.000786585 -0.000666766 -0.00929813 -0.000504913
internal_weight=293547 194094 3565.37 190528
internal_count=293759 187290 2379 184911
is_linear=0
shrinkage=0.0362406


Tree=21
num_leaves=5
num_cat=0
split_feature=0 2 0 2
split_gain=904.41 199.064 293.298 82.4138
threshold=-3.498293280601501 0.030250000000000003 -3.0108587741851802 0.092250000000000013
decision_type=2 2 2 2
left_child=-1 2 -2 -3
right_child=1 3 -4 -5
leaf_value=0.18274534140196508 -0.067298623245546002 -0.1722583414974819 -1.6800684742733942 0.00010058298554422969
leaf_weight=99453.231525480747 2698.7648926377296 53187.73901873827 866.60194855928421 137340.40143221617
leaf_count=106469 2178 39181 201 145730
internal_value=0.000813226 -0.000626474 -0.00911035 -0.000467382
internal_weight=293547 194094 3565.37 190528
internal_count=293759 187290 2379 184911
is_linear=0
shrinkage=0.0362406


Tree=22
num_leaves=7
num_cat=0
split_feature=0 2 0 2 0 1
split_gain=896.53 325.499 187.74 85.6372 7.78923 1.12929
threshold=-3.3888024091720577 0.030250000000000003 -2.4859117269515987 0.092250000000000013 -3.498293280601501 0.034250000491738326
decision_type=2 2 2 2 2 2
left_child=4 2 -2 -3 -1 -6
right_child=1 3 -4 -5 5 -7
leaf_value=0.17612253860651614 -0.1917945163979832 -0.18381767960761858 -1.8015047125025894 1.7089818282171001e-05 0.055043506374624629 0.10479042644855822
leaf_weight=99453.231525480747 1601.399639248848 51284.337241351604 581.05604338645935 137283.59571117163 2596.5420711636543 746.57658582925797
leaf_count=106469 1141 37647 73 145721 2170 538
internal_value=0.000836768 -0.000633257 -0.0145464 -0.000471864 0.00356507 0.00181081
internal_weight=293547 190750 2182.46 188568 102796 3343.12
internal_count=293759 184582 1214 183368 109177 2708
is_linear=0
shrinkage=0.0362406


Tree=23
num_leaves=5
num_cat=0
split_feature=0 2 0 2
split_gain=885.39 176.883 295.332 75.4867
threshold=-3.498293280601501 0.030250000000000003 -2.4859117269515987 0.5192500000000001
decision_type=2 2 2 2
left_child=-1 2 -2 -3
right_child=1 3 -4 -5
leaf_value=0.16973975022966145 -0.097390572844256229 -0.078466052279314524 -1.7362170813408555 0.055595007269348531
leaf_weight=99453.231525480747 2984.3107978105545 129816.90979468822 581.05604338645935 60711.230656266212
leaf_count=106469 2306 115188 73 69723
internal_value=0.000842939 -0.000581537 -0.00857883 -0.000431554
internal_weight=293547 194094 3565.37 190528
internal_count=293759 187290 2379 184911
is_linear=0
shrinkage=0.0362406


Tree=24
num_leaves=8
num_cat=0
split_feature=3 2 3 3 3 1 3
split_gain=814.941 135.114 159.348 92.3205 35.0815 2.37657 0.31924
threshold=0.0022160127991810445 0.10425000000000002 0.013815105427056553 0.08049460127949716 0.00079428977915085863 0.03024999983608723 0.0018159318133257332
decision_type=2 2 2 2 2 2 2
left_child=4 2 -2 -3 5 -1 -6
right_child=1 3 -4 -5 6 -7 -8
leaf_value=0.16358827800226752 -0.095501034728938006 0.040818087593080477 -1.2075410774669053 -0.22328192248104969 0.10563927381891551 0.17074196119089835 0.087591302156994996
leaf_weight=89938.858583450317 43129.978459537029 95917.216245651245 12081.446828484535 31167.946327984333 12707.40347880125 1711.7477657198906 6892.1411280035973
leaf_count=101401 32965 105947 2628 29738 12769 1474 6837
internal_value=0.000854315 -0.000637134 -0.00213401 1.27597e-05 0.0032987 0.00359698 0.00190101
internal_weight=293547 182297 55211.4 127085 111250 91650.6 19599.5
internal_count=293759 171278 35593 135685 122481 102875 19606
is_linear=0
shrinkage=0.0362406


Tree=25
num_leaves=5
num_cat=0
split_feature=0 3 1 1
split_gain=841.019 141.263 423.487 82.7773
threshold=-3.498293280601501 0.047265209257602699 1.2405000329017641 0.46725000441074377
decision_type=2 2 2 2
left_child=-1 3 -3 -2
right_child=1 2 -4 -5
leaf_value=0.15765973888578724 -0.021436332640321919 -1.2858834691674963 0.028922566879018636 0.12235208429537216
leaf_weight=99028.240458965302 119446.62666249275 16194.516933560371 31377.862093091011 28035.383177042007
leaf_count=106344 111392 7673 35132 33448
internal_value=0.000903472 -0.000477194 -0.00219442 7.63632e-05
internal_weight=294083 195054 47572.4 147482
internal_count=293989 187645 42805 144840
is_linear=0
shrinkage=0.0362406


Tree=26
num_leaves=7
num_cat=0
split_feature=0 2 0 3 0 3
split_gain=822.934 252.021 183.588 117.149 9.68555 7.14536
threshold=-3.3888024091720577 0.030250000000000003 -2.4275856018066402 0.0036539272405207161 -3.498293280601501 0.0018159318133257332
decision_type=2 2 2 2 2 2
left_child=4 2 -2 -3 -1 -6
right_child=1 3 -4 -5 5 -7
leaf_value=0.15194605364811081 -0.15533392406255281 0.088209821858354173 -1.4261902599851182 -0.075262994187691459 -0.00036856977540467798 0.10324177731538414
leaf_weight=99028.240458965302 1493.8185724616051 38645.184293150902 550.93063712120056 150945.73301172256 1706.0730115771294 1712.6493401527405
leaf_count=106344 1109 37775 70 145947 1616 1128
internal_value=0.0009355 -0.00046595 -0.0131186 -0.000329136 0.00355754 0.00163121
internal_weight=294083 191636 2044.75 189591 102447 3418.72
internal_count=293989 184901 1179 183722 109088 2744
is_linear=0
shrinkage=0.0362406


Tree=27
num_leaves=5
num_cat=0
split_feature=0 1 0 3
split_gain=812.571 123.688 246.289 108.545
threshold=-3.498293280601501 0.03024999983608723 -2.4275856018066402 0.0036539272405207161
decision_type=2 2 2 2
left_child=-1 2 -2 -3
right_child=1 3 -4 -5
leaf_value=0.14643943585343513 -0.062087502889553427 0.083403258140681405 -2.3502543745925295 -0.071804068191564333
leaf_weight=99028.240458965302 2524.3116248250008 40122.40770059824 495.81223249435425 151911.85730826855
leaf_count=106344 1927 39159 60 146499
internal_value=0.000949879 -0.000407227 -0.00768381 -0.000292466
internal_weight=294083 195054 3020.12 192034
internal_count=293989 187645 1987 185658
is_linear=0
shrinkage=0.0362406


Tree=28
num_leaves=8
num_cat=0
split_feature=3 2 3 3 3 1 1
split_gain=725.76 126.591 268.229 68.9582 48.4034 2.55016 1.80598
threshold=0.0024115295382216577 0.18925000000000003 0.014965834096074106 0.11096441373229028 0.00079428977915085863 0.03024999983608723 0.052249999716877944
decision_type=2 2 2 2 2 2 2
left_child=4 2 -2 -3 5 -1 -6
right_child=1 3 -4 -5 6 -7 -8
leaf_value=0.14113238125114655 -0.036638338008659573 0.064273828956936521 -1.0536362783525177 -0.17631625959936162 0.071554864164028342 0.14802681059146608 0.11693519394956048
leaf_weight=89527.219708561897 63219.838441252708 75863.002205789089 16515.481618583202 24234.926926374435 9995.7418936491013 1706.414459168911 13020.004071772099
leaf_count=101268 52848 87272 4662 23647 9718 1499 13075
internal_value=0.000962033 -0.000472696 -0.00155015 0.000385041 0.00322082 0.00359604 0.00173099
internal_weight=294083 179833 79735.3 100098 114249 91233.6 23015.7
internal_count=293989 168429 57510 110919 125560 102767 22793
is_linear=0
shrinkage=0.0362406


Tree=29
num_leaves=8
num_cat=0
split_feature=3 2 3 3 3 1 1
split_gain=707.808 114.856 239.351 64.7238 51.291 2.67837 2.37945
threshold=0.0024115295382216577 0.18925000000000003 0.0085136448033154028 0.16299287974834445 0.00079428977915085863 0.03024999983608723 0.052249999716877944
decision_type=2 2 2 2 2 2 2
left_child=4 2 -2 -3 5 -1 -6
right_child=1 3 -4 -5 6 -7 -8
leaf_value=0.13601765754925738 -0.0039267072695413222 0.057600050392133999 -0.63109881116187672 -0.24143917199181381 0.068961672180156516 0.14266222855908375 0.11269739109541239
leaf_weight=89527.219708561897 53215.246495783329 81407.755423724651 26520.073564052582 18690.173708438873 9995.7418936491013 1706.414459168911 13020.004071772099
leaf_count=101268 45631 93243 11879 17676 9718 1499 13075
internal_value=0.000978546 -0.000438322 -0.00146464 0.000378677 0.00320921 0.00359542 0.00167587
internal_weight=294083 179833 79735.3 100098 114249 91233.6 23015.7
internal_count=293989 168429 57510 110919 125560 102767 22793
is_linear=0
shrinkage=0.0362406


Tree=30
num_leaves=5
num_cat=0
split_feature=0 2 0 3
split_gain=799.513 130.513 256.363 98.0712
threshold=-3.498293280601501 0.030250000000000003 -2.6845846176147456 0.0036539272405207161
decision_type=2 2 2 2
left_child=-1 2 -2 -3
right_child=1 3 -4 -5
leaf_value=0.13108829455845911 -0.058367311842548869 0.078890907198619215 -1.408982722252726 -0.064689963101749806
leaf_weight=99065.114734113216 2905.4879324436188 39368.244454085827 571.3574298620224 151211.44592040777
leaf_count=106344 2266 38869 83 146090
internal_value=0.000974404 -0.000377669 -0.0073355 -0.00025041
internal_weight=293122 194057 3476.85 190580
internal_count=293652 187308 2349 184959
is_linear=0
shrinkage=0.0362406


Tree=31
num_leaves=5
num_cat=0
split_feature=0 2 0 3
split_gain=791.341 125.119 253.811 96.0883
threshold=-3.498293280601501 0.030250000000000003 -2.6138827800750728 0.20598043501377108
decision_type=2 2 2 2
left_child=-1 2 -2 -3
right_child=1 3 -4 -5
leaf_value=0.12633757469336129 -0.056252044809922248 0.0032733029594107029 -1.3727138313555678 -0.51887195340503089
leaf_weight=99065.114734113216 2921.0487135648727 170949.98011010885 555.79664874076843 19629.710264384747
leaf_count=106344 2271 169895 78 15064
internal_value=0.00098798 -0.000357162 -0.00716969 -0.000232555
internal_weight=293122 194057 3476.85 190580
internal_count=293652 187308 2349 184959
is_linear=0
shrinkage=0.0362406


Tree=32
num_leaves=5
num_cat=0
split_feature=0 2 0 2
split_gain=783.9 121.666 242.294 71.0712
threshold=-3.498293280601501 0.030250000000000003 -2.6138827800750728 0.5192500000000001
decision_type=2 2 2 2
left_child=-1 2 -2 -3
right_child=1 3 -4 -5
leaf_value=0.12175902381797116 -0.054213436346588394 -0.059568740174127263 -1.3229658436372043 0.071842760602712552
leaf_weight=99065.114734113216 2921.0487135648727 130301.2555706501 555.79664874076843 60278.434803843498
leaf_count=106344 2271 115505 78 69454
internal_value=0.0010004 -0.000338399 -0.00705626 -0.00021552
internal_weight=293122 194057 3476.85 190580
internal_count=293652 187308 2349 184959
is_linear=0
shrinkage=0.0362406


Tree=33
num_leaves=8
num_cat=0
split_feature=3 2 3 3 3 1 1
split_gain=688.819 95.799 209.976 63.2542 43.2274 3.87716 1.11134
threshold=0.0022160127991810445 0.16425000000000003 0.016225347295403484 0.060844846069812782 0.00079428977915085863 0.03024999983608723 0.048250000923872001
decision_type=2 2 2 2 2 2 2
left_child=4 2 -2 -3 5 -1 -6
right_child=1 3 -4 -5 6 -7 -8
leaf_value=0.11734640242293884 -0.035692906079165275 0.064004387655671804 -1.0114507212901667 -0.11900655591782212 0.06692693031721246 0.12375017012078562 0.11088868247981497
leaf_weight=89682.550514757633 62035.226737618446 70924.130211591721 14380.067451298237 34916.794136881828 7983.5715316534042 1683.9325700998306 11515.377317011356
leaf_count=101248 51218 81169 3505 35509 7684 1487 11832
internal_value=0.00100675 -0.000363172 -0.00134116 0.000342408 0.0032593 0.00359043 0.00170481
internal_weight=293122 182256 76415.3 105841 110865 91366.5 19498.9
internal_count=293652 171401 54723 116678 122251 102735 19516
is_linear=0
shrinkage=0.0362406


Tree=34
num_leaves=5
num_cat=0
split_feature=0 3 1 1
split_gain=769.024 98.2033 374.286 70.8438
threshold=-3.498293280601501 0.041683901101350791 0.81224998831748974 0.17324999719858172
decision_type=2 2 2 2
left_child=-1 3 -3 -2
right_child=1 2 -4 -5
leaf_value=0.11309369712254445 -0.036142262252879399 -1.2169702519471577 0.026148445242031068 0.069775655549807011
leaf_weight=99065.114734113216 81673.971709489822 13975.991951525211 36010.426576197147 62396.145499587059
leaf_count=106344 70640 5916 39743 71009
internal_value=0.00102541 -0.000300618 -0.00168477 0.000179256
internal_weight=293122 194057 49986.4 144070
internal_count=293652 187308 45659 141649
is_linear=0
shrinkage=0.0362406


Tree=35
num_leaves=5
num_cat=0
split_feature=0 1 0 3
split_gain=775.86 104.987 254.554 85.8188
threshold=-3.498293280601501 0.03024999983608723 -2.2706049680709834 0.0036539272405207161
decision_type=2 2 2 2
left_child=-1 2 -2 -3
right_child=1 3 -4 -5
leaf_value=0.10899511245983967 -0.047752312884717756 0.07685996232287208 -0.97845903947142854 -0.055903027854347927
leaf_weight=99315.161325216293 2503.8415318131447 39718.171830654144 482.50317716598511 151675.98339766264
leaf_count=106235 1886 39091 57 146498
internal_value=0.00101756 -0.000313625 -0.00705568 -0.000208107
internal_weight=293696 194380 2986.34 191394
internal_count=293767 187532 1943 185589
is_linear=0
shrinkage=0.0362406


Tree=36
num_leaves=5
num_cat=0
split_feature=0 2 0 3
split_gain=768.922 134.626 291.267 78.4278
threshold=-3.498293280601501 0.030250000000000003 -2.2706049680709834 0.0036539272405207161
decision_type=2 2 2 2
left_child=-1 2 -2 -3
right_child=1 3 -4 -5
leaf_value=0.10504506300877586 -0.047914784934411793 0.074395785557307026 -1.4521228707731371 -0.050917240520324404
leaf_weight=99315.161325216293 2999.3936506509781 39532.216208815575 582.39594972133636 151266.49412810802
leaf_count=106235 2300 38869 72 146291
internal_value=0.00102924 -0.000295977 -0.00725634 -0.000164991
internal_weight=293696 194380 3581.79 190799
internal_count=293767 187532 2372 185160
is_linear=0
shrinkage=0.0362406


Tree=37
num_leaves=5
num_cat=0
split_feature=0 1 0 3
split_gain=763.056 94.6389 250.255 76.1916
threshold=-3.498293280601501 0.03024999983608723 -1.9932655096054075 0.11096441373229028
decision_type=2 2 2 2
left_child=-1 2 -2 -3
right_child=1 3 -4 -5
leaf_value=0.10123816576255609 -0.046178323861464553 0.0088939399056235276 -0.90685112345455243 -0.34350686701767819
leaf_weight=99315.161325216293 2561.3358164429665 162182.65763807297 425.00889253616333 29211.497590243816
leaf_count=106235 1897 161421 46 24168
internal_value=0.00103915 -0.000280994 -0.00668216 -0.000180797
internal_weight=293696 194380 2986.34 191394
internal_count=293767 187532 1943 185589
is_linear=0
shrinkage=0.0362406


Tree=38
num_leaves=5
num_cat=0
split_feature=0 2 0 2
split_gain=756.599 120.104 286.801 74.1684
threshold=-3.498293280601501 0.030250000000000003 -2.2706049680709834 0.74625000000000008
decision_type=2 2 2 2
left_child=-1 2 -2 -3
right_child=1 3 -4 -5
leaf_value=0.097569232797837732 -0.044504793198452158 -0.047147747604164111 -1.378304430559951 0.094788340596683507
leaf_weight=99315.161325216293 2999.3936506509781 140646.81478321552 582.39594972133636 50151.895553708076
leaf_count=106235 2300 127140 72 58020
internal_value=0.00105011 -0.000264435 -0.00683867 -0.000140699
internal_weight=293696 194380 3581.79 190799
internal_count=293767 187532 2372 185160
is_linear=0
shrinkage=0.0362406


Tree=39
num_leaves=8
num_cat=0
split_feature=3 2 3 3 1 3 2
split_gain=660.762 103.434 101.547 62.8921 36.7153 2.7489 0.621607
threshold=0.0019910491537302737 0.092250000000000013 0.0058436982799321422 0.016225347295403484 0.03024999983608723 0.00079428977915085863 0.030250000000000003
decision_type=2 2 2 2 2 2 2
left_child=4 2 -2 -3 5 -1 -6
right_child=1 3 -4 -5 6 -7 -8
leaf_value=0.094033264204788913 -0.014532471109122026 0.069622282731444815 -0.47669858108834168 -0.044190783917110434 0.10020495544976778 0.10024083821713228 0.088283239457487034
leaf_weight=89796.523696601391 29140.753710508347 62353.202571511269 22158.51642370224 72593.618794322014 1172.180560529232 2146.3162953853607 14334.549209952354
leaf_count=101197 23224 67242 9461 75093 1049 1984 14517
internal_value=0.00105294 -0.000252447 -0.00163777 0.00027378 0.00331609 0.00359174 0.00167811
internal_weight=293696 186246 51299.3 134947 107450 91942.8 15506.7
internal_count=293767 175020 32685 142335 118747 103181 15566
is_linear=0
shrinkage=0.0362406


Tree=40
num_leaves=5
num_cat=0
split_feature=0 2 0 3
split_gain=740.841 113.103 291.923 75.1715
threshold=-3.498293280601501 0.03425000000000001 -2.4275856018066402 0.0036539272405207161
decision_type=2 2 2 2
left_child=-1 2 -2 -3
right_child=1 3 -4 -5
leaf_value=0.090625441273364152 -0.062623119494441201 0.080890496770535961 -1.4431188878004251 -0.037849616376670656
leaf_weight=99761.67872107029 5550.9553176760674 37824.045394122601 605.4059933423996 151049.57989811897
leaf_count=106672 4462 37299 82 145872
internal_value=0.00108326 -0.000215849 -0.00504953 -5.79805e-05
internal_weight=294792 195030 6156.36 188874
internal_count=294387 187715 4544 183171
is_linear=0
shrinkage=0.0362406


Tree=41
num_leaves=5
num_cat=0
split_feature=0 2 0 3
split_gain=733.178 99.2652 605.451 58.1519
threshold=-3.498293280601501 0.092250000000000013 -2.2706049680709834 0.016225347295403484
decision_type=2 2 2 2
left_child=-1 2 -2 -3
right_child=1 3 -4 -5
leaf_value=0.087341119926513236 -0.013512174454144913 0.065919301459151369 -1.8825873145719136 -0.038662759578439003
leaf_weight=99761.67872107029 51630.097928762436 65489.079359531403 5702.9483796358109 72207.860935330391
leaf_count=106672 40690 70817 1039 75169
internal_value=0.00109643 -0.000195935 -0.00146317 0.000331319
internal_weight=294792 195030 57333 137697
internal_count=294387 187715 41729 145986
is_linear=0
shrinkage=0.0362406


Tree=42
num_leaves=5
num_cat=0
split_feature=0 2 0 2
split_gain=729.359 92.6841 266.105 69.6455
threshold=-3.498293280601501 0.03425000000000001 -2.1099028587341304 0.61875000000000013
decision_type=2 2 2 2
left_child=-1 2 -2 -3
right_child=1 3 -4 -5
leaf_value=0.084175824391374998 -0.067722040299730141 -0.039617942068849894 -1.5529547111230191 0.09125639032128828
leaf_weight=99761.67872107029 5641.033133327961 133129.8331694603 515.32817769050598 55743.792122781277
leaf_count=106672 4484 119233 60 63938
internal_value=0.00110302 -0.000185972 -0.00456163 -4.30355e-05
internal_weight=294792 195030 6156.36 188874
internal_count=294387 187715 4544 183171
is_linear=0
shrinkage=0.0362406


Tree=43
num_leaves=8
num_cat=0
split_feature=3 2 3 3 3 1 1
split_gain=630.921 92.3002 92.6043 50.8614 43.7287 3.2088 0.463623
threshold=0.0022160127991810445 0.11025000000000001 0.0066026686690747747 0.016225347295403484 0.00079428977915085863 0.03024999983608723 0.080249998718500151
decision_type=2 2 2 2 2 2 2
left_child=4 2 -2 -3 5 -1 -6
right_child=1 3 -4 -5 6 -7 -8
leaf_value=0.081125241099830561 -0.01511543726610776 0.073093939341366945 -0.43013838382735925 -0.027362540968472192 0.084140346247087577 0.087073266484348488 0.10116511999486751
leaf_weight=90301.613253057003 35008.708188354969 53196.625756382942 23811.655224978924 71288.113774716854 13516.780034124851 1616.3734820485115 6051.795610666275
leaf_count=101611 28396 58748 9929 74799 13101 1482 6321
internal_value=0.00111252 -0.00019473 -0.00137796 0.000363929 0.00326235 0.00359405 0.00170137
internal_weight=294792 183305 58820.4 124485 111487 91918 19568.6
internal_count=294387 171872 38325 133547 122515 103093 19422
is_linear=0
shrinkage=0.0362406


Tree=44
num_leaves=5
num_cat=0
split_feature=0 3 1 1
split_gain=721.067 72.6089 212.093 96.1767
threshold=-3.498293280601501 0.094087217003107085 1.4242500066757204 0.55825001001358043
decision_type=2 2 2 2
left_child=-1 3 -3 -2
right_child=1 2 -4 -5
leaf_value=0.078185212810104487 -0.020175264800593545 -1.4814871303342765 0.030889878658879384 0.13031201016253466
leaf_weight=99761.67872107029 127359.8946582675 10292.701959967613 22631.126573860645 34746.263411164284
leaf_count=106672 118739 2965 24434 41577
internal_value=0.0011174 -0.00016425 -0.00171597 0.000150579
internal_weight=294792 195030 32923.8 162106
internal_count=294387 187715 27399 160316
is_linear=0
shrinkage=0.0362406


Tree=45
num_leaves=5
num_cat=0
split_feature=0 2 0 2
split_gain=714.82 82.7083 263.398 63.901
threshold=-3.498293280601501 0.03425000000000001 -1.730195105075836 0.56825000000000014
decision_type=2 2 2 2
left_child=-1 2 -2 -3
right_child=1 3 -4 -5
leaf_value=0.07535173294140253 -0.063767737046525372 -0.038908546030057771 -1.4291598015242497 0.084647103381442892
leaf_weight=99485.042400538921 5707.059482216835 130683.703738451 448.22715854644775 57921.716514587402
leaf_count=106406 4489 116829 48 66476
internal_value=0.00112422 -0.000152154 -0.00428586 -1.69373e-05
internal_weight=294246 194761 6155.29 188605
internal_count=294248 187842 4537 183305
is_linear=0
shrinkage=0.0362406


Tree=46
num_leaves=5
num_cat=0
split_feature=0 2 0 3
split_gain=711.431 79.8016 259.85 60.6197
threshold=-3.498293280601501 0.03425000000000001 -1.6699852943420408 0.27077753841876989
decision_type=2 2 2 2
left_child=-1 2 -2 -3
right_child=1 3 -4 -5
leaf_value=0.072620940113865759 -0.061456755305862282 0.013965103782782606 -1.3824540718121532 -0.47203554173782641
leaf_weight=99485.042400538921 5714.3877145051956 172343.1898521781 440.89892625808716 16262.23040086031
leaf_count=106406 4490 171320 47 11985
internal_value=0.00113015 -0.000143189 -0.0042036 -1.03644e-05
internal_weight=294246 194761 6155.29 188605
internal_count=294248 187842 4537 183305
is_linear=0
shrinkage=0.0362406


Tree=47
num_leaves=5
num_cat=0
split_feature=0 1 0 3
split_gain=706.339 69.5342 605.846 57.89
threshold=-3.498293280601501 0.81224998831748974 -0.14705098420381543 0.27077753841876989
decision_type=2 2 2 2
left_child=-1 2 -2 -3
right_child=1 3 -4 -5
leaf_value=0.069989112886399876 -0.019139972974810526 0.13264543473986562 -2.4765624129783785 -0.16996008008800637
leaf_weight=99485.042400538921 144390.3232421279 36462.499679982662 1581.8665851950645 12326.017386496067
leaf_count=106406 132206 43855 286 11495
internal_value=0.00113909 -0.000129683 -0.000525816 0.00105439
internal_weight=294246 194761 145972 48788.5
internal_count=294248 187842 132492 55350
is_linear=0
shrinkage=0.0362406


Tree=48
num_leaves=5
num_cat=0
split_feature=0 1 0 3
split_gain=705.196 66.8526 600.505 55.5339
threshold=-3.498293280601501 0.81224998831748974 -0.14705098420381543 0.27077753841876989
decision_type=2 2 2 2
left_child=-1 2 -2 -3
right_child=1 3 -4 -5
leaf_value=0.067452664685208913 -0.018446328663278801 0.12783828316347376 -2.3868102784180789 -0.16380062297196588
leaf_weight=99485.042400538921 144390.3232421279 36462.499679982662 1581.8665851950645 12326.017386496067
leaf_count=106406 132206 43855 286 11495
internal_value=0.0011411 -0.000126643 -0.000515067 0.00103437
internal_weight=294246 194761 145972 48788.5
internal_count=294248 187842 132492 55350
is_linear=0
shrinkage=0.0362406


Tree=49
num_leaves=5
num_cat=0
split_feature=0 2 0 3
split_gain=700.361 72.6862 529.193 43.5236
threshold=-3.498293280601501 0.5192500000000001 -0.4841026365756988 0.27077753841876989
decision_type=2 2 2 2
left_child=-1 2 -2 -3
right_child=1 3 -4 -5
leaf_value=0.065008138916122032 -0.015536049996215998 0.10140837401867094 -2.143756051853126 -0.1665052301168026
leaf_weight=99485.042400538921 130943.60086965561 48681.647524774075 3211.2838469743729 11924.174652397633
leaf_count=106406 117833 58036 498 11475
internal_value=0.00114963 -0.000113762 -0.00058458 0.00092752
internal_weight=294246 194761 134155 60605.8
internal_count=294248 187842 118331 69511
is_linear=0
shrinkage=0.0362406


Tree=50
num_leaves=8
num_cat=0
split_feature=3 2 3 3 1 3 3
split_gain=597.938 57.0916 240.854 45.7242 23.2133 2.37922 1.75951
threshold=0.001605421304702759 0.82425000000000004 0.025012734346091751 0.16299287974834445 0.03024999983608723 1.0000000180025095e-35 0.00079428977915085863
decision_type=2 2 2 2 2 2 2
left_child=4 2 -2 -3 6 -6 -1
right_child=1 3 -4 -5 5 -7 -8
leaf_value=0.062652204254052463 0.0212498185106802 0.13139744651345928 -0.49554309738128827 -0.063822180679152032 -0.35111897141085829 0.06838466956551037 0.097818182426567299
leaf_weight=89794.055330038071 119126.55408847332 30741.962070167065 26129.888935625553 16651.213448643684 107.95401346683502 9400.0530782341957 1555.3381416797638
leaf_count=101536 112802 37761 14128 17106 43 9433 1390
internal_value=0.00116273 -2.05378e-05 -0.000377174 0.00107136 0.00342343 0.00170806 0.00360135
internal_weight=293507 192650 145256 47393.2 100857 9508.01 91349.4
internal_count=294199 181797 126930 54867 112402 9476 102926
is_linear=0
shrinkage=0.0362406


Tree=51
num_leaves=5
num_cat=0
split_feature=0 2 0 3
split_gain=686.322 72.1328 240.476 56.3764
threshold=-3.498293280601501 0.03425000000000001 -1.4773143529891966 0.0058436982799321422
decision_type=2 2 2 2
left_child=-1 2 -2 -3
right_child=1 3 -4 -5
leaf_value=0.060381650103169385 -0.055848969907384152 0.057240731408639431 -1.4437356826251906 -0.036429012927749353
leaf_weight=99291.585465908051 5804.0531809926033 63975.217686414719 427.6017746925354 124008.56099832058
leaf_count=106641 4491 61018 45 122004
internal_value=0.00117252 -8.02453e-05 -0.00391603 4.66418e-05
internal_weight=293507 194215 6231.65 187984
internal_count=294199 187558 4536 183022
is_linear=0
shrinkage=0.0362406


Tree=52
num_leaves=5
num_cat=0
split_feature=0 1 0 3
split_gain=684.084 61.3719 401.507 61.1842
threshold=-3.498293280601501 0.062249999493360526 -2.6138827800750728 0.017555184662342075
decision_type=2 2 2 2
left_child=-1 2 -2 -3
right_child=1 3 -4 -5
leaf_value=0.058193382221595959 -0.034928557124394556 0.053712587260129376 -1.89182997109797 -0.061669833398423787
leaf_weight=99291.585465908051 28738.116014719009 90419.297832965851 1224.7892535328865 73833.23053920269
leaf_count=106641 23160 90963 282 73153
internal_value=0.00117652 -7.42e-05 -0.00158273 0.000200662
internal_weight=293507 194215 29962.9 164253
internal_count=294199 187558 23442 164116
is_linear=0
shrinkage=0.0362406


Tree=53
num_leaves=5
num_cat=0
split_feature=0 2 0 3
split_gain=673.853 62.0508 336.072 44.595
threshold=-3.498293280601501 0.61875000000000013 -0.40609037876129145 0.16299287974834445
decision_type=2 2 2 2
left_child=-1 2 -2 -3
right_child=1 3 -4 -5
leaf_value=0.056084418504670962 -0.011167496614212751 0.11177508597347018 -1.9571311694731823 -0.076907870054531896
leaf_weight=99291.585465908051 135627.06591385603 38452.03129452467 3141.1827651262283 16995.153666913509
leaf_count=106641 123104 46572 645 17237
internal_value=0.00119489 -4.64371e-05 -0.000456174 0.000978025
internal_weight=293507 194215 138768 55447.2
internal_count=294199 187558 123749 63809
is_linear=0
shrinkage=0.0362406


Tree=54
num_leaves=7
num_cat=0
split_feature=0 2 3 0 0 3
split_gain=663.979 78.9793 52.2974 36.4061 8.09563 9.48859
threshold=-3.3888024091720577 0.03425000000000001 0.0036539272405207161 -3.2901258468627925 -3.498293280601501 1.0000000180025095e-35
decision_type=2 2 2 2 2 2
left_child=4 3 -3 -2 -1 -6
right_child=1 2 -4 -5 5 -7
leaf_value=0.05405188492102761 -0.015472132418949158 0.071402917262519489 -0.022629207438776895 -0.35151235348832938 -0.045305202973352422 0.062791363224189573
leaf_weight=99291.585465908051 1596.6301919221878 37715.155522048473 149377.27601611614 2173.1067490577698 17.984079003334045 3335.2810822725296
leaf_count=106641 1354 37102 145304 1097 5 2696
internal_value=0.00121332 -5.04729e-05 5.38981e-05 -0.00524347 0.00356378 0.00177949
internal_weight=293507 190862 187092 3769.74 102645 3353.27
internal_count=294199 184857 182406 2451 109342 2701
is_linear=0
shrinkage=0.0362406


Tree=55
num_leaves=5
num_cat=0
split_feature=0 1 0 3
split_gain=680.137 57.5697 454.981 46.9341
threshold=-3.498293280601501 0.60925000905990612 -0.40609037876129145 0.16299287974834445
decision_type=2 2 2 2
left_child=-1 2 -2 -3
right_child=1 3 -4 -5
leaf_value=0.052093011595951332 -0.014911412889522765 0.10799458701932471 -2.1019853597284981 -0.093250076259331266
leaf_weight=99500.611440181732 135379.67446601391 39319.06248831749 1765.5749277472496 17974.030590236187
leaf_count=106348 122747 47068 311 17394
internal_value=0.00118655 -6.02336e-05 -0.000463548 0.000904243
internal_weight=293939 194438 137145 57293.1
internal_count=293868 187520 123058 64462
is_linear=0
shrinkage=0.0362406


Tree=56
num_leaves=5
num_cat=0
split_feature=0 2 0 3
split_gain=681.005 60.4112 387.667 37.7394
threshold=-3.498293280601501 0.47525000000000001 -0.71897807717323292 0.27077753841876989
decision_type=2 2 2 2
left_child=-1 2 -2 -3
right_child=1 3 -4 -5
leaf_value=0.050205129036679091 -0.009752458241325845 0.088749589852452987 -1.8320597763977362 -0.16528161706782618
leaf_weight=99500.611440181732 126825.80508804321 51362.834519386292 4034.0688688158989 12215.633996069431
leaf_count=106348 113741 61085 1086 11608
internal_value=0.001185 -6.25841e-05 -0.000508105 0.000853545
internal_weight=293939 194438 130860 63578.5
internal_count=293868 187520 114827 72693
is_linear=0
shrinkage=0.0362406


Tree=57
num_leaves=5
num_cat=0
split_feature=0 2 0 3
split_gain=676.971 56.4191 492.267 38.1768
threshold=-3.498293280601501 0.25125000000000003 -1.2828360795974729 0.094087217003107085
decision_type=2 2 2 2
left_child=-1 2 -2 -3
right_child=1 3 -4 -5
leaf_value=0.04838566449449614 -0.0071383326613625045 0.073325713767682571 -1.7684586539471954 -0.068187025628053746
leaf_weight=99500.611440181732 101725.97059237957 62064.452587306499 4506.1418793797493 26141.777413249016
leaf_count=106348 87239 73031 822 26428
internal_value=0.00119223 -5.16468e-05 -0.000614424 0.000625523
internal_weight=293939 194438 106232 88206.2
internal_count=293868 187520 88061 99459
is_linear=0
shrinkage=0.0362406


Tree=58
num_leaves=5
num_cat=0
split_feature=0 1 0 3
split_gain=669.755 51.1789 337.834 37.6602
threshold=-3.498293280601501 0.81224998831748974 -0.14705098420381543 0.20598043501377108
decision_type=2 2 2 2
left_child=-1 2 -2 -3
right_child=1 3 -4 -5
leaf_value=0.04663213845867261 -0.012593416642325623 0.11299306914949604 -1.9181234136870728 -0.091830329822363541
leaf_weight=99500.611440181732 143927.91307687759 33964.412168979645 1557.1953883767128 14988.821838080883
leaf_count=106348 131735 41116 285 14384
internal_value=0.00120523 -3.20009e-05 -0.000373333 0.000981286
internal_weight=293939 194438 145485 48953.2
internal_count=293868 187520 132020 55500
is_linear=0
shrinkage=0.0362406


Tree=59
num_leaves=8
num_cat=0
split_feature=3 2 3 3 1 3 3
split_gain=580.176 46.5267 168.493 24.298 20.594 2.50851 1.0142
threshold=0.001605421304702759 1.4455000000000002 0.041683901101350791 0.68794232606887828 0.03024999983608723 0.00079428977915085863 1.0000000180025095e-35
decision_type=2 2 2 2 2 2 2
left_child=4 2 -2 -3 5 -1 -6
right_child=1 3 -4 -5 6 -7 -8
leaf_value=0.044942161277462027 0.016927669972092621 0.13426599215319171 -0.59651126108349917 -0.16317353427950165 -0.042054390342713951 0.078833702921204549 0.050466878544574274
leaf_weight=90080.18204665184 135489.5432407856 28615.970743238926 22504.442487776279 6247.8206199407578 75.132754683494568 1546.8430995941162 9379.0189198255539
leaf_count=101357 130026 34588 11225 5797 37 1394 9444
internal_value=0.00120697 4.10462e-05 -0.000223084 0.00123955 0.00343094 0.00359771 0.00180866
internal_weight=293939 192858 157994 34863.8 101081 91627 9454.15
internal_count=293868 181636 141251 40385 112232 102751 9481
is_linear=0
shrinkage=0.0362406


Tree=60
num_leaves=7
num_cat=0
split_feature=1 3 2 3 1 3
split_gain=561.137 55.8934 121.305 16.5739 6.8483 3.00773
threshold=0.03024999983608723 0.0036539272405207161 0.17725000000000002 0.00079428977915085863 0.052249999716877944 0.016225347295403484
decision_type=2 2 2 2 2 2
left_child=3 4 -3 -1 -2 -5
right_child=1 2 -4 5 -6 -7
leaf_value=0.043313429901556795 0.032065663298244451 -0.18641071612863414 0.040285629862415351 0.072493156057988756 0.086558451950051921 0.16704053635287919
leaf_weight=89655.423233985901 12378.097721099854 53663.665301144123 100239.96285927296 5775.0737655162811 28571.855378091335 2913.715677022934
leaf_count=101218 11707 36045 110799 4535 28609 415
internal_value=0.00124456 0.000117922 -0.000198382 0.00347623 0.001308 0.00195099
internal_weight=293198 194854 153904 98344.2 40950 8688.79
internal_count=293328 187160 146844 106168 40316 4950
is_linear=0
shrinkage=0.0362406


end of trees

feature_importances:
price_std_7d=103
price_log=99
price_lag_3d=57
price_lag_1d=49

parameters:
[boosting: gbdt]
[objective: quantile]
[metric: quantile]
[tree_learner: serial]
[device_type: cpu]
[data_sample_strategy: bagging]
[data: ]
[valid: ]
[num_iterations: 1000]
[learning_rate: 0.0362406]
[num_leaves: 23]
[num_threads: -1]
[seed: 128]
[deterministic: 0]
[force_col_wise: 0]
[force_row_wise: 0]
[histogram_pool_size: -1]
[max_depth: 3]
[min_data_in_leaf: 5]
[min_sum_hessian_in_leaf: 0.001]
[bagging_fraction: 0.7]
[pos_bagging_fraction: 1]
[neg_bagging_fraction: 1]
[bagging_freq: 5]
[bagging_seed: 7259]
[bagging_by_query: 0]
[feature_fraction: 0.85]
[feature_fraction_bynode: 1]
[feature_fraction_seed: 2349]
[extra_trees: 0]
[extra_seed: 22898]
[early_stopping_round: 0]
[early_stopping_min_delta: 0]
[first_metric_only: 0]
[max_delta_step: 0]
[lambda_l1: 1.5]
[lambda_l2: 1]
[linear_lambda: 0]
[min_gain_to_split: 0.1]
[drop_rate: 0.1]
[max_drop: 50]
[skip_drop: 0.5]
[xgboost_dart_mode: 0]
[uniform_drop: 0]
[drop_seed: 14092]
[top_rate: 0.2]
[other_rate: 0.1]
[min_data_per_group: 100]
[max_cat_threshold: 32]
[cat_l2: 10]
[cat_smooth: 10]
[max_cat_to_onehot: 4]
[top_k: 20]
[monotone_constraints: ]
[monotone_constraints_method: basic]
[monotone_penalty: 0]
[feature_contri: ]
[forcedsplits_filename: ]
[refit_decay_rate: 0.9]
[cegb_tradeoff: 1]
[cegb_penalty_split: 0]
[cegb_penalty_feature_lazy: ]
[cegb_penalty_feature_coupled: ]
[path_smooth: 0]
[interaction_constraints: ]
[verbosity: -1]
[saved_feature_importance_type: 0]
[use_quantized_grad: 0]
[num_grad_quant_bins: 4]
[quant_train_renew_leaf: 0]
[stochastic_rounding: 1]
[linear_tree: 0]
[max_bin: 63]
[max_bin_by_feature: ]
[min_data_in_bin: 3]
[bin_construct_sample_cnt: 200000]
[data_random_seed: 456]
[is_enable_sparse: 1]
[enable_bundle: 1]
[use_missing: 1]
[zero_as_missing: 0]
[feature_pre_filter: 0]
[pre_partition: 0]
[two_round: 0]
[header: 0]
[label_column: ]
[weight_column: ]
[group_column: ]
[ignore_column: ]
[categorical_feature: ]
[forcedbins_filename: ]
[precise_float_parser: 0]
[parser_config_file: ]
[objective_seed: 18400]
[num_class: 1]
[is_unbalance: 0]
[scale_pos_weight: 1]
[sigmoid: 1]
[boost_from_average: 1]
[reg_sqrt: 0]
[alpha: 0.1]
[fair_c: 1]
[poisson_max_delta_step: 0.7]
[tweedie_variance_power: 1.5]
[lambdarank_truncation_level: 30]
[lambdarank_norm: 1]
[label_gain: ]
[lambdarank_position_bias_regularization: 0]
[eval_at: ]
[multi_error_top_k: 1]
[auc_mu_weights: ]
[num_machines: 1]
[local_listen_port: 12400]
[time_out: 120]
[machine_list_filename: ]
[machines: ]
[gpu_platform_id: -1]
[gpu_device_id: -1]
[gpu_use_dp: 0]
[num_gpu: 1]

end of parameters

pandas_categorical:[]
